9443
6964
5656
1715
1150
9849
192
9752
8136
8550
1431
828
6126
1626
6359
5869
7244
5068
6149
8244
2453
6992
8285
2463
7202
2082
4860
1687
375
2451
57
7321
3971
7825
2431
9394
5356
2721
3426
7838
7720
4301
1825
2802
3637
8124
8255
1611
5793
7336
3124
7445
9204
9193
7434
1257
5037
2869
7152
8591
9836
7701
2458
8041
5817
5637
5523
8393
4642
8222
3445
9630
2477
6959
8709
6283
7966
3976
9650
4570
831
3297
480
9731
4916
5969
563
7099
9916
8258
2241
8723
146
8726
3720
3695
1950
6558
8665
7777
3150
6461
3494
7691
4577
4844
4743
3451
8758
2372
1874
2332
1476
4438
4967
66
9726
1059
3662
9935
1549
5563
3777
7523
9918
8008
3936
3758
8592
9340
3078
3627
2136
7987
750
7390
819
6987
9055
3047
2293
5749
965
9644
3312
2093
1835
3735
7534
7002
2222
1060
3678
3749
7192
1465
2151
6802
1348
6595
6272
5151
2552
7656
1407
9689
8667
5062
1256
8002
4373
7599
3580
6395
7093
8152
1487
5
7370
6429
8155
6534
1983
3144
1141
3601
2387
3551
9462
9426
9149
8534
5054
7250
5263
4733
2788
9708
9078
8492
