6439
1184
912
4616
4892
4004
2038
2233
4934
5552
1226
2455
2927
3137
6911
8591
375
1944
3880
6391
810
9071
9118
7131
2425
3362
8885
7257
5993
5646
3615
9232
9114
9760
8172
8222
2665
4602
3991
9602
8979
9915
7095
7336
7180
5570
9019
718
8391
8933
2812
3666
9876
5517
9607
5645
8754
7977
8101
708
5547
5595
3235
2875
8560
2447
2482
7496
7819
778
8866
2660
333
363
8653
3175
6731
5119
9661
6316
2218
1291
4000
1719
850
5855
7153
9725
2805
5075
1673
3654
7467
4698
163
1907
4026
6200
5648
3813
8522
5650
3004
2761
3520
1860
1050
3764
1573
4180
2823
4421
7008
3250
954
7407
7236
3463
9362
3124
667
253
7390
1661
1940
7494
7054
5010
6614
1247
2284
8636
1941
2714
3212
4506
6187
129
6649
6306
8635
2466
6917
4560
3852
5153
6268
8626
8706
5175
8575
4738
8362
7048
9692
2826
7748
4916
3421
2235
7912
7279
9403
456
7895
3579
155
958
6504
8888
3625
8155
9080
5503
7508
4023
7031
5654
1025
6667
605
1054
2776
1140
3111
9873
3867
7698
9085
5389
4337
731
7507
796
1082
5529
9350
8003
7477
2663
3621
9258
8757
9673
7545
4029
2754
8569
9715
5091
6567
1959
9282
4086
5950
1969
8417
2983
5437
6251
3164
7053
6877
6215
1121
3732
9437
8310
3132
8623
1962
2424
8472
3187
6757
8130
2744
2607
6595
2855
6933
8202
8387
8160
7706
164
4627
9253
4765
8200
3997
576
1622
4056
8553
8087
3793
4852
6464
1343
171
7197
2483
6647
7915
4227
6245
4043
2457
8558
935
115
6966
8107
4340
4057
8378
9072
3252
645
7259
5235
2890
5199
3937
7347
1187
9617
880
742
6927
9762
4859
365
430
3160
9349
214
2355
1249
9486
9116
6869
4188
4285
2343
8317
5427
4511
9295
9433
9787
6027
5509
2022
1061
31
4202
801
5608
5601
6589
7072
4275
7970
7093
1297
9077
2885
3340
7822
7122
8609
2747
2280
1030
710
3445
7104
4687
9106
3934
9186
4114
9700
5554
9974
3206
3260
4213
5193
1053
7058
9267
4307
3795
1495
5313
8673
5778
6442
6208
7752
1034
3054
1938
9033
9593
9171
5124
3814
2541
3041
6773
1434
387
500
2735
7530
8219
4794
372
7946
6430
1134
8322
5145
9406
7453
9358
4246
9488
7067
2124
6199
6574
415
8163
6059
4748
9517
7892
9913
5545
2630
2056
85
8688
4047
7579
9533
7842
5154
1881
4278
9436
6255
9078
3952
7768
932
2104
408
989
6810
983
5674
4771
9240
9997
1487
9222
3154
973
1219
2172
5349
3665
6446
9330
6793
9941
2228
7007
8621
2029
8291
8586
6155
3583
9683
8738
2706
4768
2675
3460
9424
142
6350
1467
5140
1041
8409
2093
5380
628
4825
3348
8342
9718
1995
1047
6851
3984
4481
2851
6368
2796
7202
5051
4140
2941
2560
2209
9914
6760
3911
1605
7740
7583
7463
7394
2579
8807
4911
1185
3624
4113
8426
5504
5296
6580
361
763
7372
256
4968
9594
5789
4179
4829
1574
6181
5549
5729
9893
2296
8551
3068
8864
3086
3963
4437
5106
6984
1566
3123
677
2106
9656
5700
2326
7614
6938
7299
320
7392
6585
2944
2907
9401
7776
7195
7422
9678
240
5112
3244
8895
3470
6546
3483
5839
6543
534
3996
1438
984
3001
2985
2406
3220
6172
1604
8070
3313
979
5929
2217
3607
1697
2802
4304
2848
2269
9425
6176
470
9201
5848
9332
6450
8766
1425
5294
6894
1897
385
7468
1700
3570
2299
1919
3986
8941
3923
4594
8753
6631
4620
9305
2417
5021
3381
6852
7585
4410
8828
664
1866
6445
5627
6292
2869
5605
6279
7986
5534
5813
6397
8336
2224
753
7230
498
7969
6241
2894
7441
9924
6312
5337
1813
1022
8507
5519
1717
4251
9430
5533
6928
4163
4507
8836
3603
2385
9736
1431
6287
2444
7075
9559
3423
9481
9129
2146
1758
4788
5481
6478
695
9920
6777
218
6329
1349
1675
2120
1797
168
5898
6582
6711
7033
7546
3845
6963
368
8204
7809
6160
7790
9512
3303
4266
860
9203
3929
7601
537
1818
6104
7289
9742
2493
526
8918
6030
6522
2025
6175
9236
811
3045
5102
9899
3197
9588
4478
1437
8034
7184
7702
5484
3908
6444
6756
3513
3222
1212
2716
8659
1714
8837
13
5098
8928
4206
379
1179
7866
5828
6730
3672
413
683
5723
3499
2495
3902
7120
4559
1603
8485
9659
8684
9338
5817
3928
5887
5320
1147
1846
9005
9777
4534
8800
1591
554
8175
743
77
6705
6451
7173
1935
2376
2934
5443
7025
2408
1703
4365
4306
8100
3471
2101
2972
5667
1769
281
9855
2078
8274
7753
6304
9690
8937
2325
2481
5223
5905
9953
735
1542
723
3517
219
7954
2738
9373
8468
1221
6844
7760
5615
3203
6337
467
3060
3379
4501
9935
7581
6896
2620
9866
8482
5428
2177
5666
6615
4225
1455
9421
4886
847
1468
9176
2957
8827
1206
1261
2159
8808
4665
3255
9654
2458
6380
3869
98
2732
5087
2368
3293
4077
8508
7640
8399
3751
4282
6584
6055
4740
3138
7563
2789
1511
2853
1426
7014
6685
4642
7015
7318
1268
1413
8846
4235
3270
448
5530
316
4900
6495
4817
6270
9524
249
3029
4619
9429
7309
9317
5992
2825
4308
4612
8320
6531
3264
3782
1314
7370
5245
3564
5259
7890
3591
4419
5607
4684
6249
5299
5518
2508
5348
8689
3411
7152
2448
1181
79
6282
5036
3791
3228
5670
5079
2751
9356
3987
1992
7894
9775
8371
5726
6770
5152
5303
4697
2924
1154
5749
441
5138
1188
7448
8388
8780
713
3656
184
8453
6946
321
9228
1582
1806
7955
5073
2694
5760
9377
9785
3238
3223
4118
621
8043
6783
1497
8418
3759
1150
4849
8541
4541
8334
2491
6598
7063
7423
9234
838
2552
1266
3566
5782
7596
4432
5724
3863
3797
6841
6435
7276
4042
1885
7758
8637
9930
4633
5372
2007
9098
1702
307
7846
