7951
5033
9319
5686
895
6382
6060
5098
7
9823
385
242
448
2336
6074
5031
1168
7088
9733
6230
8854
1901
7327
6285
3998
1753
8898
7532
4059
8688
2890
9465
9069
1350
6455
3165
430
9307
8973
5269
3414
5533
8063
4686
7132
7907
4072
866
3471
250
6938
6278
8198
9346
5761
683
7027
8894
6781
3831
7909
3534
3155
6360
757
7770
475
1711
8064
3485
5822
7680
271
9296
235
4086
8187
9902
4414
4055
4906
2085
5313
270
4384
8178
487
1158
6363
1401
516
5933
3923
7281
7551
8709
6953
3395
4366
4540
8392
8010
5097
7527
1164
8522
3527
8987
592
3838
65
5784
4429
8297
6293
7789
195
2735
7841
862
3435
6914
76
689
7585
7458
8942
6349
1592
5882
7399
856
5338
1754
8795
2158
2749
6028
320
9132
4756
8888
8459
3433
3115
73
2501
2272
6410
7394
1430
3893
8930
8574
9614
9629
7644
1869
7512
5696
8126
772
1395
7273
9988
2617
1473
6759
2812
3000
7559
7480
1480
166
655
4120
5546
9536
2670
9294
2543
7366
990
2241
8790
7340
4382
9819
1051
1425
197
4583
5251
8521
1452
5042
645
4579
3890
8217
3038
4888
7294
7882
6836
5484
7648
214
724
4543
5512
9332
9695
9315
1100
6715
7932
3448
7922
8860
8672
7544
9354
2519
4329
5832
3683
7170
3047
7247
384
4891
8409
9824
1701
8656
4953
561
7324
7696
5096
8180
885
2942
1260
112
8596
8969
7332
2124
1411
4245
2139
5954
9752
9000
3606
2761
4918
2915
8712
9367
7762
2937
77
2296
2680
9454
4871
34
2335
8630
7876
3873
5702
4289
6487
4140
6219
648
4045
9776
2236
1899
9221
7183
719
8998
8067
5852
8627
230
3028
9451
7300
7509
6403
3771
1778
7868
605
3617
4171
329
2092
929
4877
1433
1662
7617
3075
797
5853
4061
874
526
354
3229
8586
9550
4688
1657
7149
8939
5652
5212
8606
7700
7184
1620
7671
4507
9251
5025
1752
9058
3402
2615
6142
4044
4481
5909
1095
22
7991
6608
3376
5456
6804
6588
5260
8779
2457
3496
4928
7267
2265
5545
2323
372
3491
3787
2297
53
5226
1239
4565
198
2904
9246
2511
5528
5968
5940
5762
8348
8357
1764
7787
9487
3055
4862
4612
5903
3822
4472
7129
8253
2117
9702
345
6132
1866
1549
482
3324
5342
105
7459
9217
437
6301
5066
3578
3389
9127
4490
4784
99
7237
1342
9726
1073
9489
4445
5060
6906
6444
4708
2162
8675
1991
7524
7376
1177
9682
3872
4779
9827
9980
172
9679
1173
6344
7590
5716
66
8637
9770
9017
9677
6445
4282
5058
2526
8588
2505
5216
2195
8583
2300
8172
1477
4568
6817
5540
5046
6446
3344
8369
3457
8721
1950
8947
6839
435
1668
1116
2276
5129
8317
8901
2845
1681
6923
3972
4615
9054
2068
6119
1736
8982
5563
6012
983
1422
2928
7565
4695
97
5646
4636
7910
2431
4988
6391
3744
6483
2742
9148
2311
2172
2327
7471
6423
5355
5511
7704
8326
3705
2100
8050
39
6512
5386
7384
3939
4628
2700
7574
9260
7938
7766
4922
9717
9524
2844
1933
8891
16
3346
3645
3902
5422
6507
8754
8141
8561
180
8867
3576
6485
7345
8374
1631
7072
3136
3178
6178
4102
1936
5144
8990
1588
9588
4939
2963
9308
8838
5831
1062
1500
1902
5808
4004
7654
4374
249
440
996
2776
1647
6099
6341
6369
7227
6130
6677
1739
8455
1465
143
9209
1816
1744
4828
9178
9609
7967
4241
3857
6088
5085
631
1907
6912
4512
2644
2711
4774
2515
9279
5859
8948
4523
4706
1098
5266
2475
3299
9805
1064
3572
4843
938
9693
6797
7949
1844
4215
241
5532
6659
1137
1082
7314
1330
401
1615
1364
9769
5617
3792
1614
2227
9718
3616
1282
3715
4787
9269
6289
9427
6245
6858
6013
4112
3607
9851
646
7860
7286
9720
9326
3334
1031
4121
8641
3022
5267
4441
5524
8918
4511
1194
2383
1231
8044
7168
3564
8784
3560
9023
1789
7470
7528
9918
5571
1639
3810
8340
8798
6714
6295
7963
3359
1893
4776
7900
382
4191
9461
1712
8464
4420
477
1878
8431
4662
7293
9765
2692
2110
25
4293
5884
4584
15
1281
2933
764
9395
9813
766
460
3818
550
889
5406
5149
4185
6354
3248
811
8453
5994
4770
1339
5794
6164
5230
400
9689
6182
441
9400
626
7735
9218
2316
1968
7272
5660
7978
7456
3497
3293
5425
5121
4942
6115
1297
6945
3892
7821
7263
7167
5284
796
4246
450
2793
2593
1494
514
8555
868
8958
4328
5973
754
1713
8587
254
8668
9037
7851
3770
5291
6794
8229
7092
409
742
9270
2099
1090
8906
6163
4111
1665
8836
7709
7159
9056
5952
2326
7979
2226
6732
4385
6499
8076
7147
9424
2549
1139
7206
9585
5062
9842
8955
8268
4803
4378
1658
9273
24
9213
7093
63
8686
2209
2925
5694
5221
3937
6147
9103
8177
2513
8530
52
7011
4125
5424
4134
9129
3856
7859
8046
7639
1510
7689
2585
138
8223
1564
5871
2649
8963
5944
2832
1982
2208
3058
5622
9546
7204
5372
8282
1099
8182
2328
8683
9962
9199
4308
137
9391
2344
4412
9383
1622
7685
976
4819
6809
7937
6742
753
2472
5175
1050
2579
669
8742
8212
6141
7540
5558
262
2573
1466
5397
3933
7175
275
8502
7892
3712
7842
1917
9507
3581
7728
2840
8192
9106
5403
1521
9284
9253
8928
6842
3763
3227
3720
3396
7633
7139
6361
9796
2854
3592
3467
443
5286
7418
3105
8345
6832
7628
4697
147
236
9649
3230
1320
4480
7812
8102
8300
3002
608
7952
9840
1449
3065
4477
5837
9838
4122
6565
361
2566
2558
4908
5206
1843
3625
7029
4714
9267
6275
8482
7646
7452
9014
6528
1790
8663
6721
3054
2012
1865
1943
2149
9342
1723
129
844
4002
8289
3040
1830
6014
6926
621
1775
29
3798
8203
2653
3554
6472
8301
9956
1438
6763
9545
4760
560
8173
499
6533
426
2222
6208
8873
3116
4892
54
3783
7019
9735
3583
8170
2470
12
5441
6556
2230
7947
4592
4463
4222
606
3825
9801
1961
8372
1472
8042
6826
1978
7113
5108
1379
7411
1809
6161
5361
2570
7025
8763
5946
8280
156
624
716
9496
5074
5064
8358
3702
3978
1756
935
2137
4641
2251
455
9277
8436
9100
7975
1353
3855
7036
5119
160
9387
9645
7569
5343
8623
5351
1127
2280
4027
5305
4748
8230
3278
5281
4520
2019
688
2190
1545
6857
4750
2859
9656
114
9479
8183
610
2293
418
7408
9844
8549
7903
1993
780
6253
7811
8292
6037
6113
1080
8122
9318
9123
1407
5255
7721
7516
2642
8137
3053
3525
5587
7110
8473
5053
6594
8681
6135
7848
9914
4886
8215
7793
6746
2306
7234
6613
4576
6650
1490
9643
999
9208
1166
7223
2436
9657
6766
2986
3990
4897
5950
1455
8167
6100
1995
4304
5419
3216
7920
8263
2013
8804
2179
9547
6739
9062
2287
7144
3949
8353
4580
9921
6722
6540
7779
46
9171
5112
8249
5581
6384
4710
7278
2618
244
8788
4913
2510
6430
6454
4170
4194
7583
8399
7130
3727
4609
7326
2818
5426
417
7446
896
1001
5358
363
7982
8984
5880
530
3063
3657
5468
6064
6744
1818
5428
5815
8380
8094
5279
1643
8493
1923
1881
7232
9595
7888
7772
8231
8924
2932
9481
9102
7051
5460
313
4549
1928
2546
6724
9611
8075
6019
3099
502
231
1226
7121
1312
177
3121
6169
6803
115
5190
9473
6606
7192
7082
4920
6440
5346
2650
4379
5223
8915
9760
9889
8876
4174
4957
9787
1799
5166
1929
5390
3033
4334
3180
902
1248
2048
1094
40
9817
3670
8139
6861
7429
3191
3153
633
3575
4731
5124
2599
7201
9602
3512
9256
4649
8171
9449
6751
9832
2623
1206
8407
793
4961
3306
7613
4388
7502
1205
5229
7586
3653
1423
1295
7677
6189
4396
359
7301
6205
1078
6334
2874
5035
584
6605
8537
5030
8443
6629
1471
9704
4990
4129
9633
1129
4617
7485
6459
9397
3390
1572
4353
8752
1374
501
7196
8517
4869
1737
5574
4173
3135
3487
2981
305
6051
7715
2897
2616
947
6138
1220
3185
5073
7160
9180
8505
6279
7664
8513
1770
1628
7123
612
8772
7913
5510
5378
8516
2039
7856
4067
256
8868
7087
9386
5360
3809
6807
9303
3915
6040
4986
599
7203
8022
9420
1088
2536
6452
4428
8474
7785
2178
2025
4151
2703
3447
6336
6358
1793
8967
5396
8244
3703
9900
3566
4618
9700
8697
969
3023
4157
8219
9982
687
8753
3921
9327
1650
6429
4475
4128
6737
7974
8377
3196
4644
3328
3626
2756
3008
9648
1610
7706
562
1093
7808
1089
5636
4380
1289
8007
5734
4711
7707
7941
11
7254
7435
5380
2822
2534
847
9715
9642
8138
3879
6438
9419
7846
6731
6888
1963
108
5107
5271
9024
4395
2938
6096
478
6185
6061
6223
7148
1762
6712
3975
7136
9182
3482
3776
5860
2044
1128
1296
4251
4335
9097
7330
545
7076
1925
7479
1876
8568
5115
7460
9664
7318
7142
2074
1087
9372
4980
3060
4645
7541
6021
6856
6151
436
4225
171
8956
9742
6236
5905
7776
7521
6665
5462
3250
9301
2866
4101
7621
3393
8897
5076
7231
8510
2269
7390
6017
3883
1695
9349
8762
4025
5889
3830
9995
1271
6127
7536
4105
9222
5311
2951
1749
672
4284
891
3137
3957
2267
8611
194
9431
4883
2219
6203
3651
5328
4368
7285
4889
6395
4217
2161
9644
9364
2438
419
2286
6015
9963
8962
814
4377
2969
7662
217
7361
531
7002
1170
1707
5865
397
1022
6202
5329
5554
4740
461
3303
4859
6367
4791
815
3314
1136
1026
247
9513
5088
5264
8570
8764
5758
2542
4476
1822
9725
3628
7102
8786
8309
7563
773
9533
4590
3170
5910
471
3246
2607
7757
5601
4116
8310
3269
2626
3090
1265
4595
2063
5752
4653
1526
2677
80
6508
5887
9804
2966
6758
3946
4845
9671
1003
4318
9590
8216
5977
4467
488
3729
1861
5015
8413
5618
6416
6810
9610
1791
7128
2087
282
2611
465
5461
239
1101
1642
8343
1728
9859
6171
2258
5276
2461
9159
131
4560
6706
6042
4460
2081
4200
9506
6813
4529
5195
51
5974
8433
206
5747
8714
821
5807
8952
3821
9466
4539
9150
1504
6623
982
8782
2530
1897
1201
1025
2504
4998
9539
1373
2452
949
8402
4550
3958
549
3697
9458
3577
346
9996
7182
9358
1313
5105
7542
1023
9560
6894
7737
3507
4746
5941
353
5027
4478
8185
8439
5188
8024
2569
2015
9323
9865
1965
3362
3031
7022
5091
6851
5483
8440
5331
8900
4627
2114
1187
595
9944
1609
7619
3684
5192
4131
2632
2462
9608
7906
8161
6773
3586
5453
3812
6865
5790
7296
9124
8671
684
9089
9313
8062
5298
7083
4811
9154
850
8995
2400
2998
7714
5393
7546
1860
7315
7381
6754
2603
9290
8680
8839
9011
5070
1949
954
6325
6632
1252
9013
3549
1624
8376
3464
6683
2531
2464
4724
3079
8082
3348
7810
5146
9915
909
9886
7605
1937
5304
8660
5846
3632
323
9662
9974
4496
3486
8452
4011
4230
3190
529
6653
9567
55
2895
3368
9468
568
8408
698
9906
5772
5371
5559
5735
5099
6031
9403
3260
5164
5814
4184
8566
9138
2159
3431
1607
4248
8136
1365
6092
1594
1666
3868
4654
5297
6622
3021
5945
6488
5012
2787
5356
7339
1412
2923
8088
1126
9139
6867
3073
6783
2397
7548
4097
9504
7674
9698
1507
1768
1071
4437
8748
8743
9598
7397
106
9532
6427
3814
9158
505
7365
9959
8016
6637
7959
251
7857
7969
8665
964
1932
5391
7915
3291
4386
7482
4764
1299
9990
6356
9076
1314
932
2043
6067
604
690
2764
442
3784
4165
6398
340
7476
2930
6094
4127
2980
1258
1544
5645
7156
7284
1898
6373
3167
7862
5690
9186
1040
3870
1368
6364
1343
