407
8945
4454
3913
5348
8166
7782
3551
5080
5101
7987
9789
9805
4488
4884
4254
4442
7072
8256
7355
5838
9444
8597
4567
9454
5376
6997
534
1715
1118
2067
4749
4313
3431
5322
8121
1525
8218
5282
8697
4129
9581
3990
1953
2742
7556
3765
9102
689
7479
9389
5090
6674
5959
88
634
8538
2433
8300
1085
3137
8963
5243
1981
6216
5783
4914
6889
3888
1437
5817
1936
4291
6609
8593
645
5879
1856
6767
8338
4676
9902
535
9228
6837
3163
9403
8420
9503
5152
7393
4274
7005
2199
6549
3989
3027
8448
1090
6778
7910
4898
9212
1344
6900
8665
8211
1791
2569
9393
1684
6430
5816
7165
7181
1973
2693
9783
4433
1706
1821
5565
4075
6181
895
4040
1544
8677
9247
9945
8231
9976
130
4849
8334
5815
8380
2949
8029
3562
6353
7266
5433
3715
6902
2974
2627
3783
1162
4671
8272
7437
3855
4280
1060
4639
2878
370
9047
16
6757
482
2721
1863
605
3944
5202
5925
2564
1124
764
2895
6809
7916
2699
2925
6619
9982
8077
6270
2026
6081
7922
3647
9101
9237
6273
1206
4236
1763
4469
5863
3984
6204
7505
2230
6014
3363
4009
5898
6205
933
2173
8627
9352
2468
2690
2619
3469
9709
7373
4351
1427
8133
615
3194
1096
6291
41
1080
6175
8396
2360
9546
4774
7036
2631
4964
1878
5893
2123
5938
647
413
1177
628
5994
5579
1554
6976
8239
1991
3041
273
7196
5528
5235
6694
8427
2260
642
9557
8249
7021
8414
817
1931
3662
827
2319
303
5696
6361
6359
5614
7387
9653
3942
2169
5092
7446
1166
401
508
3541
2539
4074
9178
3279
2741
8571
724
8369
9825
7929
586
2062
2614
3630
8381
1817
2548
5678
8546
9240
8630
2415
8118
1055
6222
6606
5903
3367
7658
3962
5865
8270
7014
3886
1569
862
4428
9847
2160
2645
3915
706
5462
5550
4387
7245
9914
7931
342
9339
7123
2679
5718
2074
5819
5452
8658
5494
4551
2216
3173
1501
247
7736
7943
7979
2553
6046
6603
8842
6651
7001
9531
1998
5013
314
698
3201
5165
2028
2594
8519
205
8200
2628
2039
3574
9779
7116
3901
1752
4540
7281
4778
3117
1966
5794
8145
9419
4585
1000
6772
3654
340
2172
8616
3858
1504
1145
4098
7253
7993
3091
3683
5850
4250
6766
1375
744
8227
2525
8082
2746
6368
5057
2849
4122
5598
3154
1070
1389
3661
5386
1689
8009
3545
497
2942
9704
1424
5377
7138
3039
9640
2909
474
3311
8696
9136
7126
7649
9182
3585
3614
5597
5034
7348
3276
6272
5548
3178
5733
4588
6824
378
2799
9450
3232
5306
6496
636
200
7186
5046
6135
9860
6437
9165
1200
5647
349
1148
6459
7531
9520
4410
1678
84
421
2667
319
2523
4472
329
3181
6442
7287
4592
393
9390
2736
5966
5621
9841
5016
135
2120
7899
6303
1940
9416
1605
6690
4980
277
3142
2883
7335
1278
5059
7347
3328
844
937
509
3692
2515
5350
8670
7289
4303
3575
7693
6251
7977
6433
4953
8491
2478
2015
6203
3756
9427
3525
867
7203
1335
8302
6656
2445
6781
6250
4286
1604
3498
3243
7984
7273
2967
8684
5918
3750
5508
3871
4246
7120
1105
5237
3455
1010
8818
3593
8508
2892
9145
9360
5222
7690
6853
4237
2853
2425
7836
3706
6104
7607
8599
9385
8950
2134
8717
347
723
3013
1420
667
1338
5242
8811
6318
8162
2017
4971
2757
6756
3271
9382
2311
5366
1114
432
965
1155
6475
3139
1432
9328
1757
5480
3813
5981
5218
6787
2749
3712
4985
1313
4355
1495
3289
5866
4928
5260
6675
8441
1470
309
357
7127
9623
5422
4870
2065
4716
3179
717
2052
6507
6288
6944
174
5889
6668
8168
8752
5902
4073
7423
6752
8865
2567
7691
9685
8492
915
9447
7276
2684
1713
4219
3305
6637
5972
5098
2343
8115
5343
4052
6128
6080
3555
5976
7882
6985
7455
9093
4382
4992
2601
6090
5193
712
458
1671
4795
3696
1142
5723
979
2997
3639
2566
5155
1590
5897
3740
8740
3423
4216
7619
9186
2831
8702
6334
1300
287
4857
6947
5158
7843
2020
7210
8691
429
7452
9412
7579
2977
6491
2854
588
5630
1831
3165
5358
4300
224
1181
4921
3286
9742
602
7208
1575
4593
2812
680
4607
2658
8643
2201
6659
6289
8339
99
547
9650
8526
4419
7757
1551
9620
7576
3957
2609
6309
1141
2431
4742
2186
5627
5773
3850
8096
4653
6238
3474
8090
8619
108
182
5667
2193
6943
3531
1951
8964
9251
8180
7714
1268
6152
7650
6225
4160
8970
4077
1336
3183
8972
5493
5000
505
8047
8314
5030
9904
179
3770
9680
4944
580
3238
9607
3073
8417
9986
1393
4633
1697
6570
2185
935
2840
608
8704
5581
1299
6568
9147
6034
9770
3479
6624
923
1147
1749
7978
1439
6620
9433
4233
8307
3648
3929
3828
6252
6464
537
3928
5008
4547
5467
9995
91
5526
1288
3604
7060
3597
7504
8919
2705
8151
6551
4011
8487
56
961
2674
40
9329
2161
4534
2608
8721
5188
4272
4538
1128
3079
1746
5503
9751
4619
1613
4863
4708
4719
2079
5704
870
8928
2958
9690
2795
1182
892
1078
6931
571
3010
7431
7773
8856
2914
1784
7045
5931
5624
8296
9942
9319
6201
7502
9121
4087
4840
6564
8933
1665
4385
8244
1801
3798
7695
3676
8682
6066
6436
6519
7214
9127
5455
8799
4617
9415
1450
6595
8195
6145
6351
2916
1917
1686
7434
8567
6737
2574
6831
6885
1640
639
8478
3296
4267
1974
2905
7781
5821
7053
1315
657
3333
2187
8832
3618
3326
3192
1760
5141
9949
7952
9732
7816
2837
6542
6197
9822
7204
7716
6087
9835
8586
792
4947
2078
2939
1314
374
8259
8489
1924
7193
5317
5880
3754
1013
6671
7845
6075
1589
4612
2111
8561
3255
2131
5682
3609
448
8885
1451
8649
6224
286
1779
9611
7893
431
7219
6754
3260
3796
9053
4085
