4146
6759
3776
2878
5030
1302
8827
8897
6018
3395
530
7832
3780
2179
8812
9068
5003
1920
726
730
7310
9225
6176
8945
4578
3473
3931
5705
3752
2045
3033
9328
6981
5077
2472
315
3895
230
7519
8346
7840
2591
5129
4405
9010
9823
845
8035
7914
650
9697
6628
1173
2324
9718
7044
5899
3310
2241
5984
9234
4859
8717
5121
6210
6404
451
186
8075
4749
9083
1018
4717
8818
9129
9051
6001
7305
8216
7597
3083
3405
668
8058
9291
3945
7942
4960
4720
4358
6218
5358
2171
7389
2525
9684
9520
7320
2056
5389
3758
3523
9850
9431
4963
359
3440
1866
6751
3055
3539
6002
875
6092
5489
5265
1655
9104
4995
9308
4541
7116
4697
327
9084
6215
6860
9187
5516
5537
3415
5402
6577
7198
228
5782
239
57
4703
9846
2301
9
8073
97
439
415
232
6723
7314
5956
9478
692
7837
5007
9762
5080
5256
6902
4838
3128
7287
5411
5341
4811
6358
1916
4824
9375
4083
9604
344
4988
9511
763
2059
683
2565
1646
2445
1216
6269
9814
8872
792
4758
3901
9079
9564
4394
4996
4534
5420
3944
6970
2752
87
2215
3054
360
7803
