876
522
8347
6791
8138
9253
4685
790
403
8829
8504
490
7136
2547
6935
6745
753
7042
3528
586
4042
5300
7500
2563
5617
3356
7005
8691
2852
207
1477
4901
2600
9180
2913
5268
4599
456
5058
1085
3190
654
6675
6684
3339
2829
956
929
116
4998
8965
1744
7180
3938
5778
1357
8696
2420
3819
8961
1325
4922
1250
2162
4665
2234
5973
7181
5729
9933
6297
9330
750
2084
6748
3424
6635
7323
3306
9207
4503
7318
8234
6333
6571
7473
8963
2722
4379
3393
8375
9355
4104
8657
2871
1503
5443
5044
6077
1616
7091
5194
1158
8737
3491
8906
3693
7882
7255
6632
7199
6911
8979
7636
2379
9199
554
7264
1270
1823
7873
5545
7819
1392
7031
4951
6419
5077
8147
1861
2521
8254
7265
7443
7642
4295
9947
8423
8706
4245
5438
6247
639
9579
8289
5485
3681
3941
7874
6403
4052
4709
5840
3345
4529
3413
1123
11
1327
4908
7621
9306
1589
4557
3995
4234
425
7074
8016
1733
9839
2866
3096
7196
6865
3722
9689
5350
188
7540
6686
3950
4657
6704
3459
4772
8806
5315
865
8190
1103
7927
4621
8472
184
2290
5586
2649
284
6603
