5227
4373
6348
47
6519
2748
667
5875
6699
3348
3070
7673
9762
69
3247
3206
6052
2870
2866
6888
8471
9042
971
787
4196
9719
8597
9026
2833
2814
5938
8536
3098
5783
6338
6909
3426
4307
1039
9117
2112
5821
2896
276
5268
745
2745
1638
2986
8899
7313
8888
7665
913
6758
5992
9805
1849
8559
7854
499
3346
1944
7106
5431
2503
5504
6550
6304
198
5528
6460
9853
5962
1061
590
5686
1820
8819
4559
3023
1396
7315
3103
162
8285
9748
717
9321
809
7674
4171
2373
7910
8087
7630
1716
2601
3228
1695
6635
3367
6821
4212
8048
3388
2971
2887
3541
7382
2791
5953
417
8850
6781
4777
8322
8257
3740
289
5919
60
2346
19
7649
7631
1789
9626
5277
5421
2090
9093
5867
6948
7563
7384
102
1912
6591
8709
8859
2330
1891
1764
3308
5036
2680
4874
2075
1801
5234
7597
5363
7150
4686
8448
6045
1760
4983
1859
2899
4135
3857
9288
6990
2615
4959
8555
6018
3602
4070
9455
4696
7071
8864
2885
1237
2548
2488
6649
7402
8895
4654
805
4713
8889
6156
8255
3612
9475
7067
9208
2728
7398
2420
1644
7977
5912
2803
5740
4066
4293
2740
7255
7022
1607
5032
3672
5414
7139
4084
5608
8291
2109
1688
7253
8849
1420
1412
6905
6822
2094
3980
2944
2060
28
4774
9871
1781
3310
6228
4847
5977
164
658
8311
8104
6637
1736
6828
6096
1836
3391
8024
9120
9114
3756
2801
834
1033
1563
1321
6879
9745
2983
7281
7365
4733
1901
203
1927
8090
6656
6897
654
4190
4261
9479
1992
3455
3693
4982
4275
8081
8767
5774
7715
2709
7007
5907
9735
1972
3155
3631
732
4579
260
7210
404
129
9775
7138
4143
5466
2129
7616
7032
6404
7031
1221
4838
2086
2201
9970
8231
5396
6929
8733
5371
1593
226
5071
2970
1210
6276
6736
5883
594
1818
9901
8393
5872
9092
3843
9592
9281
1108
9764
1872
4548
1910
5211
2469
1120
4699
119
7527
1775
8060
772
6958
4840
5440
4027
4748
6201
3124
1851
8521
5075
1268
7378
1954
842
9683
5996
7501
5787
6123
8333
1657
4419
4892
1532
8702
7992
789
3505
7046
1191
6321
3700
6881
1019
1022
3005
9365
7724
3661
7852
2574
8326
6960
4770
1774
5403
5473
7442
650
1646
7689
7435
1308
4605
8239
4996
391
1353
2386
8655
7691
1227
1765
1284
8214
2555
605
6362
4797
4890
7493
2391
6951
8695
2631
2972
8618
3002
4370
9458
684
5254
7500
1916
6748
819
4493
1166
1287
8953
8262
7815
6753
6692
9248
4841
8607
9721
7070
24
2755
8979
6854
7062
55
155
2897
2725
6949
8328
7252
6743
214
3101
3782
1346
9759
3254
367
1604
6860
5366
6877
6019
6741
37
1392
5834
7420
4851
9582
2904
5721
9562
2173
4850
6164
3022
5229
5804
3679
8373
1873
242
2636
4765
8481
3118
8616
4337
587
894
6403
7961
8288
7390
8506
3364
5994
6441
