4668
225
8654
229
3669
8205
5744
2764
3882
3331
5498
2217
87
6378
4157
2935
4670
1071
3591
3594
7368
3509
6094
5051
6011
1462
1510
2808
2106
461
7548
4025
5255
8533
5519
2139
231
8787
5535
6276
757
6941
5530
7940
6482
5945
6428
6686
2950
317
5532
4253
991
8232
5296
7704
7511
4177
1612
7165
3990
886
2919
8333
9460
6663
2366
5605
2548
1134
3027
2687
1458
9577
8363
1175
9172
861
63
5591
4102
721
4711
1241
6522
7650
558
9762
3866
1706
2792
3971
1850
823
8705
762
2844
8266
7115
1346
824
3587
1820
9550
8635
9335
6485
358
1864
1021
6277
9509
2800
7086
6206
1980
8947
1374
6017
1905
1718
6925
3532
3644
680
9265
9658
1183
1157
3325
2297
1886
8359
4845
4553
7874
3209
4453
2108
4850
9764
7247
5098
3450
3517
2892
3937
175
2540
1532
9077
7951
6310
6469
1537
9148
6995
9394
643
1067
4847
8914
1226
4590
3329
7270
5294
8446
2841
7994
9408
781
7324
9866
7712
3469
2349
4344
4042
7490
7746
1765
220
3185
4235
7718
1103
6470
2240
9560
6531
6544
3273
6674
1142
803
1557
1442
9160
8079
500
8389
5261
9744
7046
4681
5366
3838
3222
8720
1777
3598
5969
110
4088
5359
6607
8724
675
8888
2951
447
8808
6010
7384
690
4129
9071
8964
539
1092
4156
8656
6777
2930
9323
7760
582
4336
4749
3684
4354
4761
4416
9729
9567
6151
6323
7004
1826
8749
7618
3822
622
3310
2719
1546
4933
7925
4448
1556
5110
8770
2248
8873
9363
7702
9179
3632
58
8684
6372
1760
9414
2330
7974
5804
2061
2449
647
9321
1876
800
1015
4935
3036
8785
4872
918
4703
2762
5947
400
7662
3848
5849
5035
7218
5640
2645
7113
1929
725
9894
3296
7937
5667
422
1202
1639
8759
6752
5259
8670
1252
5866
5329
3560
8900
4789
9569
3907
6235
2066
1655
2901
5130
7628
2827
7124
4192
9459
8290
2299
5169
9301
8826
3112
3865
4747
880
2415
6188
4414
2932
8552
3205
8317
7613
2137
9461
4961
9538
4976
391
5581
2068
7387
4582
1503
2837
653
8526
7161
6568
8935
2149
547
9693
5011
7935
6406
5369
3966
9677
4987
5575
9440
2033
270
4615
3975
852
1673
6199
9991
3878
4457
3292
3959
1981
6313
260
8584
8718
8542
5922
6319
1590
264
3497
8836
2962
9891
7835
9419
108
8039
130
9688
3026
81
5462
7688
1195
3409
9236
5509
986
1786
856
2693
6638
9565
1767
7427
5111
8797
2071
4947
9497
1130
6118
1509
9930
5240
3551
4345
6117
9938
7721
8051
8820
3986
8728
8819
6709
6281
5700
3610
3663
2665
5199
9999
5734
2505
1310
7447
4810
9012
6946
5297
4250
251
1453
4927
9347
8337
2221
4112
6487
8741
1505
2013
9722
7224
6743
7645
2790
9052
9944
3410
2469
9998
9045
4323
6847
4955
2724
8955
3796
9257
9929
7385
4428
9972
8132
2309
590
9783
1633
7019
4750
6228
7443
5913
106
1290
3887
1018
7349
9706
3747
3440
9
2736
2549
3464
6963
4713
1190
8853
3808
7518
3805
3715
870
5216
4509
4975
2213
1044
436
3418
9639
300
4513
9644
9342
9356
2389
4981
6217
2122
6691
9828
651
4517
1785
1180
7522
4571
4725
5986
2735
8913
6829
4797
7865
8534
625
1944
4351
9390
9500
6259
1560
788
604
4848
1075
8832
4735
2150
8069
4452
6013
9007
9002
8977
2966
5264
5334
1756
6906
4
4383
275
834
8669
4718
1811
2885
7819
2245
4839
6063
209
9027
1305
9626
2550
3049
9907
1953
3762
1115
9741
5712
4196
3247
958
4560
4805
5372
2318
3625
1354
6128
5728
2457
2452
4575
274
3680
9810
7158
5254
6308
1779
8024
7772
7837
5587
8367
1903
3103
1307
3067
3458
7816
3677
511
7896
7230
3998
2231
8652
2241
9251
6221
4696
686
5412
822
2430
7871
7054
7327
4903
3529
3278
5926
9216
5013
2914
8256
540
5078
2002
8342
9316
7834
9466
7936
4604
6571
6639
7182
2610
2513
6239
5906
3481
8145
4984
9967
9154
4443
6004
9382
6418
4931
7084
7609
21
2043
6998
5736
2392
2206
7699
7582
7685
9667
4073
7345
7504
7351
5795
804
3094
2180
9281
8829
7515
3772
5631
5142
4043
33
519
9134
7159
5391
2111
7017
3236
7887
5489
8568
2100
304
4294
3283
5208
5438
971
1687
9094
6602
3654
9524
1662
118
3506
6973
9792
9100
9241
7293
1938
6783
4374
7514
3226
2743
1394
3421
6560
6932
1470
4153
7119
5081
9946
1660
2676
6183
5260
7856
8086
2055
5733
8326
1490
4060
9774
2420
3334
460
6960
7456
5759
6433
6032
52
4790
1209
771
2284
6475
853
4179
4309
8937
2616
6597
7107
9923
9048
3182
1618
3789
266
564
6251
4641
7780
1126
3927
9977
127
691
176
1642
6839
146
9882
3289
4285
682
1364
2060
5614
0
6179
119
6981
6346
7266
3703
2208
7050
8401
4778
4862
5163
3734
9349
1224
2434
5420
1303
6976
5928
1742
7112
7921
728
1658
7393
3642
2501
8091
9914
3698
9062
8810
5916
658
5808
7523
6825
296
7591
2413
2747
9732
1998
992
5361
4069
182
5607
5177
4524
9678
6577
7318
8383
9743
1149
8679
8036
29
3964
5388
51
6260
6910
4114
6509
3007
3714
1928
201
9888
8495
7486
9293
3722
3287
9311
8229
5478
2186
4791
6716
3234
6967
1721
6022
6645
5763
303
390
3487
2593
3087
4365
6185
4893
1845
636
9708
8954
3689
3327
2579
4523
4289
6486
5890
9147
5537
4442
1246
9920
2949
4433
3354
9975
4626
8133
3623
113
821
9654
4758
9652
9909
6495
9571
9214
4128
9558
9805
8660
6156
3188
7583
4034
7509
3397
2374
5917
9024
8380
8099
4050
7301
9485
4828
6896
6889
9589
5606
2689
8387
7137
5620
3158
5807
2226
8104
8129
5395
2418
591
7706
6432
7274
7911
8663
685
5622
1531
8537
4320
5156
8786
6205
5572
9093
2397
7089
3173
2329
1965
8821
6991
8525
8567
3089
7803
4765
6216
4006
3136
4087
9182
3917
1918
7138
2952
626
1589
4137
3553
40
3033
8009
4777
7545
3471
3181
9187
9768
6566
5964
711
6249
3713
6537
3918
6553
5750
5088
9042
2559
8984
1007
1810
6799
2323
3393
5841
8088
491
4899
2651
1898
6087
9778
931
8657
1212
3215
8123
8226
8911
7621
4733
5834
5025
5749
288
9873
722
1258
8634
56
7778
1819
5322
1977
8640
290
1468
1781
5472
5044
8482
8217
3030
6817
452
8148
1979
7081
7608
3343
4083
2360
3835
1196
6012
5069
6231
6676
3124
2551
1885
9933
2037
8321
1841
8999
9717
4030
6203
7448
5207
1818
5180
3070
3561
2666
7156
696
151
2477
732
64
8347
9044
5506
9936
2364
2439
6589
1874
4093
6657
7502
4863
2773
5679
948
9496
2026
5348
3853
9983
4921
4901
9365
2558
5219
7153
5925
6175
7542
5386
8915
5790
6427
9649
2201
9895
7453
5888
8839
3055
8765
1949
6582
6330
4518
6007
3353
8950
766
3973
7221
8503
5485
386
3842
7006
5298
6804
6189
1062
8551
9525
1368
1347
327
5911
5480
2376
7208
8852
7275
1883
8349
8432
8641
3305
1613
2695
2156
4974
3056
4683
366
3383
6846
2567
1416
4118
4271
90
3705
864
4214
2388
1641
1355
1700
4055
9824
9338
6999
306
8207
2385
1155
4070
7617
909
3313
5285
2928
6662
6315
730
1731
7590
1519
6
1803
2263
9034
2782
6047
3155
7013
6513
9908
9955
1894
593
363
7995
3376
9373
4266
3122
1696
5124
7135
5784
2350
1573
2354
8591
9643
6496
8041
5396
3622
6987
859
1381
7641
3370
6803
6347
7829
9249
2234
8707
9138
6325
8415
601
9121
8835
4741
1319
6434
2654
6937
6852
5210
5182
7195
6444
5019
1170
4706
5108
8774
1747
5544
8686
8666
1375
5492
1649
5194
7360
1406
9061
3903
5439
6131
7809
3895
2063
8311
8235
4913
8498
8208
7910
6923
5840
8073
8763
575
9008
6480
8711
8518
9721
3826
6805
7311
4471
7941
6787
7105
7438
4027
6824
1177
9591
9580
2960
7789
4586
752
668
9751
7042
2019
389
2927
7726
1843
6879
6832
59
4932
2273
9417
1707
7587
1657
5413
9340
2786
1544
9725
8181
7983
4647
816
9539
1766
9432
7103
9823
4441
2630
1085
3220
1102
2168
9127
813
9694
1715
688
577
8776
633
3271
6102
3403
2820
6360
8748
158
8019
5167
5717
7108
4745
6180
3311
6908
7284
8268
7263
3065
8206
7905
160
1402
4958
8867
9777
7223
6267
9673
9326
7589
6772
2631
6490
2673
8562
5954
741
2646
973
5311
7569
3856
3442
3557
1527
8514
4779
2428
6624
2343
7310
186
1403
6304
8016
2702
8114
3165
9899
5145
7366
4131
8216
8097
2979
6121
298
3960
7003
3582
1171
9986
5302
3041
9276
8201
407
2406
4853
1269
2083
676
5594
9699
6369
4187
7048
6694
801
9468
3035
6339
3554
1694
9220
959
2117
2142
9072
3595
8003
8214
529
5455
4201
7716
9724
1060
6700
3275
9420
53
1615
1822
3827
9803
5258
7773
5783
562
4793
4012
8598
4397
1236
4600
1962
9086
7863
9254
3745
3857
6933
4033
1632
7079
4687
281
6220
9830
8754
19
8813
8293
7483
6623
8329
6580
8027
9691
2998
5102
4368
7315
9112
578
71
5569
1705
5802
2046
8138
8500
9760
8804
6424
2472
3017
1422
7189
6371
4829
1352
3829
1048
2562
6366
8294
7639
3533
4841
2855
2015
3991
4593
9885
8323
7782
1848
5822
7455
5902
8344
5694
5725
1081
7412
2177
6768
2817
1482
3928
8292
3375
4198
6373
586
8782
8382
4630
7959
8139
1802
1274
6025
7791
4274
2545
8701
3491
446
7737
2127
155
3500
1137
3748
905
2132
148
2256
122
8112
3167
9519
5164
8223
2467
26
2870
3879
5652
319
267
4611
1514
2194
5143
9113
6153
7078
7080
6841
1072
7064
4583
4427
154
7397
9029
202
7201
6186
7529
1616
6085
1541
6008
9371
1548
9065
5368
710
6833
1223
2482
6775
9348
6133
3709
183
8248
9165
8627
3627
884
9005
76
6422
7163
6608
6283
7786
1289
8345
9334
2603
2996
3071
2435
820
6838
9011
5981
4468
7969
1671
9800
6293
4280
7290
472
7912
5686
6934
116
7392
975
4964
7533
428
2402
2048
2539
7868
6727
2454
1311
8440
7134
1112
2289
848
4151
656
2894
9170
5861
8521
8241
1003
4941
7646
2542
5586
9272
8579
5839
2803
1011
6681
3657
7985
746
5318
5869
9585
5718
1413
1210
1592
6617
480
2805
1976
9514
3073
8541
1235
2152
9341
9808
4697
6056
8180
1702
1525
6849
4556
8297
6018
2527
5768
3391
723
8218
3396
5621
7572
5932
5061
4973
7022
4217
438
6491
6850
4624
6127
4467
5157
179
1410
4418
9233
6653
6565
3802
2632
7980
6279
4483
5026
8077
4178
810
3704
3922
4764
2022
8919
2196
5656
34
2275
5776
6321
7774
8892
6163
9344
4077
1604
8769
2144
1676
4979
3039
5360
8460
3355
2659
3559
6679
499
8642
847
8465
6400
3390
7561
7198
3141
9816
6680
9191
3179
7423
5378
9705
6574
157
3868
4449
2871
9169
23
7382
5168
767
3453
1124
6264
1127
3640
7316
1230
7710
1484
1832
9544
255
4293
5245
9475
5065
2116
5982
9780
4018
2422
527
5481
6394
5806
88
5629
5031
8616
8976
4239
8847
1524
9229
392
8644
8737
1176
401
1904
6044
5154
5999
9416
6148
2337
6289
3484
3690
6557
1652
6049
6621
5269
1986
2272
6586
1296
9692
2656
7027
205
5331
2761
2635
1993
2681
2815
9609
2332
213
2938
9716
3935
4944
9748
7377
3034
7826
8791
5484
8081
3746
6309
6786
1551
9068
4902
3368
5152
9953
2494
4162
9850
6651
3475
1248
576
9533
5706
4490
8722
4638
393
4014
4920
2531
1739
7625
831
3214
6054
2459
3513
3125
2040
7098
2522
