9698
7841
5171
6098
398
6909
539
8026
8659
3093
5319
7234
5486
6745
396
5034
870
1740
4708
1538
6531
8074
7370
4999
5342
8197
8082
4750
9625
9093
8147
4698
7814
6958
9895
6157
2902
2173
6254
2944
7939
4516
6240
8381
2040
4759
5963
9841
4638
6281
1402
1352
3289
7455
6914
7225
7023
4133
8114
9739
2156
5623
800
2357
5129
9436
7731
6842
4730
2241
9960
4212
6438
1302
8004
6877
4350
9188
1561
8827
1127
9938
9744
783
2756
5582
9201
3313
9681
6831
6890
1766
3945
9012
5475
5783
1334
1309
1861
0
5524
7053
3675
4798
3362
9568
4907
5617
9947
2910
8392
9926
3559
3462
9078
8934
9570
7539
3380
5233
2217
3867
8674
5840
6866
2117
3870
3554
2897
16
2572
3864
4391
9726
7342
8718
9919
3651
3227
7477
4201
1023
3381
1907
8134
4197
3520
7169
3579
3535
7088
9525
8368
8797
5712
6366
5697
2962
4995
9297
3603
4056
4155
9978
6032
5502
9172
1184
8087
8129
2496
461
1734
3880
5961
2121
6954
7207
7463
1104
1499
9751
7624
5517
1269
4053
5309
8065
4850
8599
9733
6017
5177
3201
2608
8976
9389
811
2662
6
5461
2408
7047
4073
5004
263
4822
4268
8952
7338
760
5369
493
983
1397
3556
8471
9998
5978
8367
932
3055
2381
816
379
7862
6913
8805
8078
6594
5272
4342
1528
7497
3206
3522
2858
5168
2149
9778
7402
3627
6230
4245
6797
5928
8546
4466
426
9959
6273
814
2923
9484
8735
4915
7700
5641
789
2619
5859
5736
7331
400
2258
6346
9091
5798
2001
4207
7552
8184
5689
924
3753
17
8116
1311
5893
947
7364
4050
5219
5701
1822
7772
3422
1645
6232
8069
1799
7245
4255
6728
4878
9183
6902
2829
5201
1869
3471
6573
4277
7119
521
5564
1241
9057
3863
2310
3517
124
9263
4712
7492
9819
770
442
2475
8139
9874
5993
9055
4918
2424
5019
919
5967
6083
2107
9989
5263
538
7885
5436
4762
8160
6482
8815
6707
4490
6689
2683
8840
2744
9445
8216
1689
410
8285
3133
9890
727
4982
6378
815
6993
3183
5467
6199
8235
6658
6701
5476
2158
7484
1283
8693
7120
5227
6024
375
5093
1466
5274
4399
6423
9943
7920
7377
3284
9072
3469
3119
281
7072
1215
1296
9669
4229
8928
6437
5483
5408
8121
8512
1250
4124
7138
5953
318
7178
4564
8475
8888
2638
8326
305
8705
9740
4486
6092
9955
8891
4690
5891
4737
5846
8686
1732
9049
8607
338
3702
2142
7778
7763
9934
5876
9856
866
4415
4405
7513
826
2863
1313
1542
8424
4886
512
2778
4863
5801
7490
1326
1918
2442
4160
228
2377
4709
7807
5690
7211
1226
9074
1240
3384
2360
657
7356
8340
4978
9067
4594
7150
1235
6607
1136
3035
780
388
3589
1826
4038
8625
5150
350
4813
1171
2041
6984
9338
6771
6681
306
7990
3682
4996
6768
1515
9344
7721
4390
558
9204
1340
6473
6116
