1639
5442
1507
9302
4296
4771
527
6524
8779
5398
6402
7253
9969
5367
7361
4312
3075
4579
8415
2232
6083
8025
1110
4768
5715
9338
6127
6775
7127
4130
9814
7436
444
2929
7746
7698
9333
3340
1356
327
295
7655
7167
8792
5830
7687
1634
1593
1301
3149
6503
5239
8124
7524
8804
778
1571
5440
2211
9090
2226
9554
9802
928
4856
8091
1721
2664
5420
540
2532
1145
6399
6051
1386
9933
6270
9744
2035
3989
8081
9391
7373
4154
3661
9528
7845
442
6932
1367
286
8831
4740
2004
6095
6595
2698
8639
3781
9456
2217
2560
5513
7724
5477
4026
9908
3506
7896
9368
9646
1603
2483
2213
9740
9531
232
822
4189
3352
3652
3364
4872
583
6034
8782
1810
9879
2708
770
7046
4421
4519
2550
7706
179
2159
3065
7258
3510
80
2172
8245
3238
8398
2045
5314
9120
4062
9813
7672
8875
9696
7720
1332
2965
8044
4514
4840
519
7481
4079
7236
240
738
2596
2855
3419
9847
8483
2843
2236
7242
508
9948
3907
8861
3885
8932
205
2627
9831
2543
3856
5284
4153
636
3958
1019
4287
8737
575
3146
8962
9450
2860
6348
1039
2117
9827
8844
1006
424
1661
7917
5430
7893
5723
7599
8614
8195
4492
6777
9405
8093
7271
8271
4404
3530
3568
6290
995
1514
9305
3558
4380
4319
2105
9128
8653
7012
6330
637
7825
114
8354
69
465
5891
2830
6787
6154
584
6856
2141
1843
9222
2522
348
4822
8755
918
1940
5699
5727
8275
5469
745
2182
8460
7544
3046
6779
4251
9955
8023
7546
2527
2840
6277
3825
9389
9772
7293
6719
9804
5018
9679
8545
4706
5751
915
4403
2095
5874
6679
3643
9182
4342
8631
271
4585
1873
6516
4866
7065
5077
956
1872
9372
1136
3626
6613
3087
933
5826
8196
6022
559
5023
7625
8403
5612
6175
3308
6110
862
4223
5974
9215
2738
6880
6667
8468
2798
9112
3415
6266
5252
9663
6622
683
1069
900
8379
1000
1137
5525
1723
4294
5596
7447
3418
7159
5732
3903
981
4313
418
9882
180
4646
9909
6748
464
7965
9611
4022
2446
10
864
9479
1739
6065
4641
1921
1444
8487
7908
7023
5804
6275
8557
3938
802
7478
1305
6054
6836
6261
6414
9680
9910
5680
5695
6172
7936
2969
6892
9440
9649
193
1699
8227
427
982
9614
1376
878
3509
3086
5706
9639
6588
6067
8210
6472
436
5425
2572
7109
8837
1916
8216
1743
8243
3962
2731
7729
6651
9217
7452
6187
8976
6109
8759
5951
6582
600
9795
9173
6219
2302
2752
8761
2930
696
5409
2924
197
8564
7305
1294
7628
9353
9167
3403
7560
2973
7606
6423
4387
4030
212
3992
7532
5535
7673
6735
4892
4935
8751
5772
6443
1534
4712
2902
1498
6636
3869
5579
4443
6165
7768
2901
4440
9316
6305
3248
4087
2898
597
4330
1652
5610
4695
688
555
2239
5123
9242
9527
7412
9791
9500
8694
9191
3492
9648
1745
469
4663
8577
4240
4669
7448
5156
7486
5923
5370
8162
5175
3463
2648
8504
238
2868
1636
2246
8413
854
131
938
1583
5507
8749
2167
5450
9512
4520
2797
8893
5253
7075
3966
7799
5746
9431
4158
353
9165
4040
4656
1388
2647
6981
8018
2144
6927
2322
6432
6724
4868
855
1415
6198
4775
628
5696
7076
1157
6410
1626
5416
6483
5913
3828
1396
5558
4406
6097
2632
8627
9017
6176
5084
5582
3787
9152
919
9219
7369
3257
8390
2692
6144
6696
8217
3150
8735
3408
7930
8781
9488
5218
3435
8375
6978
7607
1582
4836
5927
7045
939
5769
5756
9826
8439
148
6179
1931
9832
7506
7255
7027
3842
7727
7348
8477
1014
5407
6684
5884
76
5953
5003
8106
6267
5622
8849
4196
5088
9377
3630
2248
1129
3457
5546
9231
6946
5598
5871
4970
4676
896
2023
2406
7752
4224
5963
9211
4246
3421
9725
4164
323
8459
3546
5027
2176
5042
8532
1106
7804
9598
824
3978
2130
538
3411
1513
8286
9919
9070
5116
4161
6372
5108
6252
6882
5766
7354
5251
1505
6820
656
7528
5773
5542
8222
3635
2825
4802
8445
9419
5135
5063
1790
7017
1341
6940
4539
901
729
841
4249
2365
3471
4922
7670
3559
5717
1240
4173
4636
9131
29
6507
6865
7979
8819
6453
5267
7284
9037
3068
2968
9714
4774
873
9
9577
2041
6556
146
3750
1925
9329
4221
1617
4142
7226
2833
2827
1832
1934
2123
6744
7237
7609
6717
5745
9925
8343
6512
8313
8017
1691
3061
8428
2733
4638
143
6855
3098
7966
4549
8077
968
9239
1096
4452
8396
5313
3969
5536
3365
4308
9345
1303
8252
816
264
6864
698
4709
440
1796
6924
3830
725
7233
3666
893
4762
8526
9285
7547
731
7877
7199
4159
3538
7878
6598
2220
8327
558
5589
8961
1451
3708
5625
4979
4232
6246
1296
268
3901
75
4901
9265
4247
3736
8214
6813
7894
6592
6783
6998
9959
7141
5934
6107
5327
9874
1275
7162
2032
3950
7621
7079
8117
9777
564
8065
8623
3175
1717
6282
9166
1753
1489
4502
2932
716
8295
2208
4148
8817
850
4184
1289
4292
1682
2143
8500
8148
3306
6068
848
9294
4967
7172
8952
7574
7149
265
8859
8554
3835
7297
8646
1445
7529
5970
3039
6025
505
7872
4068
2608
3675
7300
5863
2306
1300
3022
6007
5812
5157
1848
5114
2270
5929
6938
3723
1025
1112
9555
1394
1547
5937
6394
5486
9126
8113
909
1253
6997
2787
3517
8186
1385
668
2773
9176
5065
5220
5973
8083
889
5374
5169
3800
715
753
9811
6852
9778
5755
9250
6393
1640
7476
1009
3412
1038
7543
3332
4789
5742
3268
128
6900
1536
2826
8982
7357
9196
9277
6497
1229
2366
4858
2334
7028
1631
7385
4301
9124
7134
7484
1833
4952
722
9800
5930
6074
8296
3761
359
645
3821
9720
5887
2310
9321
9686
6196
7420
1028
5478
7286
7057
8994
4203
2517
7212
8977
8582
2592
6035
9605
173
7767
22
7809
8303
5941
3084
6718
8677
1138
7595
2725
2961
5920
3749
3674
1611
2124
4174
1869
2679
6048
4525
1013
278
7261
5306
2817
9841
6919
7285
1824
2959
8963
7564
1070
5526
7925
7817
1908
897
4766
6974
6713
4060
463
7203
1820
9834
3524
2057
2511
5583
5506
290
5186
5140
6786
8931
8232
4389
647
2364
1632
3423
5128
7318
2882
5436
1026
1429
8335
2609
7356
1268
1868
4756
9266
967
1708
2941
5191
7661
8907
4423
3189
1577
5074
732
7520
4918
8729
8522
2212
5995
4072
2400
400
8035
5073
1533
2569
9829
2617
9615
1215
8005
3007
5426
6336
1252
8143
5851
231
1813
3362
332
8796
4195
5487
3620
8219
8666
1742
9014
9135
9270
6638
5424
1008
945
5246
4416
6306
8681
6722
8870
793
2003
4245
4831
5997
2000
1650
262
561
4061
8568
6663
1580
1057
2469
5783
7125
8280
6547
2231
7944
9425
9401
3772
1609
379
3117
4857
6473
1749
4830
3333
506
2111
8549
4020
9016
4778
2410
6158
1972
2116
9230
4610
3174
2501
3790
5679
8897
8505
9698
35
7711
92
9668
9973
6430
7926
6789
7496
8145
3889
4758
2970
3106
2002
6465
585
1926
4974
5778
9562
6569
8453
2284
9603
1452
333
5658
2007
6045
5349
9257
9220
1086
1052
8073
5090
1248
4300
5141
7855
4865
4521
9747
3499
6523
9185
7104
2461
4864
170
1733
7139
4050
2585
1696
3774
3598
3003
119
1606
1858
3519
15
8930
6574
1860
9558
5273
2951
5281
544
5508
7460
7502
7827
9745
9681
4537
2158
5103
2972
2992
2444
6645
8440
9145
390
9318
3049
8645
2772
1879
7593
598
7514
1681
2503
1428
2477
4215
19
4782
5187
3934
7457
3986
4501
381
6810
4309
460
6691
6374
7330
7830
4121
5797
765
3622
3229
188
3091
9468
350
5767
8983
3956
3737
4399
7829
9320
2765
3493
8778
7137
352
4806
4478
5933
7951
6993
5075
6224
9312
4819
9459
942
4751
7759
7353
8780
4926
1535
9951
7119
5888
7717
8383
3769
6293
5232
4377
6398
1772
4235
8268
7347
6128
4987
1605
1436
5500
8776
1880
3680
3665
8630
269
3028
2801
7321
3789
2372
9906
4460
4562
1668
3854
9356
596
8256
8957
9315
7803
7526
7608
6297
7660
2468
6281
4512
8164
3535
6642
7705
5608
1181
2919
1867
1443
7643
8221
905
4476
5565
7402
9108
8084
154
5098
7819
9309
2418
9803
6304
366
8333
5001
3461
2351
6493
59
5993
1059
2991
6403
8537
6156
8118
7892
3971
7692
8157
4288
9366
8386
3263
574
6355
4205
669
2084
1439
3350
9495
801
6530
365
8469
6890
6649
6965
4045
5635
7011
6626
1134
8860
8496
1797
2441
100
661
5800
4793
2561
9592
5456
3602
6533
5850
4167
5380
6288
1766
5545
9875
6858
3030
5089
9904
2185
3127
7363
3501
284
8202
9499
1144
7836
4349
7021
6263
7848
3943
1027
6904
4839
3908
5843
1524
2139
4911
8301
2540
5475
4042
8097
82
1913
6662
8904
5161
1928
9104
7941
6841
4270
5397
5899
5707
6739
7849
376
8768
5081
5148
1825
3407
5102
3161
8678
6000
8815
79
7193
3895
524
4880
4151
3964
2718
2667
8999
2432
3329
2656
7326
8416
6250
8429
2938
9429
6478
2148
3795
7837
650
183
7143
4181
1131
4080
6038
7870
8332
7250
8363
6177
30
2210
387
3454
9179
5631
6238
6521
3134
5728
3233
2257
1917
5882
3053
2490
3496
5097
8650
2677
9886
6518
2542
4909
371
99
2869
6522
7020
5624
6914
868
953
4849
3647
9183
5789
4788
1791
7575
6491
1667
6010
1023
5181
8006
9258
4503
8945
1994
4485
9254
3437
5905
1630
9081
4257
2599
6925
9881
5101
6299
8992
8581
8207
4193
7186
7227
5928
1776
1957
9207
3549
843
2732
3346
7177
3531
1163
8620
6384
6584
8329
6092
2264
5021
2814
6563
1492
5274
1512
7391
4558
391
4217
3292
2547
6702
2453
9077
8068
9491
8049
7378
5640
7856
3944
4765
838
1032
219
1748
6686
7005
4615
5814
378
3255
2663
9712
9097
6818
9945
7667
1280
414
3178
4837
6136
7345
3711
4648
7790
3132
532
6609
3638
6561
8022
1479
7458
1456
9117
1048
1299
5692
6096
7802
9093
6240
9927
1012
7423
5130
9888
1263
9395
3631
985
632
8409
3209
1706
5035
1352
9076
7738
1560
8116
5388
7721
5002
2428
7026
3318
5678
2680
2866
3299
5193
8361
7594
4499
8259
8362
7431
7262
6137
8078
8289
7273
1416
6559
9046
3718
6606
3475
5713
8707
2413
6532
3575
4982
174
8279
409
7052
230
948
1570
746
5492
6116
8126
9116
1597
780
5446
5573
1264
7073
430
4598
2342
2931
6463
101
7374
9617
3474
1847
6843
3182
6614
1907
7954
6489
2046
1282
8397
2161
1389
5484
9790
724
87
651
3578
5628
4112
4437
403
4266
3641
3067
7246
6145
5347
8802
1018
1859
874
7310
2611
4265
6188
4317
9674
9448
4385
423
2085
272
986
5601
7494
9924
7885
8687
6599
2856
1897
6088
2281
1601
8638
3936
5227
8192
4397
6015
1207
5938
5496
7562
7489
5031
5177
2872
490
1413
4683
477
3056
7360
1002
931
3586
9849
4132
1497
9890
2933
4135
5900
6468
1141
6419
4468
563
7640
9582
7277
5708
1700
9980
6211
4365
7713
8458
5653
9469
142
7014
943
3754
924
190
8940
786
8705
9540
9691
8811
2367
239
7710
2964
6382
2280
9444
4921
4889
5875
1045
1454
2985
5533
6020
6886
1959
8641
8695
5164
2820
676
1588
6697
4851
1814
7839
5845
783
1882
7294
9510
936
2625
8474
3283
955
9600
5032
2873
6937
2082
4280
5865
3965
5671
4905
1004
7975
5602
9437
777
4666
2067
6190
752
4609
6790
1528
6223
8304
922
8489
1159
8926
3980
3452
408
7173
545
7583
9736
62
7586
5820
140
5586
3766
3865
6953
7644
6866
6365
3116
