9867
1917
7200
9515
8222
2709
4691
38
7439
9656
7726
1052
1746
3985
6892
1027
1905
3841
5398
885
943
7800
368
8700
4635
8025
2968
6943
992
7005
4679
8567
1331
3154
6192
2702
3557
863
1134
3928
2450
6962
5712
7300
6259
7185
9095
8486
9905
2167
1656
5460
1976
7117
5375
5256
2215
1442
8350
3730
7125
2156
3162
581
5632
179
5764
3697
814
7139
8502
6065
523
8948
6153
3601
2972
3468
6639
4758
7615
8575
4289
589
1080
6106
4975
8477
9480
9276
1345
4620
5834
981
1154
9692
1963
5639
95
4196
2654
6359
7151
7002
4619
4202
4821
6595
5767
787
9462
2241
3320
2542
895
4252
2280
2273
8005
3819
1284
7152
1488
1578
8729
7315
9918
1136
3591
4919
8869
8656
8804
512
4888
6322
2721
8037
9900
4504
4029
6016
3183
1324
4128
5701
8016
3686
8612
1737
1570
8941
520
8359
7598
5121
7812
5521
1789
377
9767
8032
8075
5348
2058
1138
4526
5663
1901
1690
7938
381
9963
9351
3934
7512
4087
1738
2364
1461
5349
6242
8073
431
141
5530
7865
4613
8703
5
8739
7627
5072
3013
1119
5158
2244
1966
2344
2715
4025
2073
6331
5819
9588
6219
9560
4838
9478
6245
3302
6616
4372
1193
7850
829
8882
8060
6136
9630
2446
2049
1732
9576
8370
8640
5404
8745
624
7461
6246
3376
4006
8606
1898
5545
9050
6236
2144
805
4605
7796
3908
9946
2780
8888
2340
3970
1165
660
6063
9737
5157
3636
8725
2634
1522
9857
144
5775
7888
8511
302
3130
8283
6884
7258
849
1325
3821
254
8867
987
1144
2625
9649
9697
708
5251
4340
3712
250
8670
379
638
1336
7845
8258
1164
8452
2022
7374
4642
6487
4839
9131
3720
969
8207
9155
5566
8297
1657
5407
201
454
8831
3805
4048
3555
5183
6253
4313
8560
8671
416
1691
5234
3902
5899
3174
8325
5670
7438
476
3741
8528
3022
7941
8896
5508
6757
3748
8098
3503
8058
4876
8136
8660
8298
4482
2098
3350
2957
6617
3256
7110
8355
6961
1515
6005
3272
9920
2157
6579
9559
9434
2825
4955
4923
8302
3335
5320
9572
8669
5897
9868
4030
763
6093
9021
9682
2472
1874
2313
333
8120
937
8322
1867
8796
4329
364
3959
6684
1191
1861
3558
3186
1015
2358
9635
1866
4580
5954
6537
3797
2193
1468
2329
7823
7723
3943
6422
4893
207
6049
9078
521
9626
8989
9742
3815
2282
6856
9985
7347
8717
9224
5036
8482
8137
607
4692
4813
2695
259
7958
7720
2009
3026
8525
3200
7220
5985
5427
7010
2476
1741
6278
6820
2181
7074
1425
7260
6266
19
1187
6608
9860
328
8135
4856
3317
6044
9474
5927
8996
9834
8893
9417
6133
3528
7569
6567
5763
3872
979
9943
3873
6624
6675
995
2860
8144
8224
6635
8856
8336
458
5372
4887
5971
7456
3982
3783
9757
4634
7711
5068
5735
9467
8810
7859
67
9676
4561
1046
6419
1744
8549
4950
6776
4326
9316
7047
7385
8485
6485
3405
4715
7727
4460
7731
8193
4380
9225
5916
158
3547
991
2949
9372
1951
7335
2600
5599
8050
5905
3217
261
9991
1877
1364
8152
1769
7257
9338
4137
5555
8632
5447
2059
1435
5940
4845
1992
9595
2915
3100
3025
9254
200
941
5714
6401
9022
1617
622
3051
7922
1431
1850
5079
6060
7874
3537
8174
3487
6452
9806
4056
8920
5092
267
9585
9525
4350
1945
7390
6605
9665
3037
2013
5864
7078
367
7977
1173
1709
4402
110
8090
6280
345
837
7358
9497
713
1030
1427
417
1216
7685
935
447
2578
2895
1571
3622
1862
5129
2783
8817
7404
852
8661
6073
8303
7635
2786
3500
5073
1014
6119
4903
7616
4600
7898
2989
7579
8537
4095
7942
536
1351
4662
235
3276
1896
2407
4334
410
8418
4977
140
1884
4012
3415
2952
2174
1036
65
540
560
6037
3600
8917
3794
1739
3125
472
1734
5046
2052
1817
9148
916
9701
1457
7221
7585
1927
2838
9717
2027
6769
3992
5491
6389
3713
6942
9114
2662
8737
4176
3338
4245
6530
7695
7164
8068
1143
7308
2750
3848
9018
8326
2546
8772
6307
8568
8341
9844
5881
1863
1302
3432
7012
5245
1091
558
6116
6922
6734
5951
3757
2555
6958
180
7973
7659
9044
575
6670
5647
9546
3930
1835
9696
8728
9459
1196
4205
3756
8411
9686
1287
9641
1623
7820
7268
4667
6981
9157
9341
2161
5656
7100
3954
2932
2535
5428
7778
2095
4865
6682
7296
9650
5155
6753
464
562
7792
7266
4324
43
3745
9874
2442
4930
7021
9124
7096
3273
2680
1736
4130
49
5487
5538
6340
4016
9188
3239
9250
8814
6541
3576
9678
5422
4363
8171
5917
7058
7435
5640
7530
2806
1249
5988
2843
4075
9930
4802
5672
139
9280
4858
7111
6320
1160
6338
1268
4266
857
985
8202
3449
5610
6254
4972
6460
6966
508
6335
6204
4520
6848
3717
5131
2210
4007
9660
8627
7929
7072
2443
7466
3372
3159
4475
8404
6864
8598
1929
6292
7463
8603
5991
3505
7728
1376
8910
6662
6129
7124
7064
5506
2417
4084
6620
5104
3575
4586
1480
2347
9073
4999
8645
9358
8101
3282
8432
4173
9983
266
1073
1462
7313
8874
481
3073
2919
4830
4744
6111
7902
9925
3942
7995
795
4158
3673
9997
2676
2317
1283
5945
4489
8586
3173
7188
7949
794
9640
753
8789
2090
653
8716
4949
1811
6857
3103
6436
6327
7794
5241
9404
8653
3324
3549
7788
4046
256
9556
359
7653
6214
1295
9391
7024
7375
4786
9470
5285
7672
8935
3127
7807
6816
194
8512
1084
2682
5382
3076
9405
1632
718
9980
5047
3279
4764
3223
7577
2026
6836
5622
5572
4275
9298
6511
2337
5742
281
5335
8035
3399
5154
8898
4478
7806
2606
4578
2410
1707
9378
7424
5064
1342
3147
1891
7906
4139
1235
5919
7946
6134
3179
9554
7572
5792
8243
1176
2128
6742
6727
8010
9992
7409
9229
9955
779
4032
317
1224
3293
6606
3187
6707
4646
8688
3637
3277
6814
6896
5329
467
5346
9711
28
8523
9725
3258
1574
1007
6023
9910
1885
1913
2545
2604
6064
5989
8978
752
8821
1399
4280
7011
112
3517
9958
106
8289
4298
930
3011
3842
9096
5707
3303
7681
9774
5658
7446
861
6123
9828
4874
898
545
5602
3974
6438
4765
9788
8048
8887
3308
2933
9571
3648
6715
7381
4089
9623
6091
9158
8884
5022
3366
2945
4861
1267
9528
6180
6921
9647
1539
797
8634
1593
1274
886
468
303
1201
1050
7945
9079
6928
1281
8377
1581
387
7161
9194
6102
5641
7689
4885
2092
2270
1879
8684
913
7830
8081
1803
273
4774
942
6500
7690
167
422
9377
9513
7172
897
1406
7692
6079
4383
162
6443
8376
5414
6069
3285
1871
2784
8151
1556
6948
9394
7069
4506
4770
548
4160
6668
6609
2381
6175
8624
4591
5867
291
4081
5833
7356
7392
9336
7642
9299
5811
9487
7987
7428
2127
9146
7067
5854
2432
2906
1227
1699
7276
8658
3395
3839
4761
4778
9533
3495
9952
5379
6845
2366
6846
4910
5185
7546
6862
1933
1700
6480
3082
655
6465
1740
1557
56
6052
2884
392
7803
1516
3656
1449
8028
6304
3401
6477
5619
6859
55
5107
8681
8762
6062
1466
4319
9352
7473
6572
2187
8361
452
1400
2208
2595
6194
3379
6509
150
1643
7741
7864
5699
9957
7597
9112
8022
9891
8572
177
3769
5805
1771
6227
7354
233
6615
9495
5217
6932
744
7006
6239
7751
7323
8635
7538
2348
7281
9248
1909
98
3097
5099
7511
7963
1890
52
3393
1873
5879
5928
6998
6566
6647
3138
5204
4093
29
6578
8238
4674
643
8176
182
4287
1698
6410
8693
3977
1465
2359
1223
9010
730
7557
3739
9329
8943
553
2700
4204
3832
2140
6182
4654
4461
6466
6925
7782
7459
6956
584
3633
2822
7105
7472
6866
6826
5575
7697
5469
5556
6905
7974
5240
335
9615
3951
4676
4562
4456
7489
6290
8489
3845
8002
1537
3718
9403
4274
13
8970
8630
3000
2017
9064
2633
385
1456
5254
3188
7334
8335
1228
8389
5992
9824
9540
68
9807
9094
5488
4063
6486
2647
6469
2126
7808
1773
5546
921
8818
4621
6170
5925
5782
3875
8168
8564
4933
3516
8304
4062
1087
9228
648
9689
4920
199
6878
6399
1889
9127
7261
9977
865
183
7612
9177
2014
1492
8019
7522
9268
6061
277
332
9715
3114
6596
2608
7015
2240
2218
5355
8221
2731
9542
873
3398
8945
7434
1202
5327
2256
99
7282
299
2559
1649
2732
4141
1380
4831
4637
2471
7143
7465
4649
4070
1857
8293
3710
9132
2481
5455
867
2117
3325
3889
6174
5804
7835
3237
1023
5929
5842
7866
9337
3853
8449
8271
1660
1125
9619
9680
6400
8541
703
724
5298
9598
2828
5270
6872
6366
7157
9798
7355
5533
9281
3321
7583
6426
9566
5380
1145
1693
6953
9614
9593
9915
4979
4826
4952
1386
3572
1069
6277
9869
2974
8686
7194
1321
6564
3346
2488
8719
9238
4370
2982
6011
4852
5563
4231
4738
5207
1733
5902
7984
772
9762
3850
619
4509
3457
6528
1783
6680
2405
7602
9009
8770
6216
848
570
5304
7900
4210
5190
3094
4190
2291
7443
9309
8879
97
1680
1246
2306
4431
7039
6933
4465
8962
478
8757
5889
6019
7063
8648
1067
2592
1634
1831
9076
6983
637
6138
4501
2490
5814
6223
8472
1806
2871
4814
6018
3834
510
2197
2753
5711
7669
8526
9937
599
373
8394
9646
6964
4917
5363
6786
269
5726
4832
830
4316
1433
2232
5683
4448
2907
9993
9034
8631
875
793
1573
2035
8652
3843
1004
5984
5208
4311
2773
4368
3387
8625
4308
8162
2679
6634
4708
5343
9217
6809
6251
9200
3979
7076
3583
5408
1475
3820
5457
9847
2234
9523
8103
7486
8755
2789
739
5725
1148
3129
6257
8443
4232
869
2015
7068
9526
4119
154
7156
4572
5920
5836
6532
2902
376
6258
3416
1684
4471
535
2253
5722
4031
8946
8987
1647
7553
6396
355
1652
4835
6434
8027
3899
5333
3973
7294
1508
1062
5565
4628
9219
892
2424
2008
5494
3245
6870
5310
9852
6341
7050
4771
4836
6803
8087
2817
7197
9400
9718
747
2284
9917
5067
1812
8573
3454
7059
9257
2934
5890
781
6673
5760
7451
6479
1256
1229
3597
8615
7657
7560
2322
1962
8038
7146
7767
6035
8315
2703
8299
222
1349
7487
2947
4255
8551
6232
8105
8508
9159
1210
695
7662
1460
8604
1440
89
3478
5356
4082
7580
6202
5259
7147
4349
3254
1579
7014
9791
1305
7348
8471
511
6030
8677
8928
6201
8618
4543
5139
6077
4857
2617
3734
5449
3995
1307
1502
5122
2108
5590
4237
1470
7245
2028
2764
1842
9234
1637
603
6319
6033
371
1368
3150
9555
5872
1373
6557
8140
2434
654
738
8215
8071
6586
7595
8045
5733
7738
3311
4934
6025
3867
6431
8998
8467
3286
2456
9204
5125
3021
9207
137
6085
6629
5396
994
605
7857
2514
5625
5828
6283
5330
4540
1713
4534
5344
7911
3001
7576
5094
813
5236
1057
1500
5084
3654
9364
6446
5303
1064
7638
9945
7634
7725
5513
2460
691
3111
1032
6375
6459
1629
4422
6747
8024
325
5587
2063
8412
2231
9618
1171
329
4696
2557
5243
7781
1818
4968
339
609
5373
4895
966
4931
1474
6179
7513
8091
1352
9003
4253
757
9948
4894
9290
4132
5826
3352
9895
949
8287
6125
4757
582
4816
7747
9677
8592
8414
529
3219
6598
9675
4881
1332
1935
166
3920
9283
6771
2220
2438
7186
3991
8930
904
3020
7573
4230
6056
5745
2426
5307
2615
9088
1499
5505
3789
1002
6746
3508
7326
2809
6946
7084
5857
4159
5635
5029
7455
9032
8899
1510
4235
5440
2264
3476
697
5076
2770
1335
9524
4240
4317
5955
7998
9380
3698
957
8590
9212
2336
2389
