8432
6618
5144
9965
2817
5180
3565
3423
7593
7443
4192
4877
2113
3736
9126
5409
2840
8552
926
6588
8498
2592
3492
1544
3183
7052
3677
7179
8362
5360
1444
3137
8338
7022
5109
1835
1226
257
6436
3777
7979
1416
8612
333
7131
5537
2109
1507
860
4825
6053
872
3583
2371
6008
2915
1629
9442
1946
2328
5659
1636
4608
5193
7229
8902
390
1578
9883
1841
730
7206
9642
4110
5781
4165
2394
3436
1942
1579
9510
8756
4576
2155
8795
6332
1050
297
2776
2368
2739
8817
4075
9661
353
4816
7987
6711
4683
4085
3574
6847
5468
5596
2924
6908
3390
6055
3889
7857
928
6417
9075
9282
9515
4086
2524
814
319
3719
774
3470
9063
3230
5584
7920
3783
4727
9451
7142
3605
2207
4310
6557
8496
469
6792
942
8710
1508
2734
6780
222
5386
2447
5747
7943
8495
6066
5857
3105
8652
7173
8213
1392
6978
5266
1394
4890
9664
591
5097
8415
9999
8065
2428
8342
433
9093
617
1164
8696
5847
7846
1180
4260
1724
8008
2389
2337
4387
5434
2224
6808
6257
2284
9647
7551
5158
9274
2468
5756
6744
5410
7546
583
4713
1830
3113
6218
7194
2425
5580
5385
2536
7893
4794
9109
6638
9497
2346
15
2874
6156
7660
5382
9517
2172
9885
6595
7773
8344
1678
7115
9862
4081
5083
4105
7916
4763
4574
4045
6330
2410
6456
4132
9015
5143
1535
9272
4934
681
6920
9487
5214
6699
1515
8600
5778
1429
501
844
4253
7772
6179
9584
9736
6080
2693
6586
1119
7211
3570
5683
1967
6635
1217
5736
7761
5784
1862
5978
5215
9553
9273
4748
519
5016
1035
2291
2923
7803
7664
3569
6622
6485
2862
9106
6168
8754
7543
1584
5453
2026
8198
6916
9195
582
1342
3590
3044
4362
205
6438
5130
7993
7221
517
4590
654
4126
4978
4645
3888
5078
3842
6539
6512
2158
7980
4274
6182
3355
6099
4275
2513
8087
6383
1604
1251
8972
1421
1513
3778
3416
9920
9202
1770
7092
6534
1995
5520
9983
4335
5022
366
705
2573
2850
972
7484
46
1686
6873
2044
1161
9330
1526
2859
8913
1745
7914
2676
6170
979
4939
8120
6474
6623
6747
6522
8472
9892
2182
8298
9911
6484
9116
3682
1900
4536
3193
1292
3654
3240
6026
5346
5263
2154
4911
3454
929
5528
4419
6727
3126
4889
7606
5455
4541
1766
9522
2962
1545
9578
9343
8222
613
4202
2824
8716
8819
675
1606
7721
6033
209
5038
8066
9923
3306
8760
9247
3296
8292
7146
3449
7653
7887
9570
4865
7507
3016
2286
7064
6777
4554
7326
3006
4480
704
4028
3391
45
908
7519
5753
808
3825
5105
9646
3414
3545
5169
4538
4503
5739
993
8513
965
9461
7271
515
9117
4204
6176
8266
7015
800
4715
5920
7752
5279
4622
7096
4157
4682
1851
4466
6005
3506
229
7407
2312
6941
349
5801
9379
7800
6251
7739
9023
5198
4596
1274
5603
3964
3714
8649
9038
1212
1663
1320
8167
1340
4195
4936
1399
6424
5251
923
9462
9741
4344
4863
1077
249
2226
9160
9018
4757
8522
7744
9189
1415
2216
3658
1892
551
9958
2323
6377
6551
6047
8028
7779
3316
8209
5664
1576
8044
4808
8145
7645
4963
8023
1559
3361
8489
9619
2636
7365
5525
5374
8287
1978
6375
2160
4087
6634
1095
9933
4759
3864
4328
6759
900
8923
7696
4618
2025
8280
6433
9549
2338
6495
4810
280
9579
9624
7607
8451
8264
8379
5128
8726
7268
2598
6904
3218
9413
8024
5642
4702
5706
3930
1661
3826
251
3542
9303
7276
12
5992
4128
9783
3263
1244
4726
9137
6505
3360
4968
4122
5278
2569
6957
2744
5852
635
7243
1239
285
31
1156
3818
2597
7648
4114
5919
6145
1691
2519
6101
698
5350
2422
4295
8493
9138
5021
5593
1186
3119
4818
6108
9648
8441
7327
1301
1752
5460
6259
5849
3405
1337
9941
3226
6520
2591
5828
5942
4667
5783
559
4091
2238
1495
5262
4333
6934
321
6239
4577
1971
736
8089
9380
2357
9122
5810
2436
584
119
8889
2498
9812
6380
20
8396
7011
4174
1860
8072
8324
4786
2837
7333
9899
8010
8215
5876
60
2161
404
167
7834
8103
3647
1719
6650
4042
2785
5353
2719
9929
7708
233
5640
5391
3280
1032
888
1389
3274
7951
818
5075
4969
8566
8579
2512
7518
5045
2553
1051
5388
8714
7499
8724
8029
1695
7865
843
5750
3723
5819
9205
2341
6888
3869
4033
5424
1169
5833
6443
7090
7293
7711
9843
5502
6991
9737
5977
9679
6787
8978
6836
5456
2445
268
8485
3365
5544
2855
2009
1750
8615
52
2252
9154
7155
7964
9665
7077
3276
5727
8927
3588
7691
748
5812
7296
8147
3347
5432
7033
4874
5938
160
9768
4876
3397
4044
6657
3379
8603
7786
6140
5953
2486
322
2285
369
312
1805
9489
2623
8174
9721
1936
8153
3442
2263
5190
9168
876
5551
3152
7047
1452
9693
5774
418
7184
7883
3348
7674
3378
6939
8989
9134
1509
5957
590
9662
6625
5991
937
3827
478
3223
6876
3948
8251
9448
3039
6992
3101
5139
2220
3990
4830
3860
3788
1418
7592
6704
9775
8084
4303
5657
2264
2259
4654
8684
1147
8384
8796
7153
9346
3867
7901
6671
2802
1428
9831
1469
3957
2737
5835
4629
3192
3156
7854
7845
6949
5616
128
9237
5808
593
5970
8034
9058
1561
7338
396
1166
6087
6620
2435
5809
246
5569
8275
535
716
2046
3190
7312
6180
546
8598
3184
2697
2114
2545
2157
7976
3811
2571
6212
6184
743
4228
2745
1038
2234
71
5743
9697
1884
367
4915
7462
226
8792
7963
9673
4079
7839
8947
2541
5211
6967
365
2748
2142
679
9483
7509
2888
1853
1693
3914
2179
4315
3836
109
7876
9829
7063
5574
5504
6240
775
6396
3410
1640
8246
8546
7589
2464
1083
3311
9110
2794
5797
499
1075
7186
8648
1046
496
903
3014
7342
9995
9073
9119
9686
9902
737
990
1127
1959
3653
7042
2951
7998
3759
5244
8544
4684
6629
8393
6924
4979
5564
5230
3998
6670
3735
5794
2034
2711
2010
6854
4900
6389
8435
8055
2355
6896
9503
5972
5223
2806
8798
8797
417
2685
4627
7477
7473
5292
8407
5396
5459
3514
254
7005
657
7393
9022
8966
4413
6279
6869
8667
7257
7458
9996
8567
2151
3575
6921
494
9755
5670
5940
5129
8918
9
1688
6226
3458
4161
8019
5660
5518
9528
3247
6091
2687
3073
6516
1568
3312
6993
1503
8299
2099
6507
5668
4308
9700
3115
1190
166
944
1135
9387
5806
7324
6771
9409
8772
2530
3631
7453
6128
7425
5176
4553
7688
7260
9164
6208
400
6827
1809
389
2097
3081
4493
1612
1610
1107
1104
8242
7878
1129
6881
9245
6806
9557
9348
1088
2548
8871
5357
5619
2546
198
9616
9311
4648
6919
2249
7404
2561
7075
5718
7712
7611
7235
6347
4789
6626
5492
4338
5730
96
4102
4084
8255
9153
9183
8064
5709
2514
1706
335
8843
211
2244
3094
8688
8374
853
359
1679
864
3210
1283
7941
4258
7955
6338
9047
641
2759
344
9734
9147
3602
2507
2471
6304
51
7373
9620
3955
7713
1482
9055
8146
9433
8353
9307
7222
2590
1921
3893
4738
6135
6432
2865
8619
5098
6776
6177
8335
2784
374
5936
8810
4368
3782
5291
4041
183
7445
9271
8243
6237
8951
210
7750
9984
6323
4753
1081
2088
9583
2664
9322
2926
3167
4360
9285
1623
8387
2362
4076
2059
6457
6390
1787
8565
2058
7743
3021
5104
3535
276
9310
1979
2643
4636
7748
7504
3432
2682
7319
7463
8882
6796
7859
1097
5115
5248
1645
7637
4547
4168
9644
3235
7018
5707
7118
4812
6021
3702
763
4630
8584
9333
5337
5651
4681
4712
1649
3088
1739
6462
7380
6261
9081
1112
8249
4104
2717
5041
3045
3909
8018
3352
2144
8061
1964
5536
7503
6407
4832
1897
4074
5830
6883
7715
3145
3604
819
9551
4250
2684
8732
399
943
863
7669
2386
1560
489
8787
6278
6017
922
6255
1913
3912
1638
5317
8453
6030
3464
978
6351
5929
9873
8142
9470
7032
3837
7056
4429
8844
289
1715
8900
7061
790
8123
6715
1206
3236
1502
8159
7097
2165
1720
3749
2731
4587
1146
1989
9161
9345
633
7337
1704
3533
4231
7432
5111
23
2391
8463
5996
1369
7341
4103
8705
6851
8866
3544
1256
6642
5327
4000
3069
4540
9585
4739
7189
4040
5850
6718
7336
3519
8820
1054
2121
7396
4989
7580
1888
9803
6102
2563
7012
7612
2020
7862
1651
7455
3051
4732
4217
5837
1760
4221
9555
5471
7478
7973
377
5392
2376
7437
2746
6762
4284
3483
2622
9928
4367
7760
9884
6590
3275
4254
4857
419
3065
4642
8583
3135
5527
5481
8540
3102
3899
3286
3874
2617
4449
4291
2080
585
3285
4961
4080
8562
9800
8804
7807
484
3191
6829
545
8163
443
8272
4349
3187
2185
9249
5293
7410
7838
9977
7799
5539
9565
1393
9374
2461
7655
5074
8578
1341
201
4101
1796
7426
6442
5155
5125
286
9365
3640
3288
7301
1234
8471
1689
8455
989
5425
7349
7357
7534
4113
9468
3799
7905
1716
1295
93
2603
5691
1855
7031
2412
2247
7676
6750
8305
2129
9338
3409
6850
3762
1702
3124
920
2535
931
1154
8729
2618
4358
9040
278
2251
5932
9824
8895
8326
9695
4885
6895
2762
6203
5084
1052
9592
9550
8539
8533
2768
6198
53
4663
2698
5160
5444
2441
1602
9890
5359
2201
6841
3795
7591
5364
7242
7906
9672
4484
6007
7924
8922
8418
0
3743
4569
3724
2119
7651
7615
1183
1634
5999
9302
621
76
5475
7249
5813
1177
4537
1816
2898
5397
2703
4179
4496
463
5482
5884
6695
8116
168
4791
4535
6324
7461
8842
4061
9813
3540
8727
5286
8241
8203
9564
214
5713
8925
3814
4835
8373
6508
8289
5405
2679
5322
2669
113
579
7575
4326
7870
1877
1818
2426
7665
8789
1111
4208
3597
2873
1903
2281
6972
6681
2896
5339
7623
6692
699
9385
9225
2641
8931
8484
6153
4083
9819
7710
3861
4984
9779
1323
2797
6823
1525
4700
6470
7457
9952
8367
939
3693
6678
6290
4220
785
6660
4891
2631
9197
8092
8102
8677
225
5552
1400
5804
9617
6368
789
3979
2766
1923
8040
9531
1748
7069
7833
5003
2487
8212
4068
3913
6857
7158
3862
1468
1795
9293
1207
9942
8021
4294
3578
6366
2749
1565
666
9599
2751
2718
7350
301
9504
1890
4776
326
8692
731
796
6793
6096
5842
4272
5671
4948
2581
6105
5859
5329
2499
9600
5845
8171
159
9976
6151
2804
1049
2483
7446
4862
9449
3406
2451
3403
6190
238
134
9006
8265
8354
5281
6700
9760
3573
5533
9280
5000
1098
8349
8952
4847
5093
4152
7263
8991
7014
8681
2033
9964
1175
4525
5269
9930
4471
988
6884
4361
714
581
5885
8759
9070
8036
7418
6602
667
1014
859
5556
2086
3936
1780
5307
7666
9886
402
1976
4527
3033
9657
7234
4698
3967
5800
7649
4069
41
1153
1592
884
1228
6132
1150
2136
9334
9045
9601
5196
6435
3555
7177
9499
6250
2496
9810
9765
3395
987
2705
1880
7224
425
3216
4426
564
153
2344
4027
3983
2504
373
1144
9785
1522
1287
2477
2828
4952
7775
894
1863
4578
11
8750
1102
2112
6666
467
5604
9415
7185
7359
1762
3163
384
7652
4501
5798
5423
4140
2316
7487
7137
2196
8530
1264
3504
439
7707
5699
1935
6314
3093
376
729
4018
5748
1861
3233
2143
7817
8719
8502
9465
6613
1721
8136
6846
9548
8404
5908
553
4447
8611
2803
6546
3106
4448
5316
1834
527
7684
9292
5367
8013
3628
3599
7334
4173
8077
6086
7389
7844
9797
7585
8516
6923
2396
8631
2126
139
1439
3098
5404
7093
892
4829
3058
9383
6107
7297
1255
5562
1585
6842
4686
4436
1082
8230
5300
9196
3757
