9953
4561
762
5260
3640
5717
1533
5545
6280
3847
9307
2569
5011
2304
4923
3057
6760
7098
8524
5888
7110
6496
3467
9480
5335
143
8549
7695
790
278
6070
5273
7315
6209
5094
5374
2475
3746
5652
1095
2775
196
5614
8521
7918
5874
5207
8202
8684
5238
6672
1516
7367
3893
157
5945
1756
3866
6115
4831
5748
6336
123
1497
5066
1211
8961
7776
6243
4963
571
9279
1133
2870
5863
2904
952
8673
482
566
5254
3632
3229
8096
2697
8765
819
1315
2839
2645
1264
8883
5547
210
5701
8896
275
3504
2132
7855
1851
3374
3571
8163
9966
9969
4721
8621
4247
8757
7082
8225
1129
8386
1001
6947
6130
8182
6427
4347
1723
7560
5666
5876
6109
439
7119
3907
1518
2307
5542
1338
6469
4162
8405
1059
784
3728
5808
1478
2500
77
9333
8463
639
9076
6532
820
37
5148
8227
3237
5059
8027
6488
6653
397
5004
8718
8368
2440
3575
1404
1195
720
6986
4700
4948
1581
6232
2765
3062
6966
5412
3384
4533
5444
4083
2620
7958
333
3492
8312
5065
208
7583
3527
5687
6137
4884
7417
9155
6715
2963
2933
3016
6607
481
9535
4312
5920
5900
2897
4699
242
4041
619
700
2485
8585
6955
2980
3077
2414
2326
9939
3554
5425
8075
4308
6885
3909
4
3770
3458
792
7743
2480
9707
9675
6738
709
3427
24
8267
7561
1016
4714
5516
668
6037
6418
6142
6360
8491
8102
9688
1625
4768
1341
3048
608
5650
2251
9934
6869
9375
477
4589
7363
136
2598
9165
9027
8814
5834
6821
2673
2097
1894
7352
871
8258
8217
5870
9062
957
8036
5338
8270
5305
9701
6321
817
2461
1824
6495
8009
7286
4474
2196
4779
310
9255
3840
8278
5510
582
2981
2167
3462
8873
617
6132
1160
5251
6325
5463
1626
8124
5307
696
4445
766
9071
4418
5012
2137
6806
8867
5191
3111
8767
745
1736
2189
6262
8664
4377
8845
3846
6644
8195
235
2549
2027
7242
3171
5688
3860
4564
5894
6879
409
5910
3956
3983
5891
1608
3110
9403
4815
9415
6390
4792
5846
9120
3309
2689
3526
339
6703
5979
703
3395
4160
4751
1734
2121
1224
7768
7706
9666
3011
7497
4988
5941
3828
8175
7504
5122
2778
7837
8862
3273
7908
614
5340
2912
349
1926
652
8215
3888
705
6467
9578
3681
931
9596
4182
6594
9655
1474
4078
1317
923
9809
2517
2049
3066
2017
5231
502
3988
5076
10
4196
9240
6611
1253
7531
1302
2774
8602
8534
7104
1534
7216
3027
9284
3790
6627
4254
3370
4876
933
3970
3955
398
6847
7421
6742
7601
8357
8153
2037
4786
3653
6762
7624
6293
209
2693
3982
4920
926
1614
4861
9564
2391
2174
6468
5578
908
5893
785
9061
9662
4283
3363
3958
9116
424
2555
1096
2065
7357
7967
915
7979
6835
9998
5957
89
9656
62
6698
2103
2616
1418
791
9113
5978
6081
1421
1789
9529
888
5244
2601
335
5580
7399
8988
3944
2629
3004
8948
6104
2233
8696
7639
2664
8005
5387
4276
8379
2572
2459
5664
948
4207
8454
6266
7603
2431
7500
2842
7767
2902
1847
8396
9545
5423
1143
9344
2021
4708
5016
3188
612
9819
1555
7105
5663
2377
4873
169
5651
788
2010
1607
8041
8479
3275
4058
4838
4966
4542
624
2163
7816
1683
4315
8121
4659
7356
453
7068
9117
2325
2161
8321
4263
747
5284
3174
336
8674
3101
1299
5008
4075
2347
3063
6509
7118
7027
8917
8532
8798
9194
3184
9734
4114
4738
5552
4698
9889
9497
3277
6246
9438
831
4335
1483
7686
2397
4538
2637
1617
6083
5543
9425
8635
8605
9751
26
4128
5786
7684
6239
5276
3671
5369
829
8051
7655
112
4095
9723
2445
8828
7556
4539
6258
9854
605
597
8294
6276
3818
8721
8167
5830
1450
3720
410
3899
4784
7977
9975
6927
4962
4773
8313
3087
5383
9158
853
6038
3924
9760
8520
193
4339
8148
8288
6884
7516
8406
2749
5325
2199
2032
6531
9629
1455
5372
8835
3153
3823
6176
2524
7151
3935
4104
3368
9526
4463
414
906
3631
5759
1400
2460
3463
8714
941
4018
8031
907
4919
3562
4261
9430
7783
9554
1313
9937
5854
4758
382
6588
8092
6092
1603
758
7749
7651
1218
5189
3308
6111
9296
1125
8478
469
2335
7452
4226
3601
7971
1754
9888
9065
8169
5050
7182
6918
5199
8700
682
6599
8567
2955
3730
9699
337
6534
2158
6638
2520
9960
6848
4374
8003
5286
8474
1032
9950
9443
218
3304
9453
6169
6151
7181
1216
8971
8565
4407
678
195
6249
6886
7391
4014
890
7321
5539
8112
6044
5212
3980
521
3621
498
7670
4487
1808
6107
8219
8962
5309
4967
85
1035
5662
6888
3015
6566
9732
264
7486
600
7536
3096
431
6772
1570
993
6619
6429
7650
7400
6499
8387
9069
8495
2197
3200
8351
3618
1026
9615
2853
6794
1326
7785
5314
5384
7641
8823
4163
1006
1310
5939
3193
646
7309
2048
3611
8876
4697
9512
9245
4625
1967
9988
8522
9845
243
3211
7718
2417
7246
1493
905
6679
6990
9841
6310
7178
8149
7754
798
7130
1357
205
1916
4704
6034
7186
5057
6758
6333
4997
5789
3523
416
2763
9439
8467
1730
6517
7395
5432
4933
4459
6099
8711
8472
677
5936
3529
2744
7141
2830
5925
6273
6768
6706
5706
36
2615
9121
5334
5107
2463
1539
8136
4785
4526
1106
7871
1164
5497
3076
7297
7173
5675
5962
9278
9326
7539
925
7142
3862
862
5224
1318
3440
9932
1845
3902
5764
52
5563
7669
7803
5062
6260
3883
3616
9961
7254
7422
9908
4070
9754
1905
8842
2552
4054
8822
5368
9198
9612
6359
3878
5990
9308
9891
3865
6829
3055
3088
4164
2214
8130
4240
3300
5136
2594
2008
19
7750
4175
7798
12
7781
3466
9287
7350
3119
2712
2613
6661
2501
7952
2826
8929
6586
849
8286
8373
3006
6502
