311
2861
8835
7500
8183
4704
3732
6764
3679
6321
5956
3931
3663
4699
634
8899
2023
8060
9966
9108
9594
2986
3769
472
2365
8617
8361
4971
3974
6359
6939
7515
3818
5738
7370
3189
573
5040
1018
2495
7705
4103
126
6221
8778
6601
4445
2562
528
6437
3796
4295
7654
3228
4871
4014
1401
3043
8044
5251
4463
9587
9934
1125
1054
4086
3216
9350
9733
1598
7288
976
4394
4186
3690
9919
9091
4916
2179
8754
7986
5225
8600
1511
5033
7971
7226
8824
4863
4984
4
2174
5403
5140
8800
7302
7379
4698
5437
3461
7289
8888
3900
4359
4131
4349
6085
6407
7788
8945
4173
237
6132
677
6222
8077
6785
9381
6707
599
6100
3960
5837
116
9105
6464
2683
661
1325
5598
946
8419
7781
7507
2277
3334
1547
129
674
1233
942
252
1250
7297
7912
7194
932
1538
2592
6099
6840
2199
9498
3896
1059
7166
4007
1684
7397
5683
6950
3060
8143
8797
7677
1525
424
1926
526
7444
2183
8037
4447
4225
5512
635
2190
2151
1156
3800
5369
8452
1432
7061
5876
6724
7943
5796
118
2883
9048
9830
2166
9075
7718
3591
326
7992
9403
1711
