2148
8803
9229
6678
2661
8864
2962
6388
6115
3333
2063
590
5976
1625
5634
2269
9137
939
7627
198
1911
676
9744
8495
2880
4942
9008
5193
7917
9945
9002
9087
7140
9024
1872
7598
4593
5934
1406
6507
5273
9482
9827
1391
9435
5918
3176
560
885
8988
1512
4451
4921
1309
1650
5235
383
682
6648
7171
7261
1697
1070
4442
9281
5956
7006
9713
1415
9260
241
1954
1303
9110
7609
5073
4474
8735
7930
6065
1715
2237
6313
6478
9873
8160
8480
2004
8203
7114
463
1140
6919
5224
5054
3561
6490
3151
3292
395
6462
4754
4255
1565
8296
2909
9474
152
5099
7713
7219
49
7237
2185
9457
4681
7654
4094
8816
4101
1306
6432
7873
9870
4991
3702
8827
4984
7927
3224
3837
7932
1349
3891
832
6966
4579
6179
8857
3181
2030
3960
2377
496
9681
8156
3789
4555
8867
7667
987
5336
9097
6945
6232
6988
3676
9677
6739
8736
6999
8267
5592
2436
6631
1087
1517
1278
1828
1554
7846
4954
4737
9458
427
6975
1085
1634
2292
4955
4291
6212
7447
1927
5733
6318
1718
7378
5304
6175
3332
3537
9824
2089
5610
2441
1365
9424
6677
6608
