580
7186
4722
1405
7476
4706
6062
3771
7030
7025
5656
113
3656
7120
6408
5368
7248
7356
3596
8915
1130
2151
7967
5340
9148
7352
8119
346
5416
2854
846
4022
4236
4678
3523
8348
8952
5753
7747
7366
9998
1766
3466
9818
4976
4939
6512
1738
9073
4529
6793
8291
5919
9504
8383
5853
3914
3644
9719
9783
5539
6094
2362
5660
9142
1635
6361
7421
6783
2205
3030
496
6086
8806
5559
6900
8049
7296
7580
8501
3060
2224
9591
2900
5635
1646
3913
6467
6022
6098
2972
3535
96
7651
3710
8071
7346
837
6371
6692
1235
9483
8744
9353
4989
8821
5924
6594
3766
4592
9078
4941
7254
5466
5825
1189
9151
3659
3320
9796
704
1951
7512
7221
944
7984
9651
6129
1070
3420
1972
4629
1053
2378
2804
744
3042
8396
9252
9125
4975
9997
3584
9134
2920
9199
5661
9437
8292
7598
1084
4462
2962
6031
9439
5500
5301
9174
3124
9686
3477
715
8246
3350
1755
685
5066
3187
4080
821
3759
2773
7846
8887
1350
9900
1689
3853
2584
7227
2558
6444
9171
5104
1876
4937
1271
3361
8382
1108
8406
7976
3708
9335
3374
2894
8728
5298
1334
7020
9811
2154
5706
3689
6380
7794
4860
1545
8715
6089
2208
6885
521
3271
9510
1586
9905
5650
2460
2716
8551
9937
7437
2281
7899
1374
6241
1973
6519
8753
6553
7487
9097
1511
5236
1484
5221
2098
5194
4661
2330
919
687
4142
5900
8694
295
3335
4564
2618
5764
8864
2253
3467
6274
8445
5428
7780
4442
8110
5579
4567
7005
690
325
2092
3830
1263
3018
8305
132
4371
9429
9360
1024
1092
3653
2741
9139
6534
3727
8452
6294
9614
5743
7047
3433
4734
6976
8289
66
3426
5367
5517
5526
9602
4538
4752
4578
6997
6575
4211
4104
3498
3359
7338
4381
3220
9114
7582
6342
9638
3930
5199
3183
2983
5606
8195
7508
1366
6029
1602
5149
3636
1027
5132
3557
7457
3572
543
6487
8056
3176
4413
6384
8136
9126
5849
7327
4597
6527
9823
7530
6174
1312
5745
5759
1161
7902
5934
3390
5780
2170
9373
3188
9950
6689
9411
1784
4866
2384
9357
1879
3280
5075
4726
5251
4071
7369
6757
7155
3432
4133
2443
3375
3096
8500
4665
1748
2664
1254
6892
4845
4839
5312
6507
3482
3070
2444
1407
1708
5103
455
4095
7987
1232
8985
9967
3869
4252
8938
1067
3437
2796
4253
8991
559
459
495
539
1984
4729
9493
4393
7444
7668
7681
5240
8128
9681
2797
3819
4122
5708
8258
6510
1044
8820
2127
1219
6266
8521
3752
6315
6760
2591
7687
1360
1639
8102
9032
2394
829
6528
8705
3028
8601
686
3075
8720
8051
2586
7406
2034
3088
6036
6434
817
2830
711
7435
903
4667
5819
1458
928
8748
4681
3295
152
6378
8042
9153
778
9182
8691
6311
1721
4642
6108
2929
67
3469
8909
1192
8156
6555
1946
9947
8736
5988
5131
565
7107
9145
2275
3737
2503
9565
7295
