4329
9435
6873
7309
7409
9087
1617
2507
1730
1104
2646
2028
8550
4893
1191
4116
8994
2192
8955
8580
4892
3501
1871
9054
9411
9550
2098
586
7476
9154
8684
368
6870
3671
7457
1115
7291
9960
6081
3357
8492
1640
5230
2604
1526
9704
8725
521
9007
3609
2058
179
4555
3932
459
9747
1634
6208
6642
7134
8605
6324
6629
8208
2981
3415
5331
9403
2950
9370
2516
4266
8358
5935
863
2958
6902
2999
1133
5717
1333
3261
5940
9727
4556
623
4033
9964
9056
2330
1084
6847
801
6052
1980
6040
553
1791
5316
2866
2012
8190
550
8070
2755
5867
1447
7468
7375
7112
6430
5849
6300
5651
2689
6653
4050
8032
4037
6839
4280
4980
2784
8138
8234
6928
2171
2574
6801
7575
5912
7633
7107
5598
5367
6963
1461
6288
4391
5583
3675
7526
2405
7995
2861
6031
5382
9109
304
4815
1932
4785
9323
65
1211
4676
3052
9853
5260
9333
4821
6034
594
2675
4586
4482
3937
9596
8123
8869
1184
9052
9751
9442
6106
779
3443
8374
9427
7020
8651
6370
263
13
2610
529
5981
2268
7424
8504
999
6457
7665
7787
265
9324
4387
9071
9533
8602
