4183
2667
2583
3495
1932
61
7903
8496
9669
830
8364
9330
4220
2894
6149
158
795
2864
3281
3265
7050
7765
6654
9878
3682
5995
3828
1459
3197
8775
8153
2148
1875
8104
7335
3617
1789
3357
8229
7810
4300
3778
6847
4807
6922
5740
2068
5275
7541
8606
6303
3400
264
7257
523
6032
6516
6462
3234
9923
5414
7564
7284
4427
5846
7081
6957
6377
2980
7273
2851
8202
2677
9005
9962
626
6095
5936
8224
8581
4378
5888
7095
6055
3023
7263
4789
1820
3187
1959
3573
3564
1527
3673
4793
9260
8173
7630
1944
4867
3658
1291
4052
214
381
3212
6860
8686
528
8342
8086
1371
6468
8682
6021
417
9754
767
6838
7869
8529
9061
6471
3879
669
8353
397
145
3209
5680
5048
194
1553
7875
6240
5880
213
4247
1807
9583
5671
1682
6542
7292
2288
6956
3001
7725
942
8242
3838
2388
4023
9563
4573
564
1325
6937
9233
2468
2869
7460
3742
4532
5083
9068
106
3736
3006
9199
5616
7553
5068
5626
8417
807
9253
2280
6971
6386
7814
921
5457
1231
8534
6492
849
9771
2613
716
2342
4832
1913
4221
1557
461
4619
897
8575
7651
8778
3725
908
8107
3303
4121
5787
2671
2040
4107
7411
5850
8084
7428
4883
6176
134
8283
1141
6129
3302
3485
244
4253
3047
9613
5840
3820
3690
3829
8427
3151
2401
7132
7973
3129
7148
1335
2903
7357
2336
5649
9053
396
3821
2259
639
9174
8699
5688
8425
7526
7333
9825
9547
583
5158
6288
1182
1135
1024
4833
3034
6938
4171
9251
7873
5540
8551
4373
3425
1909
4053
7405
7557
4679
6979
3200
8099
8758
2214
864
6173
6950
5235
4550
9607
6688
6308
6484
6804
91
1536
3161
269
6287
4475
2421
1660
6437
3173
8701
3922
3301
9774
231
4952
9200
5742
8625
9950
3439
9877
654
2691
683
18
5901
5560
9088
7417
5903
7697
5586
770
7340
8509
3508
4012
5537
11
5929
9358
6461
9806
518
7033
4927
4754
2828
9657
2392
9879
7944
4319
5761
6715
2908
2875
8237
8151
368
4721
386
2338
2111
3594
6704
880
6136
123
7686
3599
2105
2076
8879
9015
6591
1669
4288
8724
9543
9629
9738
9127
8220
9515
9952
6899
6070
3030
643
6744
6426
8768
4944
7654
8239
7542
2298
6606
3685
542
8374
7379
1743
6151
225
3372
8671
805
935
6399
759
6008
28
3098
1661
3987
8739
3697
5524
6832
7461
2062
7287
4231
6455
5206
4492
2896
7430
2240
4620
5032
6986
8436
4627
495
7855
5170
5309
6391
4416
3715
8944
1340
9079
5803
953
3650
5394
507
9966
2393
4539
3819
4570
1028
5096
469
1289
7916
8826
7311
6097
1373
8392
5851
4268
2587
8371
4167
7692
5293
5324
4131
5249
3583
5215
5781
6619
5161
7478
4381
9652
655
2734
1341
4064
3782
7385
1958
4240
700
413
5042
736
7782
4508
1848
2025
5971
2363
5187
1342
3705
6379
5040
787
6286
2444
9493
6137
2607
611
538
7463
2888
7905
3891
532
8006
430
1055
9532
3608
9160
9561
7194
601
4576
195
4374
4632
94
991
6128
8067
2004
946
3519
4257
3331
8383
9324
6865
4237
6063
5358
5453
4664
1719
7900
9693
2990
4470
8511
8981
1048
3951
2935
7957
5745
2835
2041
1477
8711
4394
1120
8744
8035
4262
727
2302
2492
7137
4139
6708
923
142
8764
3235
9027
4176
6635
7922
4534
5618
8719
2005
1088
7525
7354
73
3936
8160
1315
1613
7355
741
5883
7448
990
14
3484
7924
8971
3932
1369
592
6627
4245
4314
7611
4011
6652
5563
6699
6110
6769
5685
3065
6593
1879
8228
4066
9433
6579
9037
9150
8838
8533
6463
3770
888
1376
6259
9937
143
2707
7141
9483
1495
8359
9590
5382
7544
1102
5474
4113
3477
1912
9148
5375
9840
403
1596
2294
3446
2960
3141
1245
1307
6942
1827
3112
4583
115
7885
1194
7958
6158
3605
4701
4223
8211
7153
3143
8284
5420
751
5079
2532
2815
867
6068
7876
2453
5199
4822
2930
9558
7170
354
3561
6778
4016
423
9829
1930
999
756
5181
8079
4338
1790
4695
3654
612
1819
6859
1996
6967
9616
4753
6772
4913
4743
1599
2852
2915
589
3592
4674
2507
414
3978
8297
2489
4932
79
3167
2390
9894
5682
3986
149
6123
9960
8482
101
4377
8515
4958
861
6554
6380
26
7799
5714
9811
2250
4229
997
6588
7096
8677
1813
8059
8932
5291
5252
3423
8543
3851
6347
3278
6722
994
8591
1271
4975
5133
7133
4870
4888
1602
4892
3283
6001
1284
5425
4651
9343
9889
2819
4421
2400
7265
7638
7535
7700
6229
4726
263
8660
5940
2258
6729
7013
1900
699
5759
369
1597
7008
8282
7952
3203
7567
4828
4853
147
2243
5335
6054
6276
4462
141
3984
3206
8930
610
9905
2518
681
1498
8420
3183
7771
39
6281
2472
4755
9869
2813
5917
253
6279
7296
3297
7312
856
227
5002
8985
2045
5644
6884
4041
3902
5498
9424
7721
8735
1998
8128
4872
1329
7243
7016
4566
9010
7453
3279
8438
7157
4529
4361
8890
9807
2075
5027
3009
1040
5950
2566
2474
321
9549
8703
4579
9676
9116
6920
820
2872
918
3288
4110
2830
7550
2946
380
1611
2256
2547
8459
1750
8954
2339
3603
9760
2618
502
5891
577
8755
8634
4916
3716
5112
3556
5677
1650
6536
6874
9548
1422
7131
3253
2724
455
4670
1763
459
4463
4464
27
5442
7172
6393
2228
9539
7037
6116
63
6346
7250
6713
3087
5760
1615
2231
1058
5816
1209
9562
9791
8190
8065
2985
6254
9428
9666
8279
967
9434
8844
7570
9684
9783
9748
4565
2666
9074
8836
9740
5351
8664
6727
8916
9627
9948
1225
7281
4528
3655
9383
7490
1735
485
2319
302
2731
1730
3814
2171
4356
6785
7112
6943
5535
3329
1301
284
1618
1043
2571
8036
6601
3719
122
6047
7002
1401
9373
7826
9351
1849
5716
9033
1847
2612
4129
7052
1454
8635
4035
5280
3008
5301
6140
3376
7451
9506
1783
9622
546
4393
3317
9647
7783
1533
9673
7039
1641
1574
4843
1434
8411
4641
1821
451
6193
5828
9286
9749
9198
6231
5724
6570
7932
6662
8088
7025
33
823
5243
1249
5006
7276
9022
802
2798
2795
2330
3451
6745
2941
7090
406
4249
8579
7364
5825
3015
983
6879
2460
8867
31
1523
2810
9743
7897
1577
4287
6911
5743
463
7834
9366
5583
6868
4267
7472
7492
9394
1436
5056
8582
3988
3801
3632
2389
4553
9998
1172
6836
4437
7889
6822
388
6369
404
7396
6856
9489
6060
9404
6246
8053
8014
7356
120
6908
2511
2829
4068
8997
2585
8614
3834
3980
3836
3003
9708
4386
6892
3732
4327
3596
7313
124
6877
6792
7040
5660
4491
1106
3586
4133
3136
5071
1038
2867
2096
7349
2737
6093
375
3925
1563
446
7718
1057
8492
4871
1006
5165
127
7584
2159
4003
3072
9678
98
1903
4654
961
7468
1418
3740
4443
4648
7228
2112
6433
2131
1428
3680
9335
4768
1192
7489
816
9209
9115
6213
929
238
5119
9425
2541
4538
9371
6257
4862
4415
8101
9701
4272
7939
7532
265
1180
6064
7615
1604
9086
9615
9219
2065
2457
4729
9492
5654
5795
9045
7858
8166
7119
3196
9755
1001
1228
4881
793
5879
9957
9311
1427
3668
234
8942
8559
5765
9229
9915
7464
9919
675
8455
3698
8787
5958
6888
359
2195
2790
5552
9699
1538
7075
356
5694
550
745
9714
9496
4325
3900
7707
3784
1448
4714
1244
3337
7097
7427
2964
3914
6894
7574
3602
233
9309
80
1867
9078
8386
4705
9123
906
1621
6366
5526
4046
5908
3637
9302
9918
5264
4909
2360
3703
5257
3584
2120
8270
6802
5354
3933
4527
52
3233
8187
4483
6641
9201
5211
8260
8578
9856
1585
8665
1475
4418
9375
9938
2284
4482
8087
1937
7207
6338
8453
5016
7605
2246
9888
658
8098
4423
7288
7347
7269
2839
5699
3547
1045
1280
1739
8799
3426
7733
9822
275
1387
9904
2656
900
2193
9490
8908
453
5902
943
7620
8780
6365
2808
3412
7224
7085
8847
8567
3460
9453
7495
7513
204
7882
1312
4580
2529
8502
1713
4375
4581
1157
5122
2796
1605
9472
3582
5325
2687
931
478
4433
5049
2660
2765
6103
8628
9451
6392
8264
9866
543
6891
8896
4138
9609
7660
6450
8624
4750
4261
1864
2020
3572
7667
3641
2975
3889
2776
9573
1861
9145
3458
2536
754
5905
4119
862
7135
789
8495
3338
1792
9419
5435
5045
9153
3763
4065
3701
2719
7181
2074
6737
6766
2580
3467
9897
6880
5349
851
3761
5296
824
4752
3587
5076
828
2261
7968
2949
8095
6614
6145
933
1539
9013
6200
8503
5169
6941
1895
6830
5670
7143
8103
1578
5606
5281
3031
3294
1702
9106
6527
6906
454
6746
9824
3626
9118
4160
5271
7938
9732
8976
7216
5954
9047
1328
5886
3800
711
7509
1488
7970
9340
7338
4516
1768
207
3308
5320
294
3231
9628
2982
2326
6571
5454
2155
3579
6544
261
3473
5909
2906
9753
892
4152
562
5588
9827
2510
6809
4098
6857
8277
903
8161
6144
1152
8452
2651
4592
9956
9853
8970
3318
8921
1606
9001
1433
6448
121
5455
2340
1999
2056
5884
5624
3555
6294
987
3347
76
6202
1562
3172
1870
5894
588
8769
5841
6464
614
2293
6946
4970
8488
1265
6596
3123
1337
5866
8213
6770
4762
5121
797
4841
5641
1636
9156
8396
8176
299
4530
4295
8008
2102
1111
7242
8183
9685
5109
2038
8292
7757
1727
8339
7735
1095
6735
1189
50
10
5460
2816
9495
8911
5108
470
4879
837
3675
6344
9526
9796
5776
8524
3952
899
8143
5725
871
5961
8268
1708
4079
1969
3445
3403
2763
5182
9972
7098
9413
3859
4778
5875
1695
40
6505
2290
7966
1400
6108
3120
3428
5298
1105
5975
5251
2010
2957
6168
2857
2201
2561
4691
3052
4395
1050
3435
9651
4810
9601
1766
5495
5333
6794
595
9389
8479
154
2320
8387
6299
701
5065
2950
2969
327
4727
9992
5011
2914
1268
7829
2496
1117
5330
2853
2398
4281
5691
3159
1426
9093
2743
5708
1190
2136
1327
8690
1896
1949
2590
6615
9032
9817
1722
7449
5277
7832
8620
7649
2015
5111
4574
8622
5628
6403
6076
7386
7403
558
8626
757
3455
9681
2690
6334
7715
6102
2897
3913
3482
4618
9717
1150
6963
6023
1579
8741
2337
4426
9766
2977
1017
5534
7754
719
8315
7079
372
6320
9354
5766
9682
8234
9690
2659
9700
5263
7991
6582
7093
188
9098
6994
259
7864
1568
7599
678
3226
3437
5665
8547
8939
7896
5924
6636
4638
5659
637
9653
5092
949
6999
1612
6902
8653
3044
1933
596
7703
2832
4622
100
5052
1027
2368
4996
9711
7740
2684
5383
6560
7195
8321
5674
1261
7689
6559
8974
8001
9146
8111
4225
2863
5447
4590
9559
947
8560
7963
5585
7298
1546
1051
3961
9112
8885
8316
6924
4890
3089
6180
3974
8713
5088
4898
5789
3349
8057
6862
7394
5973
5489
3369
5645
5352
8402
2807
4541
1593
2845
4965
1414
9466
6201
5126
7676
8611
6451
8998
2682
6764
405
847
6025
6248
1246
5536
9276
2918
3491
7413
4809
1431
6918
8872
320
2766
3621
6155
8925
1112
3917
2956
6564
6449
622
6973
8941
5270
9073
8328
4042
6681
41
8454
343
2055
8025
5332
7215
8038
4047
5178
6316
6525
9704
6172
166
4454
6679
9900
2564
3068
8898
9124
9689
3378
2314
6962
4324
8433
5000
5756
547
7240
1374
8966
6066
9446
1104
6499
5149
4614
1609
9801
5579
4876
6701
2378
9161
1936
8906
6086
1365
273
7693
6341
9437
2346
9159
3977
9736
1101
3085
3059
2199
8167
16
3570
3154
1032
6692
4389
7891
3562
1816
2289
8504
8946
59
6007
7590
8031
9667
8788
9838
4715
630
2871
1769
