4324
8814
2977
1228
7741
9490
4929
5398
6765
9508
5461
3837
155
4277
529
7978
6548
217
3333
7214
7127
7620
9257
8315
8741
188
632
3482
2565
3141
5324
8975
2083
4334
2879
4122
5681
9740
1167
3588
5240
2824
6162
9530
9650
8503
3576
7907
615
7659
6107
9985
8970
5895
9319
8020
4350
8830
6464
2988
2372
6880
4448
9817
4833
2980
627
7093
2157
2357
7309
4982
8964
1145
3950
9715
5672
4160
2119
5742
137
1304
2139
3082
8197
4255
1618
6300
8172
6758
3495
2080
1775
470
9249
3081
4276
8479
3590
5306
6077
2973
3537
9946
3400
224
2593
4573
7622
7450
3078
7419
4036
4931
6905
6434
3425
7118
2062
7824
2680
7218
9246
4522
9063
6774
2140
7856
6720
6961
4155
3060
4223
5125
4496
4354
6587
9169
2678
8794
8641
2004
260
2722
9181
5259
9811
7973
4251
661
4309
8425
5152
6008
410
2785
6471
8789
7323
1134
4503
4087
9984
6057
6357
1764
9388
6381
8390
8851
6312
1917
5627
5226
783
5071
1837
7821
5802
5595
2642
8909
5224
6465
899
8692
3272
6734
4117
6845
7298
9584
7846
7031
6963
3406
1126
6563
44
9963
2561
936
5855
7641
2479
4549
3964
6316
9147
4017
4953
6565
42
5666
9276
8773
9969
8659
8968
2887
7232
4481
5593
9397
3095
9177
7809
4513
1174
8079
6995
5465
7966
1904
6601
8194
4048
3735
2798
1025
9681
1014
5718
5379
6910
8788
6251
2412
424
8929
9124
5663
7253
1042
3006
2929
1384
6750
9132
4622
6965
3635
2560
1871
6837
4175
79
8346
8556
4274
5856
1207
4373
5751
7194
8634
5828
9083
501
4626
5187
6433
6869
176
2890
6711
3395
411
8661
6994
2897
8083
1462
6855
7075
7184
7965
8452
346
9899
4667
142
3402
4555
6704
5922
6785
607
1598
8849
8118
5600
232
6032
3328
4781
4074
759
481
5900
4791
6941
1859
5290
4244
6231
962
9704
8877
8525
3819
2645
7327
7748
6884
5115
8681
1403
1153
6248
3709
369
6770
9771
4505
9756
9053
2468
9738
2501
2706
5387
9664
7779
7768
8494
4756
3875
8293
8063
5363
8606
9253
2296
2130
2077
3920
7457
3616
9562
8044
338
3846
7863
3067
388
9767
9844
7717
6001
2709
7932
4858
8841
4631
7020
5477
3130
9801
7929
9375
907
6410
4981
7485
5752
5405
7409
2995
2275
1424
7862
5986
3418
3488
1528
6447
9149
5170
9759
4764
4634
5804
9329
539
9901
2444
930
7353
8059
1532
5433
4691
8666
4278
4846
9034
7081
216
3058
2326
3784
1703
9564
3361
6986
8977
8819
1716
4236
6039
6126
5320
7523
6289
3351
7112
2819
2177
2056
9150
2291
3146
7537
2150
7405
7062
9396
6757
2946
2751
7351
1678
7600
3121
6215
8791
2323
3778
730
3602
1268
4976
3550
6171
6123
6603
1702
1004
8705
5233
1989
6817
870
5012
1204
8514
8853
8467
3229
9213
826
9961
214
6705
4429
29
7496
1407
6111
4825
8297
5846
686
1006
4489
8245
7265
3683
3061
6815
3720
7509
315
5146
7942
3548
5491
1099
1542
1747
4249
4734
2060
7759
4150
3745
7282
5744
1809
9198
2800
8380
3700
2569
581
4987
8275
2149
2220
1634
5877
5926
4875
1504
1938
2938
23
5422
1505
2604
6570
1009
5156
4090
3030
1795
7646
2932
5807
7331
4849
5237
4148
2807
1330
5076
9524
7732
4678
6396
9492
5919
8232
8806
8734
7053
7346
1846
6594
2720
5901
8847
8107
526
1949
9776
6423
6599
32
9558
5796
9052
2459
5321
3325
611
2730
8588
6362
3877
3781
3255
6386
9742
7329
267
1484
4741
7660
1060
1132
3087
8835
8986
1475
4157
1869
8904
6808
5678
127
5551
5131
5668
896
8190
7481
4430
8136
3791
394
4564
7484
5494
8270
8439
4559
7880
7694
484
9903
8295
4500
5499
1872
8329
8936
9297
6068
3868
1196
8233
3620
3151
1771
1327
3024
4802
4822
1952
6148
910
9168
6085
8644
6870
5347
3694
5047
6864
208
4726
8862
9721
2093
3754
5652
3477
7415
8436
5277
7730
2769
541
2035
9879
2681
5154
5830
2274
2250
8643
2880
6863
8186
1620
5738
5543
976
732
3607
8216
162
3932
5377
3571
951
1016
3873
5564
7486
9907
4420
7392
1127
9024
8337
5193
6440
6882
7928
9299
8407
5525
945
9347
5992
5353
8235
3267
9942
4665
6846
4801
1951
3542
4434
7575
6431
2135
4961
9408
8308
9322
7858
6351
8345
2573
7070
5346
9409
9515
6652
2061
6029
6532
1137
9230
7615
5763
444
922
6875
4085
8531
8472
9826
8354
1982
7330
6574
7176
2197
5124
5229
5932
2714
2656
2838
6013
3869
4909
4388
9964
6901
8006
5601
7023
6210
8820
7083
8858
3073
6384
5138
1067
5464
7224
3686
1029
8596
2393
2073
5471
3152
3212
5338
5174
1910
1502
7777
9282
5328
9792
9981
5017
7498
3442
3564
2913
1096
5182
9176
9620
8726
5272
3823
8655
8134
1430
8901
861
1712
2276
728
9516
5575
4947
8691
4261
7107
8013
8126
9814
1198
5732
9686
3679
6755
2483
9592
7432
7464
5955
9189
3955
5116
5250
7893
7079
7395
7903
3522
3056
6382
157
3258
1793
7667
2293
2950
9872
5534
8740
9349
6342
1041
2166
5145
9865
3543
5488
5369
1685
271
6539
1256
7778
8866
3407
2360
1518
8639
5908
8051
6325
3363
5660
7016
7675
694
3658
3612
1603
3227
8204
1720
7344
3340
9151
4995
5875
2425
1794
4673
2885
5719
3492
8992
5294
4180
9642
9245
1858
5791
5204
5341
3689
8620
2655
7180
1914
9567
6505
1748
4333
6853
6669
4338
9404
8457
5673
8905
4675
7285
7562
7882
4532
7242
3456
3050
8603
7581
7703
7738
5819
2252
3
1508
7588
5795
5659
3876
8619
5727
1814
5408
6558
8447
6778
9155
9369
8144
9171
1567
5053
3769
2512
788
4270
8738
466
5452
7149
4348
8813
7649
2906
6075
3490
4891
6987
2937
6390
7886
9897
9743
5007
1647
6718
4093
4546
482
6842
655
2872
7814
3883
6708
2238
8591
6052
1556
55
5184
1845
9318
3023
8174
5710
1326
2582
4441
6043
6700
4123
4516
4536
6000
7684
4476
2146
4639
7933
3423
4250
6406
2795
8321
235
3976
9416
9619
8403
1500
7314
3674
5512
5403
1205
2663
1939
2736
5687
5754
5386
7221
5619
8963
3496
7775
2487
7873
6311
8032
4692
3890
4366
585
1630
7803
906
1783
832
9019
5303
3389
5692
5583
4587
2998
7357
4211
1382
2107
2754
9924
920
7936
643
9929
1536
7360
117
3577
9017
7830
1468
928
4829
1513
6060
7037
8138
6647
9112
2609
560
942
969
6670
9736
5200
530
8086
4124
9648
7068
4370
8378
5426
3450
8066
5808
6639
7797
1875
2530
3772
7756
8459
4950
7937
2664
4926
9871
9102
957
4218
3068
7066
268
2268
2261
2866
4785
2539
2764
3467
3232
8809
5705
3881
9676
549
7574
9010
6544
2132
8113
6692
5244
8621
5454
132
9982
116
3909
5989
7981
1826
5606
3126
3033
8502
3803
2339
3872
8141
6214
2550
1633
3751
144
3638
4780
2258
4637
9939
1718
9062
3743
1247
140
3176
5712
7957
3286
3552
7931
8148
9667
7505
8912
4576
5996
4795
1677
4146
3275
3240
6017
1465
2621
7602
5931
3640
8250
2354
2910
1229
8597
625
458
6172
9367
1371
754
7200
5448
8575
5694
9652
667
6261
8009
1377
3377
1417
2390
5203
5163
5623
8033
4930
4661
1297
289
4910
3763
4888
6054
1614
483
118
1974
4903
2300
5523
3459
9561
7183
7570
6575
5039
5002
2169
735
7035
350
6285
7144
1458
2957
6445
4184
5432
6129
3109
533
6374
8463
7348
7541
9930
7625
4709
1444
7901
9708
6230
4818
1902
3106
380
4233
9507
6265
2574
4335
5621
744
249
93
5165
7385
3075
3429
9214
9341
4379
6040
2598
6275
2921
3828
9427
3031
7091
3408
1477
6572
4292
2688
6156
3514
4216
7705
1587
3657
4521
8733
313
4517
9016
4199
2298
3518
4958
2338
6436
3780
703
5286
4347
4657
8913
2554
3741
8648
8489
5479
7132
9071
2657
8199
2659
1919
5847
4943
2600
3412
2448
6358
9957
3372
5549
3867
2770
494
6161
9588
6385
9458
7827
4537
6725
2882
9376
9101
3225
2607
1641
9544
1591
3736
6977
796
7391
8896
6743
750
6520
7577
3234
6829
6240
4106
5641
4406
468
4142
6
4055
3191
4715
5799
807
2774
2758
7001
3322
7563
4603
2849
9009
817
5899
998
415
1714
3162
9498
5750
964
7688
9693
4595
63
4317
9836
2841
1693
7566
8460
7742
1540
8698
9250
9159
8807
1806
5091
3369
7177
5257
8762
994
1464
7386
2025
5430
6553
6095
3202
3296
3633
9082
9995
9494
7946
2398
6130
3207
6898
3833
1104
4610
3884
8982
7790
3201
4860
1163
7513
8132
6795
5736
7137
361
7632
6004
6485
7300
8178
760
9852
8464
5292
6081
858
8046
5722
8251
1525
8557
747
1294
9437
1655
1689
9049
9011
2486
5232
7530
6944
1364
1572
4798
2309
3019
8693
939
972
7192
1034
7497
8869
7802
1576
6617
9336
1270
4205
3161
7713
3124
5409
734
2469
787
3634
1215
879
3194
4376
856
7334
2337
3430
1761
1546
1743
893
4176
1628
6372
2640
5032
9661
1722
7670
3948
3356
4474
3589
5025
8724
6185
480
1898
1781
3436
7236
693
4246
5688
2603
8213
1643
8052
1170
2685
7888
2996
290
8085
9235
7452
1945
4118
9328
9799
7801
2943
4754
4701
8382
8208
4362
5168
1691
7628
9137
7838
7125
1957
871
4945
5707
3259
8652
215
2333
7475
2386
2211
7400
2285
9372
6819
4602
6902
5790
886
362
3188
7266
4389
3774
9041
3630
2411
2997
8061
8805
164
5414
1323
4279
1780
4706
3691
7609
8536
4582
2248
3896
7178
3282
9645
2471
9489
2562
9940
2092
4868
6590
5662
2586
4763
8763
9936
7666
7668
8492
2075
1015
9006
351
3489
6323
9478
341
8843
8747
9527
9
5119
2644
7317
719
1485
1246
6895
3197
7792
8689
4262
6361
8114
1133
9055
8256
8121
6764
9926
9744
5975
8220
8170
3355
5923
386
9915
5649
8361
6330
3573
7524
2673
3254
5956
9546
8291
1406
5676
5081
3716
9338
2014
1824
3171
8856
8546
4339
5100
7693
7014
8617
7237
1853
9113
672
3203
5130
9522
5697
3744
4349
2839
6775
8988
503
8161
843
5785
1768
709
5062
6142
1763
339
6217
2442
6468
6036
8731
9074
7425
4153
9545
3002
8323
6110
218
9687
399
5540
8008
1488
2779
1926
7477
2981
7560
5348
1124
4266
1122
8590
2538
8480
3687
3324
3553
4525
8433
9615
2280
6906
9962
5646
6978
3005
148
2732
7376
5651
8264
8240
88
285
4443
3158
6002
3734
9947
7333
8302
4835
5293
1282
8609
6058
3656
1445
9469
3978
2835
934
7769
6078
8633
1666
3901
9628
279
6136
7604
109
1237
4946
7410
7271
5206
2748
491
9574
6911
4026
4526
2809
4254
8593
8280
8607
8230
1770
1821
9088
5747
5215
1118
2090
8263
4824
7111
5812
8780
1164
9700
1622
6317
8967
4321
5553
5220
353
1688
3698
9987
1088
9535
6975
2209
6872
457
9359
9051
4111
8396
973
4154
5760
2153
7004
1092
1507
3204
6622
8418
2269
3345
5482
5519
7171
774
3919
1422
3218
2753
7438
5737
7378
8207
8821
384
4894
160
8019
4253
3269
3300
8983
4770
2599
7900
2968
6456
5128
587
2208
7835
5248
7877
4077
6167
8699
985
8409
67
7930
5211
3830
3934
2247
4773
7781
9614
8070
9121
6751
3028
5391
7458
4166
1471
2015
7114
8836
9284
1954
9761
3245
9228
1055
5905
3692
70
1291
6828
9104
5339
6262
4038
6858
5836
7725
7324
7980
5481
5004
5336
8527
2018
971
4000
8143
557
1284
8962
1751
9941
4221
6174
4461
9000
6784
7246
7368
3587
284
8277
3236
4165
3916
6865
5735
8475
8286
6716
8510
2195
9483
1351
3365
5536
