8270
3430
8729
1870
8781
6438
1794
8333
8272
5123
8957
7215
4224
6270
3840
7887
2137
5855
6429
8402
7668
164
5183
5334
5908
4556
293
3802
6114
9126
3826
8214
842
3500
9695
3107
2258
1880
3475
168
4016
5979
2024
5043
5702
1772
7352
5450
3310
2767
4126
5746
8409
7807
477
5591
8552
7650
4152
7355
5787
6509
4400
7318
3319
6040
4285
8698
9224
2001
1936
4215
1040
9635
5984
3631
6647
1872
677
174
1163
9796
460
6075
3244
8995
8344
4008
407
8468
6773
9348
7393
5520
7181
1508
1478
2219
4121
2242
2177
2736
391
8243
8048
115
1109
8845
4749
5617
1896
6999
7746
8567
7577
7258
668
6417
2262
5174
4131
2395
4870
2140
9496
845
5248
5
7804
9996
1756
4421
3203
2747
2757
8101
8885
9031
8296
6208
4328
6415
3175
2958
2912
1369
6328
9356
1728
5448
8269
3066
9373
6829
3590
3698
2590
4053
4244
8067
8336
5765
1840
2670
3678
4547
8935
515
3831
9677
9129
2094
9761
9107
6340
4386
1078
8006
9657
3977
8983
6763
9243
6653
3132
4793
5562
7960
4144
4310
8017
4731
428
6329
1092
4481
8234
2668
8785
4065
