9842
9039
3657
1601
8844
4418
9804
3863
7399
1097
8561
2290
1602
6979
2754
4177
1106
8943
413
1504
2013
329
6782
1059
5317
2272
1311
5557
9165
7130
288
8715
8987
9939
702
5069
1502
6481
8513
9142
36
2354
5791
74
7998
7422
7495
8162
6460
7584
3656
5611
7681
667
5583
6753
5898
1921
1330
5731
4900
5780
5526
1477
1934
4485
8244
8532
4985
4667
3682
898
2072
5144
3345
2411
8454
9323
6672
5692
510
9226
4446
3424
9443
2209
9470
132
3038
9546
9982
7717
374
9972
5032
9893
3981
8415
6379
7183
7076
1367
4819
3085
9282
7225
2267
5407
962
9340
8587
3759
7794
6269
2568
544
1243
2702
8612
8327
150
9328
4690
5799
326
7456
3566
8857
8240
8945
8318
6737
5939
8056
6963
4574
2813
6003
1589
764
9065
7189
3445
9824
8000
1799
3051
9672
9625
3276
7390
7792
2260
1288
4453
6588
4715
574
629
5080
9943
4215
243
5505
5521
5795
4853
2005
8243
3519
8006
3311
6828
8853
3921
6076
2035
5440
235
6878
4818
4549
273
7944
6711
2070
2142
84
5978
7324
2431
6282
1336
3366
3664
9966
5729
4769
1148
8775
2133
5343
8606
991
5457
6254
6129
7827
2186
5096
6716
5962
6232
7918
196
6989
5450
1719
420
1113
9835
9261
6465
3094
3670
7828
4276
7148
281
6283
5874
2646
6262
3718
8255
4899
9185
2751
4921
3454
2860
1238
6393
1809
6786
1661
4154
1746
2132
8119
4783
4602
6022
3549
5916
2136
4354
8174
5159
8339
8473
7471
3146
3782
8529
5319
5436
9859
3448
4
4832
7930
2279
5749
9934
1085
4685
6655
6291
2311
1576
2479
2114
9908
797
4889
9381
6654
8317
9093
7629
8463
3262
1982
2083
9427
8733
8397
3675
1747
4729
5252
8280
2517
3217
3977
9542
8909
8545
4902
7437
3678
8742
570
4648
2703
1121
765
1462
6532
2134
5773
7395
2027
7809
342
1061
8058
2803
5311
3120
7120
878
6546
7590
795
7826
4009
5109
8653
3866
5308
2755
6855
1149
3868
3244
7883
6082
5107
2526
7947
7205
4268
5804
6304
9183
538
2326
6642
3910
6171
2488
998
5688
4428
953
3423
8250
2039
9730
4300
8227
7492
2799
3349
7762
8542
116
3139
8040
4768
2195
5848
3757
9657
5694
8910
2259
2974
6908
8213
8307
5387
4014
6100
3731
9526
6559
5558
3110
5419
7890
9519
670
4981
9270
6054
1360
645
1830
6991
3804
2904
7460
152
8900
6184
8261
4518
3645
3192
1383
7248
1679
4866
6702
5084
5888
1550
6412
6189
4898
9766
3134
6776
6455
360
5786
7824
5439
9074
8883
9024
1301
9567
4117
3042
8126
1513
1296
1606
437
1209
3537
1624
7671
2833
5490
2141
1350
1227
1652
2719
1334
9128
3361
5787
2118
4537
868
7477
594
2313
7494
5037
4426
8711
6059
5781
178
9120
8700
4133
6119
3797
1117
7592
3621
3409
464
9718
1972
5210
5346
2747
9308
4631
3028
2082
