9802
9886
1539
4289
243
3750
4454
8605
3952
4316
4210
2373
9510
9732
3406
8475
8091
6618
5427
1218
6453
5803
9612
4582
1030
698
5721
9279
9839
3556
3309
1032
7461
2387
1822
1366
4181
4493
3334
2891
5650
2768
844
6405
4244
1858
1707
5344
8636
9031
3462
9578
5708
8840
6977
2965
8129
207
1413
8907
2938
6793
6597
5399
2172
1864
1698
1343
8061
8530
8817
4173
5465
1450
2429
3146
4848
6417
6634
3148
5773
7132
5262
7871
9347
5511
6225
4049
4520
1619
4642
9568
7780
967
6158
1125
1512
2721
8264
4852
5592
9603
5711
4884
4437
5462
4933
1140
8630
2505
7325
5949
6735
6189
9338
2581
5243
921
4414
1070
5943
7112
2348
8163
7630
4549
5528
7975
3090
6315
5393
2472
7753
5991
4992
1095
9486
4594
9638
8070
1929
8895
8404
6185
16
6259
6063
6518
1963
7157
1772
7768
3160
4572
6626
4037
1856
3730
2383
2440
976
3353
4082
3947
5383
1617
824
383
5622
585
4301
6230
3770
6106
9063
9625
2636
2499
1346
2954
3739
4474
7531
7596
8480
3815
1034
2163
8270
1252
7292
1417
9160
4073
6740
4036
1264
9085
2774
7562
9521
8980
9453
5280
3895
6024
8476
728
8501
1083
6560
592
8570
9850
7690
9977
238
8635
4151
6275
9686
9597
6640
4187
9216
6344
7110
2719
8747
7235
123
4675
8782
5002
7745
3897
7486
1156
9322
7977
1414
3317
3001
5317
8212
4598
8977
3389
4616
9811
3325
6289
6435
3519
3920
4879
2856
3030
5791
1713
3366
5950
1469
946
7954
2393
8832
6429
5851
9663
1872
1202
26
2948
6874
9131
1419
5505
5901
703
9821
9092
9589
7270
1987
4249
3632
7189
6787
1509
8616
930
7659
8637
9430
1806
7705
9609
2781
7908
1724
3621
5902
3151
4808
8345
8724
5970
4941
1216
4937
7857
3333
4893
7933
950
3751
6747
6394
4334
3371
8173
7608
7261
3261
4906
3994
3873
497
4704
2272
5916
8443
7351
6323
5356
7008
3483
7451
4467
2503
1102
9849
248
1685
1876
2854
1018
5205
3732
8924
6971
8209
7443
9630
5755
6300
8497
3445
5244
5508
3306
5095
7160
1527
7769
3788
1128
1416
721
3886
1922
7851
2610
2448
1804
194
6217
783
8120
1277
2479
400
4302
9517
7899
8862
7046
6140
6278
5464
8656
4203
794
4379
7894
9493
7704
4522
424
4623
8337
9112
4204
1476
51
2879
6684
5258
5414
5240
5621
2731
2911
9107
4047
4544
7576
2960
3107
7418
6255
9286
669
3429
4425
5277
8592
7329
4182
7077
9561
3101
3826
616
7066
4094
3600
2403
1523
2195
5448
8301
498
6036
6877
1638
5897
7965
6442
4591
5151
4191
1
1960
9426
4909
5918
712
914
213
9226
275
5559
9422
3630
4944
2813
170
5155
5616
1941
6196
9021
3767
3867
3976
8579
1672
4101
4016
435
1481
1788
7778
9463
3704
2534
9240
376
1190
7572
7862
8994
1762
7828
2507
7824
1984
3804
3624
9941
4383
1044
5857
4643
4531
875
3692
9399
6805
107
936
1739
5229
6908
3813
5634
9317
5700
6612
316
365
2125
3549
7280
8219
786
8368
5782
3636
4452
9961
6387
1437
2132
4810
7324
7983
7084
8986
3241
5139
9351
658
2006
9170
5736
1330
7128
6526
2062
5863
9637
9364
8786
3894
64
101
6668
905
1054
8704
3347
232
2666
5009
363
6377
7716
8749
9888
6957
5715
1627
3232
1152
279
1651
4537
8506
6763
8415
3380
431
8701
6376
7725
504
4802
2804
3687
5714
9156
8370
6757
8284
8973
9152
2801
5712
8680
70
7880
323
1831
1421
6937
3853
8086
3918
6529
2331
6264
4317
1435
4323
6371
8556
8544
4895
96
9654
2191
1057
5254
4003
1709
5218
8702
5379
2521
870
1842
1274
4267
1819
1234
5795
8000
4657
9565
3377
9525
446
9000
2765
5082
8861
3024
9707
9072
2896
9848
8291
6902
5587
6026
3008
1647
1290
292
514
3819
7874
6955
8653
2379
2423
6517
4629
4578
5783
2059
1467
2886
4417
4962
8196
9879
2982
5842
6105
5480
2309
1050
8352
6827
208
5040
7514
5206
5800
7755
2700
8218
7246
9602
533
4671
6912
4497
2082
7467
9937
7057
4838
9822
1560
2864
8736
5409
9753
6490
2661
9666
2629
9794
8335
9178
5392
2255
1807
6806
7062
3680
9874
2667
1878
4809
1223
388
7995
9653
2939
7384
8625
6651
9241
3110
9414
68
1958
5556
5475
470
8518
4221
7140
7807
6343
8966
5735
4680
209
8918
3876
713
3578
1840
6579
4185
6770
5812
7790
7315
4982
4017
5543
3115
9739
847
378
3234
8713
9918
2647
5406
4565
1103
8401
6960
5576
6647
8871
4168
4576
7419
7820
4275
2117
9397
8012
3688
4075
8009
681
2847
7543
1730
8540
94
4209
7545
9801
9234
3998
3495
919
2776
5055
9412
928
5477
7272
4734
2102
7816
5547
464
9334
4394
1684
332
3416
8172
2459
5010
8971
2522
2627
7827
7660
769
5305
9664
1500
2750
1170
4867
5875
5400
6286
5195
1504
1201
307
1161
5989
8452
8905
3830
3395
1442
7334
4058
4114
4056
8424
7085
1646
531
2992
4401
3707
2038
1749
955
9039
4971
3044
2800
5933
8223
4272
4087
2682
8613
237
9640
6944
4681
3808
2229
1862
9343
2869
6408
986
9171
6621
9898
6182
8642
7710
4595
8606
5407
2510
5363
4136
7702
4224
7523
8361
6861
9067
8314
8781
2221
6166
6539
5166
2900
5159
9346
4602
2270
6749
1029
4361
6427
7930
3396
7932
5839
2552
9051
9079
4239
778
4312
3438
9089
5535
3313
2793
4067
4794
7148
857
6472
1907
5449
5415
6198
6759
3734
3041
2694
2714
7229
992
4457
792
5757
2973
3635
803
4874
2049
7976
6633
7782
9242
906
3165
2078
9650
1834
918
3116
8167
4645
7848
7231
4448
613
3540
4997
5172
8334
4011
3263
6083
2838
7111
7328
1153
9093
793
2449
3202
9795
1062
9308
2275
6507
8036
5288
