3251
9142
7419
6565
5945
9234
6320
500
7529
4439
821
9597
486
3334
6612
5850
5132
6022
9491
9375
6796
354
2468
8055
4829
3192
7802
8225
7471
6271
2093
2888
4789
1842
2876
7346
4003
5677
3971
4457
2143
1115
3
2467
5129
1379
2626
1703
7415
2893
1730
3428
5020
1381
1991
6070
1201
8719
339
5463
9761
5136
6127
5776
6892
4295
6764
8135
2495
2284
5288
2361
8930
3389
630
1189
4111
3193
3609
358
5459
9055
260
1696
8660
1104
4891
7689
5291
5821
8328
5604
24
6795
7999
4628
1744
3140
7943
3223
2771
1050
2753
8628
2326
3519
5391
6340
6579
6393
3827
7690
8611
3122
585
2481
4076
8602
4418
1858
9667
9888
4855
8604
4616
4758
5300
4664
4458
3159
2506
8664
9716
7021
5047
1429
442
7369
5627
1405
5165
9349
4115
8141
1341
9033
7302
6436
1259
5049
4999
2904
5071
8652
327
8986
7740
3455
4389
7944
9979
5912
1271
4928
4382
3248
7650
2289
1053
4428
1411
7533
2396
6499
3065
1751
2008
7639
9013
6258
2847
6149
9552
5387
3874
2130
3194
6832
611
1309
376
5483
7526
8918
3500
6217
8473
372
1765
233
4494
2605
6281
6989
1078
5396
4126
9811
6179
39
6485
6349
514
1098
691
9032
3853
9909
64
9399
4101
8844
954
744
1912
3374
6601
5523
1048
6943
5948
1853
2684
308
3750
5230
2082
6716
6313
3397
5708
6494
1145
396
7606
3888
7431
9110
7010
2116
3667
4462
9862
1563
6448
8840
997
8759
9957
9713
1717
436
9305
7757
6168
8033
4038
7496
5407
7835
4548
1481
7032
9434
6533
7189
5973
8364
5601
2809
8747
5452
1714
8306
8784
2313
1886
9251
4079
5691
620
4594
4303
6580
6439
995
5941
7477
7635
3527
4486
5017
7134
577
5002
4502
7744
6822
869
708
3993
4281
2121
2160
3378
3886
8139
9521
2470
1857
8245
7354
5238
7672
2120
8549
8672
7334
9591
3205
1382
127
6842
2882
8969
1036
6949
413
6678
8189
6093
4669
4834
8164
1509
510
2190
1243
7247
9182
5869
4411
4588
1535
2118
7090
4273
135
6996
8156
4121
9528
4996
2379
8999
7503
4752
435
7898
20
2179
3672
3317
4452
7213
2494
9600
6019
3790
7329
3768
2574
5936
498
6395
3364
8134
386
7703
2416
2870
4387
4920
2175
3855
6605
7755
5674
4625
7473
2707
2041
3471
3850
726
6235
5572
4976
283
2630
1848
3807
2940
5480
4790
8201
2308
8654
3847
8136
7410
61
9115
4609
6957
1762
3696
883
2567
4152
6438
5789
660
99
6081
1596
9222
2055
7291
2961
7381
8554
3896
2297
6936
9610
5832
7861
2723
8980
2336
5720
2914
7763
7443
3237
4581
1326
2576
9339
1221
571
1039
6520
7885
8623
8210
4478
5262
2469
5872
465
4329
1299
3927
8378
2378
1565
9775
5177
1372
1700
9479
4132
7886
793
9409
7680
7458
8166
4642
7315
6897
9543
7881
8428
8689
2035
993
2042
2772
7255
8484
8831
7565
8716
8411
7284
7026
2408
2196
5043
5393
101
7095
4612
4171
2808
8576
6955
1305
247
2612
1434
4241
154
7695
2465
3051
4045
4614
7055
7653
1462
3649
6670
4747
963
561
4584
1926
8516
5460
2387
9027
9372
7141
576
5392
3977
4409
7434
4013
2070
6315
5086
3754
2643
1753
5227
4034
7842
302
7630
6583
9981
3249
6163
746
7945
962
1884
9064
5198
9334
5746
5780
9187
4226
1495
2428
5738
8629
4653
7761
1510
3261
5889
895
2206
5395
1757
1037
3617
7791
1606
1086
3541
2815
7028
6502
1900
8920
4713
420
9257
426
4425
5040
8498
474
7978
5028
1676
329
4044
4245
9472
1223
6871
4048
8476
5844
787
814
9702
6595
7203
3864
8418
4618
6616
5114
4451
4845
5111
1183
4849
478
7342
344
5363
384
526
8610
5649
3755
7597
9494
1511
856
215
3079
5211
2114
2167
7981
9270
9870
8766
4240
5727
5533
9378
4711
2226
6726
7085
6102
8267
7175
6331
1438
6522
6456
2844
1074
8041
8927
3307
8453
5240
6080
7823
193
4372
6761
3215
8035
4748
6228
9536
8776
3156
7372
3867
927
2581
9088
5599
5103
6923
244
6150
6794
1951
5830
6440
9395
7131
7719
9802
680
6207
3457
9066
6647
1118
2208
4163
610
3453
6190
2822
4532
3634
3997
11
7789
1054
5371
9604
8019
9549
3462
1610
5358
7086
2089
2076
6510
65
5657
1064
7048
1526
402
7238
3704
8873
847
2401
9191
7290
6505
4141
7272
8838
6918
125
2049
5624
3599
3810
208
8585
6837
6731
8645
3613
343
66
3650
2880
8560
8773
5763
2672
1808
2826
2079
9213
5754
3213
8544
1789
4595
6572
6950
6311
4257
5234
5278
2256
8117
8788
6241
6993
9599
4483
7348
9170
3460
1685
9808
8079
9146
3479
9184
5027
7469
6389
3298
3701
1184
982
2579
7733
2659
2757
1023
1479
9429
683
7671
5235
394
4831
1877
2629
6981
3138
149
4024
5293
7921
8536
3357
3104
1931
3489
7312
3492
5771
9496
5514
5842
1599
1796
1536
8167
7801
8635
2738
9963
2608
2511
1935
2907
1656
7831
3189
4356
4633
1058
3570
4798
79
8978
5512
1923
3486
6751
924
2323
4351
9169
196
574
5241
221
756
2627
2970
6668
9361
8642
2199
8631
1197
4972
1342
7380
9430
7646
9680
3097
9386
632
6805
3469
6640
4982
5264
8598
6455
5456
3490
6521
5504
286
8834
3075
7754
4696
9034
4354
371
19
951
1046
2005
1839
2692
4933
445
9007
6310
8682
7339
2303
6566
3233
9704
1756
4746
1821
8944
2658
6050
2422
4958
1887
6049
4000
4062
5581
1
6709
2843
4023
2523
1639
4854
3196
9609
8640
638
3367
9266
6526
7442
4149
5968
9893
6390
8375
7438
8217
7817
8760
1418
5500
9490
508
1156
9177
3719
5731
7293
1837
1999
2895
6338
2597
651
6855
2181
8435
8394
3480
7457
8434
1346
718
6530
197
8465
3125
870
