8034
7346
7672
538
8904
8120
2703
1020
9745
2873
3055
7561
9056
2394
5849
6625
7592
6514
7329
4984
6631
5047
1055
1042
1068
1011
1960
164
7396
3033
5961
7825
8023
2634
6961
4103
5149
2706
9162
7404
3458
6520
1168
8633
799
82
5258
3742
7878
3662
9488
8887
8351
1293
1280
3330
1152
212
8585
7481
4600
8792
6465
3568
2575
7885
4566
3245
2783
1833
8114
7314
9855
3133
2985
7739
1505
5598
7732
5178
7965
9107
5292
4701
6137
2451
93
8980
9903
7358
4147
1141
5412
5850
6515
1342
6207
5984
3875
7080
1081
1352
8016
5118
1062
3277
5638
6645
9971
5325
2029
4320
6501
4891
5021
2995
5749
4221
2605
1539
5910
9846
582
8258
8863
1791
4718
5323
1880
285
3392
5903
1470
4939
7373
6412
309
7676
2710
3384
5602
3898
7484
280
4010
4419
2496
6219
9331
8153
7213
3554
7560
64
6753
5221
7454
1914
3318
9086
7120
9486
5272
3373
709
5271
6906
8376
8410
4663
1360
8439
6977
636
9660
1213
3046
729
774
382
5891
6937
2940
4214
9715
5361
7416
595
3018
8211
6873
2282
9579
7622
1714
4814
2315
920
9499
1385
2234
1212
6953
4235
9426
4919
3280
6802
2882
7367
6041
5999
4275
5410
6661
914
8535
4439
9293
9607
1834
5954
4368
787
9144
7409
3235
4272
5240
5427
5965
7376
7434
3549
5464
9416
7947
9664
3173
5128
4975
5939
5029
9004
4786
9508
3056
3447
5974
5603
7470
1297
3315
4180
5552
6811
2694
5764
8434
2174
3513
7377
3842
9819
7222
5933
3941
2084
7309
9320
6150
9526
2611
2129
1391
1640
5317
5894
3402
4901
4158
7383
4033
2051
6211
7870
8185
8532
9683
6791
2524
2469
209
3489
5876
8773
8174
958
5715
7321
2032
302
1493
6248
8352
9279
7821
3832
9216
8271
4660
7477
4226
5520
2588
2692
2903
9765
3175
5343
9191
9233
4323
5834
6133
1491
2776
741
1490
4645
2523
8991
7888
904
1032
2704
653
6142
1047
2373
5861
6053
7759
3906
256
3891
611
1073
9766
4326
6495
9964
6955
4899
6239
8472
1655
5612
1678
5332
4550
9178
9987
6205
6314
6427
3734
6318
2813
2246
8492
409
7998
5193
9202
4284
7700
9334
8412
3191
7671
7558
7536
9572
2467
1099
5874
5969
1191
3006
2124
9016
7203
109
9080
8072
9874
968
8411
2357
2192
2399
9925
3877
9050
2763
820
7100
8883
1286
2141
6652
3397
6335
7725
6072
6194
2266
6162
8173
4710
2555
1546
1971
3279
3444
3860
7507
220
9092
8479
8384
7529
4835
4700
7993
2000
3756
9757
2838
6114
7922
4137
5411
4512
5710
7033
9281
8402
1819
2027
2659
8745
6000
2965
24
5225
9758
1599
8851
726
9324
9455
42
4480
4831
4775
9837
6319
2354
6507
7209
5337
7385
7286
6832
5518
5241
7707
2544
3691
63
7191
5347
9208
8208
8586
2688
6984
922
1025
6357
7473
6968
8965
245
3125
2641
5895
3720
5783
1771
5315
4495
5318
1749
9928
5744
3521
8494
9565
3835
281
9197
7636
2954
5394
2159
2479
6233
4040
7397
174
5763
7678
8975
6821
8590
2719
4237
1514
5402
2809
1181
7226
3379
3971
2931
3895
7267
932
5475
879
793
1689
3088
8720
3410
8032
6624
858
5227
6451
1827
3671
9723
5807
7663
8398
6386
8436
6653
5806
7020
9859
6342
9483
4163
6350
9481
319
8542
3228
8905
8735
1501
7925
537
406
5667
9872
982
4854
4696
4908
3301
5405
2176
269
9910
9199
1398
8891
6677
5890
9061
4191
4303
3510
3641
7009
630
3785
2697
9494
609
9027
5362
4646
3576
4521
9674
7495
1982
7417
5453
8265
3320
4538
4050
2050
6731
742
1904
4527
7600
5998
5331
2622
3520
7294
1597
5704
7491
5708
4311
826
7421
1891
598
596
4704
7177
5705
7092
5755
5461
7575
3813
5403
6218
9117
1158
320
4
1085
225
2891
4392
8061
101
8524
454
9782
1540
935
7450
6506
4162
479
8033
2687
2580
2754
4061
9619
637
5146
7072
4081
4064
7300
5767
8422
4925
8130
8895
8105
5153
9769
5768
5148
5042
6648
2147
3583
2888
3779
2690
5307
5439
3390
2662
6516
7158
4971
7989
7867
5376
5490
3060
2675
3441
7983
4787
6966
1040
4330
5371
8392
2628
9504
1279
2841
8638
6650
1118
2105
551
2191
5425
3
8228
7349
2144
7487
3099
8285
3084
3584
8921
6781
5829
6260
2968
9408
9634
1636
9257
8338
249
2585
7304
9960
7082
7994
6484
5510
6748
2657
5867
524
6757
1557
1666
7738
4407
1761
5810
7008
107
9728
3367
45
2962
2874
6777
7691
4466
5966
5623
2012
9921
379
7726
8652
4804
3594
801
7483
287
5366
9573
1100
6360
201
4021
3237
6155
2678
2321
1289
6911
4343
1332
881
1250
1588
272
1825
2484
7753
6122
6680
9510
4791
8454
257
5962
9652
1337
3312
4760
7419
7370
1999
8394
5511
3698
2100
8999
8774
8637
3855
1591
3241
8761
2500
5156
5721
7594
3427
6606
981
4652
4207
4768
4301
316
2404
5879
1045
9738
3376
5352
952
4246
3382
1605
3626
3115
928
2364
100
367
7742
6864
9169
3335
6665
9986
6761
2260
4938
4402
7139
6472
722
6862
9464
9996
869
384
4380
2094
4607
2133
4788
9688
5501
1647
4396
528
7864
9187
5775
7223
3106
6279
9442
163
1006
1199
6494
7106
5832
140
2553
6686
5609
4373
8224
510
8202
2691
644
2002
3729
5787
683
4536
9473
9363
1328
9335
8802
8573
8346
9532
2979
39
8310
9387
5845
9730
3619
4379
2073
180
5380
872
2648
7503
804
183
7631
6060
3134
6093
6869
2626
9189
2127
5985
8683
4270
8278
5304
6043
3653
2976
7323
8353
7880
2877
4257
5824
8055
3253
283
9548
9289
860
1619
9916
3066
7565
1685
9969
4822
6517
9154
4615
5558
7620
1839
5784
11
8450
2964
4253
4267
532
2108
6240
1656
3299
5032
8289
5851
4403
4792
2014
5601
4212
7926
6302
8578
8560
5151
6231
9446
4769
8386
2242
298
7162
1458
7199
2487
6250
3724
3409
5276
3857
1476
9708
5397
4331
825
8013
5778
400
6876
3420
8337
5028
7563
6413
5421
6419
8989
7405
2240
674
7532
7403
8888
3737
4755
7070
7830
6118
7848
4874
1156
6372
4035
8231
1046
6489
3818
8244
1368
3313
5313
8974
8599
1018
7995
4605
954
2733
8772
3466
8119
8943
5904
1963
4464
7228
3170
7868
9258
9908
5692
1438
1705
9297
8529
7119
5182
9218
8562
426
7366
9090
6775
7014
2225
7527
2473
5324
2531
8614
6409
115
910
2175
2768
4254
3741
8636
5869
6215
8923
3027
4104
2389
3745
1324
1576
4751
4184
4376
9220
7107
111
7517
4934
9078
9393
588
5154
6695
6678
8474
1392
4999
386
121
6920
3202
4911
8828
6979
898
770
9404
9852
4026
8500
7917
6851
4894
9935
7858
6969
1901
3247
1789
304
1524
7449
3063
978
305
9774
3473
1218
2057
1036
3747
7564
5757
7607
8646
2902
4390
8445
6580
2485
6705
7117
3840
7550
9942
138
7458
5168
6720
9306
9578
9329
7860
5934
9951
9344
8381
1321
899
953
2833
6381
1087
1841
9598
5953
8540
9735
6999
9876
373
8011
1426
4430
6482
8387
5706
2185
7601
4225
4025
684
909
4562
7980
2164
5842
4628
491
4271
3582
4810
9760
2590
9411
277
6845
848
8104
6282
9890
9669
6373
2241
6976
9915
4820
5758
9750
2729
1086
9705
7085
8849
8824
1201
7586
7623
9516
2107
6657
4244
5802
6039
2245
3403
1463
1341
4098
4619
7382
660
3111
6209
9934
7109
2224
3150
5635
9397
2015
8132
3702
5835
5469
8415
4283
8406
2261
5909
7777
5918
6016
5948
9836
5828
3186
9120
6088
933
5026
8607
8726
7748
7805
3770
7513
8885
7407
9186
4688
1304
5831
1471
8700
4528
3636
331
139
1843
5646
2595
1992
9283
2372
3676
3291
4712
275
3168
7953
8138
7441
8360
4692
6066
855
7185
1942
5485
9012
1107
6808
4741
3045
2439
4927
3165
3912
1109
6614
7972
3571
5369
2584
3946
5460
2493
1078
3021
622
5694
7341
870
8161
8308
8451
7468
6981
4543
2114
6555
2152
2359
7624
8865
7574
4564
9231
3892
8917
112
4842
6270
8892
1428
4572
1256
8440
5082
1853
1671
324
1582
7923
6418
7501
5246
7150
55
8263
4399
8973
4720
8391
255
9635
6505
3242
4817
1475
7974
5888
4479
8677
4417
9460
2267
8672
8553
8046
610
5312
4145
475
8435
1774
4596
3374
3254
6266
917
2545
4699
7354
791
4630
1003
5316
3051
8907
7352
2669
3164
2262
987
6565
5673
7841
8629
6375
1185
1139
692
2672
7816
7912
656
4862
6068
3639
4357
9517
4777
1751
5622
8823
1133
2483
5789
333
6900
1528
6192
3984
7871
8842
3481
9732
5155
6980
3675
9105
9288
6619
3754
1547
4782
6019
7964
6988
351
1125
5121
6617
5484
2899
9881
9995
7466
4799
1587
54
8356
4321
2915
418
8207
1906
6711
8222
701
9294
3203
8485
254
3267
1864
4846
744
7091
1091
7308
5467
2368
5440
4148
1431
3539
6429
8150
8109
7234
9959
747
1629
1408
1227
2020
7206
5015
5885
1617
428
6636
3588
6345
4979
5373
4602
2936
5718
694
4501
886
2501
1836
329
1016
1530
7973
4754
89
1974
5739
2398
4294
226
8021
4858
3430
4553
1033
3494
3467
9097
5300
364
5214
8964
2376
9175
8089
1760
613
5583
1728
5334
208
5702
3424
9083
4661
1135
6403
7260
7471
9792
4517
1211
6276
1008
5465
670
5656
9374
1903
1985
3964
1824
9152
9038
2155
7735
1194
5127
4299
9936
3884
4431
7303
7278
8541
7906
1353
8486
2205
4415
9055
1247
1110
1311
7627
1116
9177
9340
294
8478
5737
1088
4582
1378
247
4470
1258
1845
424
8581
9858
1987
1813
862
7789
7580
7012
4848
8218
8789
76
297
5260
1303
3548
7220
6175
5793
4744
7916
2683
2527
2542
7057
3972
4614
3968
2194
5002
4687
6185
3547
627
6615
9687
2044
4478
7292
6556
3438
1699
3921
6762
3878
5181
2406
5956
5716
6476
5988
6697
794
1126
7180
9073
7492
1935
6085
7509
1858
7426
9582
3428
3346
5519
2168
98
8397
9338
1335
1479
9849
2385
7121
6487
5228
8249
2197
8043
7770
2574
2654
7114
7389
9703
4757
4656
33
1846
7765
9160
8201
5596
6441
4434
5761
7861
5089
2909
1543
2950
857
462
1272
8426
658
232
9853
8509
338
4541
790
7
3666
120
8723
4988
4068
8331
4363
214
7402
3903
2130
3841
661
3328
8663
545
5575
3505
4719
9511
5131
4519
5581
7831
7431
6611
983
4880
5071
9570
2220
2957
803
5754
1832
9918
6886
87
6792
8706
4346
6120
4936
7702
6676
1911
8203
5097
7175
576
4666
8968
9642
7677
9485
7469
4897
4187
7609
1230
6729
970
4280
2418
4739
6734
619
5847
5056
6583
3076
8251
5100
1035
9704
9277
4601
5843
9850
789
2859
620
4912
586
2310
5545
5450
9998
3767
2991
7614
911
176
6921
2332
6061
8877
4487
8374
2953
2222
6754
1747
6638
2104
3795
769
2758
3616
5902
654
9037
1066
9204
2441
5263
4094
2906
5223
1601
104
664
875
7670
1252
1998
3451
5255
7322
9399
4807
3276
2167
4282
7442
3740
3934
824
2237
2088
215
6883
1806
2852
3442
8205
5320
1061
3802
2566
7058
5330
427
3524
8020
2984
4664
7908
1773
5449
1632
476
9549
645
5136
4991
6426
7079
971
5971
184
8187
6200
1919
6538
1082
3361
9726
339
1225
4019
3485
52
3819
4127
7006
6023
831
5414
9148
8457
9443
2857
6123
7062
2143
4222
5309
7808
9749
4053
7717
8913
2184
9638
1299
7499
2861
5046
5383
5790
6054
7282
5529
6473
9811
4860
8417
1732
941
335
5234
6181
3305
2302
2564
3682
1614
7448
3215
4513
2206
3057
7415
6877
3480
2156
