1959
8280
9832
1174
6028
2334
9965
4629
7231
6979
741
4742
6599
3278
5306
4883
3190
2792
8937
2522
9805
679
8365
5775
5960
8568
2504
627
433
4153
9586
3912
5711
2231
904
1842
2820
7648
8169
1032
910
6421
2329
6850
9285
8914
1061
7084
8359
9135
7826
1481
2555
5868
3178
3400
6663
9134
1552
8344
1243
7180
397
1176
6658
9414
5527
9789
6651
9993
8685
2006
6799
2636
6939
7188
460
9752
5155
243
6572
5930
8872
7290
6876
4226
8027
1197
7143
7067
559
5693
1649
995
3576
807
963
948
3537
1152
9033
9014
6882
7301
4476
2136
2903
5617
9637
5841
6018
8402
1975
966
3988
4026
1506
5553
2756
4716
7177
7697
122
8687
4220
199
643
5564
4272
2644
9698
8543
9109
1127
1988
4387
3072
6927
3391
4877
8371
1159
3414
9807
1598
3377
9651
626
5436
8860
2958
2893
2241
4750
4
2492
8047
121
1826
4977
4803
8553
1635
2119
9215
1165
5467
965
5395
5238
873
8309
7444
7464
7831
5744
4297
6699
8345
5991
8315
6404
7940
5058
8893
4307
5734
9689
9864
7242
1833
4547
3316
9936
4350
2957
366
5388
9491
2180
4143
919
6718
2699
6007
2661
6608
8393
4363
9759
6879
185
8682
9507
4707
7999
469
6537
3143
5972
2872
1295
8595
6495
6853
6635
7739
1067
6612
8249
6068
5367
4817
8855
3863
5807
8422
6136
9237
3853
8641
1864
8746
8350
2572
3771
1039
6774
7163
6251
779
701
7246
5573
4794
4344
4764
957
9902
642
9560
3914
5521
5298
3764
3737
6402
8541
2802
5967
4952
1403
109
2929
411
1922
107
3212
5463
7742
8726
387
1470
9309
9914
4601
1507
1806
1848
3134
9004
7411
2239
9522
5645
8503
4850
6559
2091
8196
9464
1551
6351
6535
3484
2373
6245
6906
1650
6146
7661
9037
5366
5876
7546
9142
5325
918
7367
4538
7116
9449
4192
5394
5517
1344
4612
4695
2226
6111
8052
8275
9639
9174
9640
2439
6416
3808
1937
1921
4274
7399
5653
1586
2731
6933
3666
5884
7413
5201
2445
4709
6890
1713
1578
8853
5151
4858
5793
272
4413
4394
3960
9518
4841
5347
6931
2954
1433
6290
1406
1003
9334
3684
3932
134
1221
8400
7298
1492
5607
8971
6748
8755
7554
5361
4535
4038
1512
5845
3465
1023
4834
5717
8669
3010
9051
66
1923
5877
5540
520
1759
6114
3452
46
4851
280
8942
2844
9406
6936
2794
3099
1777
7866
5846
3567
4910
2897
6451
4725
2166
6155
2484
8151
519
6315
2396
7169
3788
4835
5914
3437
5816
5134
5630
5933
6802
8813
2039
4066
3572
8563
4597
309
7484
9569
7498
5466
490
794
2868
8901
6240
1267
147
7845
6746
5529
7579
6440
858
2327
633
5620
8077
7128
3520
5157
5486
5337
1421
1876
2016
9595
462
6008
7737
2092
7136
6020
390
4086
7833
8079
4432
3740
422
8639
1920
4829
8625
3172
2690
896
8227
5183
7085
7696
6398
6131
3058
5210
9259
1205
5119
6591
7974
5508
2305
6899
3538
2360
8348
8648
6961
6241
2920
317
1608
3263
9169
1622
2011
1119
5692
9604
5267
8811
6435
9940
1331
6035
5866
53
2048
6711
2817
1945
5149
6733
2716
2260
1325
5831
5260
6480
345
9239
3983
8792
9164
8387
8236
8161
9776
5835
2938
2787
8452
6530
5473
2443
6680
8185
4408
5000
6034
6950
9799
9562
4454
6308
4295
8944
2380
3418
7799
3343
203
8450
407
8202
9641
7800
9292
2677
3358
8737
5864
3282
867
2178
9284
7139
9859
4882
8094
7909
4149
6782
7007
4161
4504
9585
6395
4442
4249
312
1724
2384
5208
2583
7856
4947
4783
8579
6410
2000
1487
699
7715
1010
1330
5848
4228
2918
2909
861
54
6792
7491
8082
5858
754
7456
6561
4433
5457
4060
98
5576
5600
6340
6476
9702
9843
5365
3471
2932
6257
9829
3274
4633
2675
3165
5406
1284
5338
183
9105
1830
6770
2866
3615
4238
6142
1467
5531
282
3859
5132
9503
18
3855
41
446
4984
2451
3506
767
346
7771
8723
2009
9368
9676
1940
8891
3154
5104
7904
177
4670
7855
3909
2646
9652
5566
1596
5150
7815
5363
4559
5459
9628
3958
3485
4969
4671
5399
4260
3671
777
585
1666
5502
3289
6604
431
7910
7633
6060
4269
1526
9530
2826
2859
3499
3894
3441
9714
7401
1252
9763
1293
5413
673
127
5417
678
3962
8795
3449
7586
1246
3819
5726
8134
9407
9674
6626
8744
461
3884
4217
2621
848
4822
40
6522
7728
4430
2557
5158
1345
2426
4908
9721
6490
9932
9647
7943
3867
1795
2627
9920
6693
1115
1254
1490
1286
3077
7844
1840
7381
3050
2117
225
6984
186
6369
3369
951
7132
5569
1396
8502
8897
6841
2158
9213
8979
83
5880
6343
9140
149
2075
9939
7626
6064
8069
525
9544
768
8380
5147
4202
6951
976
4280
6016
9073
3512
8101
595
6193
1545
8810
9979
9338
4518
9825
6798
4340
4989
547
3552
9512
7569
9718
4773
2417
9121
5774
8529
7340
9874
2452
9086
675
7924
7114
4645
2500
1207
9583
1720
2027
1114
9115
9523
7744
4290
5738
2279
1110
2997
7047
4210
8070
5724
1255
5020
9846
12
7370
393
6103
3535
8369
7262
3236
36
1695
2952
5169
3580
1890
6039
2955
2521
8375
2509
6017
7791
9250
8155
8205
9966
1936
1685
1109
9425
8915
5751
7820
277
9032
949
2902
3941
2487
8428
2855
9824
8758
4918
7071
447
551
6366
1665
7607
7827
4502
6519
6021
65
4170
1376
6616
785
9009
3249
9973
6126
2839
5712
9511
5356
3795
868
97
5060
5592
2139
7955
1126
4940
9404
5694
9841
7225
7706
9345
6065
3776
8770
1556
4698
3609
1304
4206
8627
3073
1065
6547
7241
146
2388
3617
908
3966
8662
722
9476
1643
2339
6919
4657
3698
2696
4604
7898
2921
6911
375
5377
7734
5910
5259
8356
1493
7763
6555
1136
9149
