4582
109
9948
5924
6090
7650
505
423
2775
3562
2924
4273
2501
6329
5409
9372
5139
5342
7539
3012
7837
515
5028
6797
2960
4737
9934
752
7441
7186
4248
1114
1456
7844
5177
382
7357
7255
7948
560
4981
7635
5243
9093
5836
5827
3804
4039
548
6786
4143
191
673
7361
4429
8145
8336
2961
7084
2601
9701
3977
5742
6552
1756
7274
5423
8921
6556
8880
9210
4404
1913
2204
1513
9518
95
9139
9194
2316
9843
8817
1824
2980
4684
8358
36
5103
1049
1213
7123
6089
6868
7707
7859
2943
5194
9424
9521
6784
2445
728
8732
9040
145
8090
3353
5384
2615
9044
5867
1083
7697
8987
7309
3049
9127
2755
2885
166
16
340
1591
1061
2915
9624
326
9369
3950
408
4645
7240
9562
3941
4367
3404
295
6087
6923
9088
5393
4974
1536
6001
5171
645
6298
5885
2548
2794
2190
8911
6278
5292
534
1451
2136
394
1344
8451
7267
9086
8032
9277
5193
9770
7580
8775
3829
4214
384
7452
1938
1867
8888
1099
1921
8089
989
2992
5823
5343
1932
3208
4675
6132
8691
8912
236
3394
7387
855
4766
1449
6256
7684
9318
1948
8509
6066
