1764
5411
9942
4504
8581
7437
1692
4076
7745
2265
140
6792
3260
619
4515
8136
5330
5599
1291
6734
4408
6459
1096
630
2355
6168
7433
6938
5825
7520
9777
142
6807
795
1289
8677
1224
3994
7510
2160
8608
6242
43
1090
8006
9181
1055
4771
650
2275
4339
7582
1559
2446
9829
5790
9613
3921
907
3299
8021
6056
71
9204
6028
9798
7230
6966
5203
2770
7427
4787
8294
4667
7404
8620
4868
2348
2718
8526
9884
7810
8950
159
4451
6520
7478
5609
8963
7590
6331
4863
98
3751
2904
8430
891
9880
5872
8668
4670
5704
558
6225
4767
4698
4124
3638
6230
8814
9261
3165
3452
954
3065
6643
3192
4047
4860
6453
6717
9358
1382
8650
7196
3413
5895
1686
4282
2636
1115
6373
7907
2287
6367
7603
6015
7232
9085
5933
3474
8125
9808
2383
7975
8352
666
6472
5962
7115
9264
3912
1660
8108
7826
3170
8504
5603
3362
7589
1967
3632
5089
4154
8690
2790
9874
1746
3889
1132
8943
2645
7596
8928
6411
7549
487
9603
1361
6776
1597
1808
4729
1975
6906
5898
4343
3155
1573
2182
7083
1733
836
389
6135
6964
654
3630
1944
7101
8042
5153
9362
8497
61
7744
4453
1457
3586
7173
3615
637
2211
231
9689
6872
5616
1565
1401
6595
6094
7683
7952
2067
973
5377
5136
8234
821
3150
7882
2760
3823
3839
9254
6340
7055
160
4760
6864
2544
4806
777
3780
1861
9333
7358
7480
6202
3574
5731
8728
9256
5973
8456
2914
5899
1561
6386
5400
7898
1429
3978
2341
1171
158
9744
3338
4122
1897
9210
5891
989
9307
1253
2518
443
2758
6145
9126
9630
7412
2903
4816
5170
9019
5897
1228
1251
6911
5117
4960
4467
6712
1748
5204
50
3627
5446
939
8014
2814
4848
5554
7934
471
1665
3515
2083
6493
3422
6082
9614
6193
4546
5530
4113
221
4371
3117
4753
2557
8896
3597
2555
6751
6782
3527
1294
104
6770
5030
7295
826
7664
6250
2258
8053
8357
7063
5474
6045
8240
2487
5285
6292
8555
7857
4654
2956
2624
4807
5385
7950
4917
4981
9749
1098
9618
7175
3528
9914
9061
6050
587
8916
1485
6393
6241
2587
7457
3113
6793
707
183
6060
7709
820
47
5231
2187
9809
744
2475
9671
8122
5751
5631
3977
8637
3543
3421
1068
8393
5067
9361
952
7886
833
7546
4715
8379
6627
8020
9463
4525
8188
4464
5052
6652
9730
9179
2938
9558
5232
7016
3506
683
4955
8022
4237
938
8148
3423
4841
4035
3514
3062
1712
7607
1308
308
6609
7145
3070
9844
7538
5103
9910
4940
8757
6468
4353
416
299
4782
7561
4796
6223
8062
9516
8332
6182
4932
8573
7284
3204
4724
95
5047
2836
4840
428
9005
2696
9833
8028
6205
303
944
1723
9684
1891
31
9316
5115
5122
9295
5619
1415
9879
8207
1625
6178
4834
8111
6958
284
7013
8409
5222
90
3792
9984
2356
769
6764
7221
7423
32
4975
3729
875
8741
3443
333
9407
7004
4354
8704
5965
3871
8435
7308
7440
2101
4681
4381
1081
7195
1479
8580
9581
1950
5421
9111
731
6470
2382
5229
1143
7103
709
12
6274
2889
1367
5092
5172
2483
1822
2229
8786
9861
459
7454
6818
4332
9065
2508
9045
9846
1166
3053
3838
4344
3791
5868
3061
5829
212
8764
5462
2732
4087
511
518
9935
8554
9231
3725
4881
8027
4488
577
2655
2228
3565
3849
2937
8035
2207
3056
767
2283
6087
9356
6604
1550
9220
5372
3669
7922
9408
6360
4990
5705
2232
889
3047
7146
3021
1419
3233
656
9469
411
7495
4540
3916
2856
353
3218
7749
4247
7927
1214
9631
2787
9376
9907
2339
4999
16
6633
7653
7328
6188
676
6144
1842
4031
9695
7924
4764
9878
8144
5600
7845
2739
3293
5540
3858
9757
2872
6700
3875
3450
5440
9913
2210
7597
584
7169
2917
8602
2556
6794
375
5113
8661
1184
5291
1778
5439
2470
349
2703
3456
5810
3265
8412
6560
5566
5928
3316
5576
8067
1104
6651
8717
4973
3963
3479
8891
8610
984
3608
4466
8634
1548
2912
7240
7416
1238
3373
1896
407
6496
5109
2892
6916
2434
6943
3682
8563
3517
4938
6719
605
1469
114
6918
347
4101
3789
2359
7654
805
8336
5320
3592
361
1348
2455
7973
2702
5003
6008
2322
7519
9651
4341
7704
1103
9620
7608
1611
1385
4137
4893
196
9217
5185
9680
3785
6345
6273
2905
2524
6880
7641
1170
1595
3620
9773
5755
9719
2897
6191
7121
4093
9054
5573
8799
5495
1675
5606
2890
100
7578
4828
3124
3790
2570
5363
7575
6784
7725
3044
8105
7090
2855
2656
1828
9296
2452
2261
127
2225
8845
6189
5012
5444
4395
5498
4995
8842
7708
1710
4772
1459
2122
9828
2721
9066
9701
2451
2246
3919
1267
24
715
6681
8574
5479
9893
3812
8203
3016
6632
6463
2319
7903
8755
3259
1177
9977
6174
5059
6634
3151
7871
9247
9921
1447
2041
2095
7827
6302
521
6276
710
9080
4235
4461
4825
1259
7468
8199
3555
5811
7210
8366
3748
82
9609
5193
9446
6612
965
3415
5946
4558
2554
4294
4743
4422
2481
4950
5481
7244
5161
346
3993
3583
3881
3983
1362
7573
8309
4666
2458
7769
9839
2168
9987
5915
8885
8619
3267
248
868
803
1345
3684
7248
2724
3825
4889
4482
5920
4366
5246
2503
1785
6618
5878
2868
2257
8840
9056
7804
1327
3614
9189
7246
1075
5762
3926
401
1190
9476
4800
8300
2594
199
4562
5412
4718
6642
5410
5333
430
7445
6790
4518
882
7356
4380
4435
9646
4847
6031
7679
8100
7635
3234
6975
1839
6996
2916
9043
9842
6048
4277
6070
4519
68
3726
4818
3403
7764
1099
7782
9369
9811
7403
9923
8494
6953
5147
179
3997
4495
1926
7817
6399
9249
7850
5146
7714
6064
8071
7912
1038
3071
485
2449
4221
4849
4858
4624
1380
9754
9517
9234
6902
1452
6237
