9702
5070
1329
9413
6164
3820
9128
8074
9904
1248
3533
7452
2124
2448
7864
7347
362
9683
5749
7314
8435
9868
7320
4647
6409
6627
7930
1234
4828
7809
104
2658
4324
2584
9867
454
6360
4376
4120
8248
6246
166
1591
9887
5217
7315
2315
4207
1511
7006
9662
7955
9144
4680
4437
2510
5647
4654
2094
5674
952
8603
6876
8346
245
765
1047
5595
4034
8648
7771
5247
6482
8338
3869
694
5431
6555
5809
3387
589
6241
3029
9849
4520
2971
3732
3893
7179
8847
966
3106
1441
6580
7427
8919
1936
3818
6432
9348
9476
6471
6953
6026
8513
9527
6617
519
1462
6063
5904
5635
9168
4569
4870
6695
9328
8155
8218
2294
3588
5323
5968
8277
1559
2332
9424
1308
3148
8104
7622
2704
4194
5754
968
5643
5435
6590
8670
627
9390
8022
5604
4326
7209
4024
2717
7203
8796
8164
231
6427
3772
5158
3040
1225
8499
4305
9300
9496
5554
2046
2339
65
3929
7619
7683
7194
6844
8671
7008
7776
3876
5344
703
8566
3238
4894
2644
1281
1740
3281
4465
6510
5871
9203
4947
2457
5567
6848
4989
2572
6127
871
5484
1710
1638
1606
6709
4090
1442
1429
2076
2363
6383
8347
1838
3253
5679
6796
5464
2807
6640
998
7012
3282
4141
6828
7296
4945
3788
7828
4002
3143
1692
6365
8182
7401
9143
9781
1472
3005
33
3730
5768
1038
2485
6424
6531
3935
336
4667
9240
8892
1873
9033
3700
3863
9509
2204
3595
7342
6392
7323
9877
50
2326
1920
3831
3594
7703
5422
1979
1468
121
5440
633
9257
6706
5221
4279
9894
2030
6157
3812
8030
6367
3916
4060
5309
4755
4533
5466
5320
4823
6317
1121
4573
1791
9788
7118
1949
9607
3967
7658
3374
8247
4578
6359
3835
4648
6286
258
5068
4617
7143
7474
4179
3880
8171
186
3946
1664
6745
3385
2049
2636
7725
2096
4222
8817
6527
1773
4595
6654
4226
6052
6323
4577
7175
8018
648
2019
9987
5330
4958
7535
8236
3092
6362
1594
5615
4724
673
9838
4292
4496
6462
151
5622
1976
5468
1742
6348
486
3704
3204
2789
8453
224
1962
7747
7122
1104
6467
842
7691
912
8348
9722
6406
4541
8659
3234
3256
6576
6357
7083
850
749
1726
3615
7589
1477
422
6240
675
5178
9275
1552
1810
2490
3859
6943
2687
1383
8336
839
5406
9092
629
1011
8855
9516
9809
7773
9196
9393
5804
8420
3927
2291
8686
4251
5032
7937
3875
3625
2996
558
8784
26
4502
4493
317
7393
5621
306
2227
3834
4232
8375
1427
7633
9292
5689
969
5304
802
913
9533
6970
2073
720
2551
8084
9679
5418
8569
8960
7514
7108
1128
5374
8498
3068
4815
8820
4337
8323
5594
4504
6373
3329
5568
7447
2854
977
2283
8643
5408
2412
7105
7627
8073
6905
9895
2919
4733
177
5405
7475
9021
7145
8685
719
4594
2852
4312
227
9007
9296
5646
451
7733
9074
6530
2940
4783
6787
