9349
820
9265
763
5719
9680
4604
253
6366
6130
3181
8328
1796
5254
4615
4365
2707
9191
6090
2260
3540
4533
5635
2964
5866
6533
6599
3955
8789
9419
5554
2223
6984
1968
2949
5727
8045
801
9140
2091
3135
9049
2104
1321
7089
5913
8220
293
6833
9578
2084
6087
4472
7407
67
3150
5119
8559
8820
3220
8538
4276
9550
9729
4645
9486
5
3420
5132
4340
2568
3149
9675
9072
2631
9898
5433
4689
3945
3481
1006
682
8074
5900
7971
1139
9652
4878
7512
9792
2757
6079
5477
1785
5460
1314
1518
5638
1499
4153
5859
1171
8528
740
2026
5125
8486
2593
7226
3393
3053
4796
9371
729
4545
333
2551
765
9390
3147
2812
3532
5974
7940
4048
6540
4662
8394
4916
6986
3472
8752
5711
556
2249
1970
4475
8851
806
6422
4172
3923
8503
4446
3282
2574
7627
7878
3659
8663
5583
8212
2199
3064
9386
7588
7510
9795
8095
3458
3340
2884
8624
3448
5685
308
3553
962
86
9752
2833
9124
2228
9936
5395
4146
9351
951
7298
1622
5441
1857
7491
3963
9169
4049
1781
4538
9406
9863
7973
1405
92
9805
8768
1375
4079
7606
3385
6531
