3013
6122
2783
363
691
9004
5951
725
5769
9050
398
6481
9658
8587
1816
1984
6758
6350
6052
5516
1423
3750
3317
3302
1268
6321
3072
8829
5816
2785
3038
5745
2776
4718
3875
8029
62
6343
6571
7873
8122
866
1520
7895
2032
1516
3501
7508
1765
7088
8897
6570
8873
6978
9660
1168
2889
5734
3477
4291
9120
6540
8900
8883
6605
732
3865
4129
5227
9063
7176
1058
4237
4200
9065
9090
4835
5667
5706
7389
1049
6670
7632
3034
1023
3709
6214
7727
6838
7260
238
215
5279
3985
5202
130
354
2514
3891
3829
521
7513
4844
6859
846
7786
6291
3224
39
4161
6844
8706
985
3237
4164
1838
3759
2529
9857
465
7313
9200
4666
6410
6064
4357
5887
2722
441
476
1147
9178
2691
3841
2806
2576
4813
6075
2162
815
1866
4100
6113
1935
9880
5198
1579
7301
1821
9513
590
5836
5288
9212
7377
4825
3180
1417
7214
7855
1934
6274
3975
7315
6357
4230
7077
4998
4166
3413
2867
5658
1758
2994
5587
168
3267
5014
6778
6124
5352
3475
1235
7503
3377
1035
7419
9213
3585
4316
5758
5405
3243
9555
7523
4850
5688
610
498
1631
5956
9550
6757
7604
5277
1280
3575
2153
3082
6080
7431
7375
9627
8145
3229
4880
2871
3593
7164
8127
417
8185
5468
56
8045
1182
3634
1630
2524
8783
2354
1946
4584
1427
2076
6698
1085
1869
404
9296
8336
9900
6032
2211
899
7119
1867
8571
9024
5402
9011
9458
8991
3334
6425
1479
8159
3963
4952
6658
5800
5771
1799
3226
9995
923
6306
7346
2534
1380
5106
101
9374
8251
3076
6427
2721
9541
271
2914
9510
882
9978
9790
9403
4029
3088
2419
2933
6848
7557
4572
3852
6047
8568
8391
4867
5533
4724
2953
7947
8727
4013
7578
5091
8243
6249
68
1519
8385
143
7025
6073
8020
7693
7538
1124
4262
7443
6396
8382
5403
2731
9282
1460
961
7543
2568
5484
35
9677
2209
9295
3016
7078
7267
1457
57
4023
2393
1473
6495
2572
5286
6619
7554
356
1924
4438
8611
529
4884
8948
3355
2820
4497
8728
7381
45
302
5665
4642
9368
1053
8570
9424
8043
5364
447
3101
4943
9741
9422
4823
4302
9573
7101
9734
668
7770
6207
1669
8104
3788
6958
1105
4921
463
6476
2772
6496
4255
6783
2315
7488
6642
3708
53
7734
6247
7540
3390
7171
2941
4958
6726
3972
7416
8278
3165
1797
7103
4385
4
9818
7393
1011
3258
3718
6919
6732
327
8319
5970
533
8632
9379
7913
3107
8019
1436
740
1545
862
3732
2462
1221
5182
5551
1111
3352
9589
9562
8983
7918
5556
8540
8096
4858
9421
6494
6501
8843
4610
5423
6737
4956
2582
8576
5444
5407
1731
9825
2566
3714
1812
3092
5744
1183
8952
3325
9952
5101
2143
7435
1209
7584
8228
5913
7677
6807
5725
8465
8326
7129
9072
8566
2144
1444
4595
8558
5406
5555
9006
153
9684
6341
5503
4932
9583
5523
4012
5094
3944
466
3534
5055
3886
8155
2922
9564
6364
1138
8063
9533
4617
7497
5638
9337
796
3179
4871
8300
2443
154
7990
7753
3495
9294
4729
5398
9320
7058
2995
7418
3749
1358
6091
259
7844
1862
3821
1794
4831
7404
2018
7102
1782
1686
6138
341
568
5866
8163
4984
9076
2479
2065
8134
3544
4187
5385
6687
1701
5804
1959
6513
6191
6208
176
378
2737
3854
286
9945
2382
5203
7219
5435
8567
8183
2878
9929
7169
8014
3531
5036
3582
5194
3522
905
1245
2131
1054
9904
744
1403
2930
2998
301
5448
298
8343
6777
5995
8250
3916
9538
1646
9160
1087
1083
2518
171
8945
7512
1006
1437
6099
5483
699
1020
4587
8638
7945
1773
1468
6797
5749
5303
244
8797
5593
5722
1886
7672
1389
6102
7486
9525
6402
9834
1260
7664
2516
1015
6773
2679
2084
2792
3063
5585
7525
1127
2855
9689
5408
4260
3459
5293
8767
5087
2563
5894
4909
4168
5449
9437
6816
7598
979
1143
6033
5932
9918
3250
4371
5964
6162
5023
5675
8232
6924
639
4552
3635
1856
2773
7868
3576
1206
7494
3440
3037
8795
2392
3830
593
394
7069
8521
7188
9552
9390
4409
1155
7371
4876
0
5624
707
3190
9097
8082
9646
747
3621
2417
7615
7329
9142
4621
5580
8929
8636
9964
4351
7545
901
5656
4003
5429
1296
9216
9783
4840
6107
3051
3135
4625
9
7342
1547
1650
8338
764
7637
6624
8988
8426
342
9619
4711
3809
1263
8962
9715
7761
9489
8299
2697
7006
2094
8092
5311
723
4846
1899
2629
2761
8216
6591
6731
4649
8782
7184
8363
5766
9310
9601
8198
2825
4955
5289
6908
3595
3095
1094
9869
1314
3702
5828
9125
6594
2526
4806
3945
9239
3041
4777
1119
7862
3526
694
6787
1469
6588
5105
7935
5531
2092
1392
241
2508
5509
1302
5422
4828
8171
6598
6084
3903
6998
4099
6426
5133
8652
3643
1010
4039
6514
5538
47
5912
920
6259
8452
6500
8734
5395
6821
8678
1754
8130
3466
5295
3713
6846
2314
3389
7501
693
579
7382
6134
2579
7282
5251
5328
9924
4845
8581
4731
1988
2597
3143
5180
2717
7029
8341
2467
8259
6608
7167
3026
4784
4334
6184
1633
1097
2355
8899
9642
3005
4167
7
6090
4513
8867
55
1628
9392
1806
1981
7434
3449
5371
3586
8992
4982
6774
6567
1504
1429
7370
1061
2996
7611
1911
2137
8546
8903
2353
2752
4771
2457
724
6648
6761
5196
1566
2398
6850
4615
7794
7303
8443
7573
2861
149
545
2242
9410
5554
774
6106
9483
1859
4852
2916
2054
4656
6951
3032
8438
4811
4969
2583
95
7483
2826
190
7583
9569
3120
1695
8412
7264
2331
4754
2618
119
8688
6893
9447
2047
5002
6510
4493
4061
9509
2403
5191
7621
7738
2709
2377
8674
4066
1574
4897
1624
6461
1777
6187
3363
1471
9283
7428
4593
1047
6021
9743
1
9360
8439
2782
6819
2429
9452
