9663
1597
1676
675
2277
6269
8878
1438
4992
6664
6633
7372
4854
6459
484
7212
7209
3102
6027
8690
5659
9093
2626
1110
6546
1481
2957
6080
4081
9472
1599
1629
9578
9014
9379
1162
7634
1747
3644
9943
5740
4818
9471
2789
4547
8968
6230
2682
8083
2184
3510
3820
8810
1682
7872
4259
5942
7442
8447
5044
1920
3327
8361
3694
3010
4398
9420
4585
4896
1230
5016
352
7363
6066
7460
5121
119
765
7246
5249
7604
907
3979
9378
7190
3473
9004
532
6201
5544
2960
6990
9316
688
9733
4774
8964
8291
3210
9693
7865
8752
9326
9098
9386
4204
6583
9427
6885
4647
773
6281
4342
8392
4541
6332
8738
9470
333
5535
8846
5528
1841
5583
1383
5614
9784
5800
1168
9912
8689
8262
2839
13
2183
8578
7901
5835
8855
780
6392
1566
8975
7298
3123
2879
928
4047
545
6042
2662
1299
8948
7703
9652
9502
236
7360
8426
6779
4001
6554
5452
2021
5502
2705
5013
7331
7308
5129
6429
1262
5769
6096
2267
5747
5742
4427
8762
173
8464
3032
2943
2119
6639
4241
8438
8946
8368
5091
4514
1781
30
8263
1242
991
5136
5265
3087
490
5034
99
8133
3996
3677
3345
5680
6353
6798
5756
4326
2712
7324
9242
1324
3193
1309
2399
5972
7140
4938
9741
735
3470
8429
1897
8829
1535
2591
3257
5870
8764
1691
4035
5339
3425
3614
2236
5814
6185
5541
2871
7379
1559
8344
8142
9507
4297
1158
5872
9675
122
4981
3537
8488
1349
6359
5416
9651
5288
3424
336
3435
6115
7511
9366
6009
1359
9468
5759
4963
7934
3004
7947
9765
8917
9973
2061
7330
7984
8358
6627
5204
2064
1907
6488
7176
8160
5603
1514
7652
796
9349
1889
902
8182
5195
5970
6690
5700
1598
4353
1483
2463
6896
4623
3725
6612
3177
2638
3853
5153
6704
2057
287
1991
65
9051
9265
2980
6271
5139
1167
740
1372
4230
3148
9359
2650
2641
5969
6922
7688
5545
1074
6802
9588
8045
8838
6533
850
218
5621
4618
7406
9354
6314
9392
5027
3990
4275
2920
2676
4490
569
4807
9501
5199
1339
811
7914
120
4213
8712
3904
2502
4611
9915
3050
2213
6480
4633
3541
2609
7079
8402
1204
1111
4216
7794
5480
7853
2294
6534
6656
4473
2172
5492
8414
1476
4856
6381
1382
8117
8105
2161
566
3140
6714
8222
2848
8595
1593
584
1731
3814
6772
9888
6770
7718
8080
8919
6568
7557
550
8782
2298
1255
867
9500
5974
4207
6255
5252
242
7235
3168
664
2303
3220
1247
3959
5690
7711
4596
852
3972
7709
3656
611
2615
3681
7405
1603
8255
2247
540
2079
8009
5
9318
5410
1184
2215
2561
1606
5896
7043
1836
857
698
9614
186
61
5724
7013
5073
5194
3460
8864
9907
4565
6433
1895
7243
6825
3145
194
8673
4015
9195
5021
6415
7798
9629
6363
9809
2927
3031
8996
7868
2232
8730
4388
1638
4327
6659
6337
1371
9194
