8615
121
2825
3511
7500
6817
6535
9836
4716
8011
3314
8280
7998
8912
5256
7356
1226
5414
2211
8412
2925
8507
4
5258
6620
3308
2214
5005
5411
5172
9469
1195
4831
726
90
5304
5096
774
2118
8776
4209
1602
9329
3331
8877
6353
1185
8047
6568
8568
6097
2715
8302
8309
8163
4657
8617
6049
9764
6023
8455
7151
7757
6948
3542
5816
8175
6544
6680
9520
9320
8488
3625
8054
8924
8587
9226
7080
2542
3980
7461
2069
9074
5641
8052
1384
2206
6920
7516
1560
3508
7120
2448
8005
2401
3595
5583
6918
9231
2102
4318
9827
7588
2556
1119
119
9615
8475
2233
8999
4771
4776
9802
4114
8939
584
6588
4003
3579
8252
5150
1355
5039
1826
641
3761
47
2027
1399
1704
2614
9218
450
5007
6201
5478
4979
1986
6721
2629
3288
1899
445
9237
314
4598
7357
3560
110
9416
4973
3290
7169
8453
7893
7579
3530
1300
1574
6713
8476
9092
8460
2014
714
3163
4766
7811
6906
5130
8271
6349
5787
66
2654
8195
516
275
1683
861
4876
6561
7084
4659
5372
6727
4969
4342
3249
3796
9185
4947
3408
9431
4672
8699
2428
9284
32
1440
3869
9679
2433
3409
4931
1897
500
7947
6059
9297
6509
2633
9150
509
7172
718
2695
7191
3888
96
4996
1812
6222
8992
131
7819
152
7118
9743
7510
1955
1538
1662
622
2450
4421
6678
1596
2436
2269
171
8017
9461
6604
6282
5000
3391
5159
6858
1089
585
4126
9439
441
4816
2239
4355
3668
6155
9531
2138
6662
3717
4977
5569
5990
1178
165
3866
4184
805
9880
3764
9410
6040
7507
3468
8296
4298
8940
9786
9398
457
2721
888
6401
9070
187
474
541
8927
4479
4587
11
3907
5925
6488
5398
6317
6799
2370
2108
2795
9646
1729
7859
920
1393
7985
2148
3986
5032
1365
9588
3662
1586
5111
804
5585
5760
3807
9822
3503
4094
6876
1916
7174
5214
3747
6309
4295
653
2738
8160
3659
6375
1215
1949
3345
9647
4445
3825
8688
256
19
4062
6171
7934
120
3621
5358
5554
1841
8546
1169
9294
6671
9683
8656
7990
9203
6540
338
820
5533
8291
4602
3626
542
8765
3017
423
8367
1911
6554
9221
7093
3432
1963
7157
846
2176
1030
6558
3819
175
7306
3880
2768
555
3127
2669
3034
8250
4213
376
742
1115
9906
826
7823
1645
5951
8719
706
9954
8211
3343
6137
2924
6124
9214
3632
216
9773
9877
1922
2352
3193
2464
2941
7424
8670
6684
18
2549
186
1369
1054
4801
8492
9104
9116
2648
8450
8846
9544
8499
7434
4564
7216
4592
9016
5695
2962
1168
5836
9415
2758
3586
6095
9205
9677
9614
6081
98
1085
3928
1212
6341
6148
2079
2065
9017
8566
4309
7439
5593
6433
7671
5560
3933
3813
3293
6430
5262
9769
7426
9186
2637
4148
8162
3738
8871
5795
5710
5963
9888
9245
3180
9430
7162
8262
5188
4809
7798
9784
1651
2246
4019
5565
3754
6286
4200
5804
4331
7525
3572
6529
5362
794
8365
9518
5035
3403
2927
412
4138
4803
8798
2017
3389
8444
5828
2720
8918
1167
9042
3927
2930
6399
3041
6845
6521
2170
6147
8070
5416
9895
8683
4175
6220
1040
3246
7853
3336
4119
5860
3923
7809
4070
2596
8695
8352
5949
6166
6666
7905
6642
1417
5309
7971
7636
5308
9682
7558
3823
4571
7874
9817
7847
3462
9045
6528
8272
5948
4233
5775
1875
2156
9673
229
3092
559
9938
5742
3059
4508
850
9420
7433
5542
7988
3513
4541
6200
446
997
2066
6431
3081
6689
3489
2502
5898
9559
615
5410
8469
3681
7107
8121
703
6120
8209
385
1398
3137
153
5730
1149
1784
2501
8761
7436
2800
7058
1444
1347
1870
197
9197
4578
5774
5596
9981
5709
2158
3834
4491
4556
7816
3273
320
456
2484
7215
744
7335
3053
3936
1608
3294
7877
7660
231
4113
8977
8902
182
6266
6478
8821
5689
10
5373
8562
5294
9187
2833
8758
6982
6451
6648
3859
2179
4918
8785
4553
188
4486
5667
5406
2997
6601
1419
5957
9801
3446
9664
367
5395
7004
3274
4910
292
1213
5796
1066
6696
7866
2706
5229
7062
4779
710
6622
6971
2142
6453
891
971
7705
3643
4921
504
1530
9021
999
8592
6612
813
9470
2543
3722
1636
6416
2865
1294
6734
8901
9586
5737
1935
8599
3658
1049
3917
5939
6480
1751
630
407
2546
6250
1207
4068
6472
2741
6292
4812
1629
5891
6320
9642
5781
4116
8325
1441
8397
9433
8970
8403
9659
1581
2638
3367
8662
1483
8079
5970
1649
2050
725
8691
302
981
3256
1282
8978
6791
1137
58
6361
3452
7918
9146
7575
490
3999
8915
4632
4227
5546
449
130
8931
9721
4452
2486
6468
1352
297
6970
7230
3200
3253
1940
3226
7128
8856
437
6811
9630
9267
9028
3424
814
1778
5217
5020
1453
5017
4551
8448
4500
6735
7842
8637
5907
8377
6556
9820
4439
4956
2009
1556
5135
991
9341
5179
9491
1082
8993
4995
1216
1111
7209
8563
273
7613
6635
2906
5140
3600
1147
2766
7456
2818
2948
727
1984
702
9051
6274
7001
8781
3
6112
2058
7551
4885
7228
8676
7634
9546
471
1209
9610
6316
6445
6060
4566
7761
3164
3942
6056
3438
4599
5014
2514
3234
982
5817
4982
4504
818
2827
178
460
475
4624
4821
1664
5859
6177
940
7683
802
4772
878
9380
9302
9236
8981
3577
5877
8213
8338
9988
2049
8286
9291
6945
7251
2309
9547
9167
4514
612
828
9256
2752
4044
5246
7325
4152
2279
2536
6542
5783
371
8565
6818
7646
3868
515
1463
8807
1371
5181
3214
4625
222
1455
1273
6257
4549
8088
5081
8874
4729
6111
3780
959
3019
5295
3531
3951
1800
5611
7210
7880
330
6944
4974
447
6887
3887
2964
1498
647
7089
5690
6661
8734
1404
1811
1016
9516
8493
6205
2461
9044
587
4252
9446
1933
4482
3519
