2589
4406
5919
6541
3515
6817
5337
4687
5784
9197
7037
4562
1015
3647
5647
3169
8898
5545
8460
5274
3409
8067
9310
2678
2112
2644
5959
3080
5360
8030
1318
3635
7788
3998
7014
7890
359
4179
5951
2484
866
9483
3372
2690
4856
9534
7545
406
7437
1113
3155
5308
1219
7945
4955
638
4277
8999
8876
1045
926
670
2840
1414
2918
3927
701
2803
2481
86
589
3063
8716
8443
8819
1932
6613
8109
2373
8132
9767
5306
2693
1857
4637
4981
2941
1755
6837
1062
918
5696
6280
5190
8800
2503
7490
6682
15
836
3311
860
6631
8263
4848
9024
718
4569
1560
6435
3842
5670
9205
5054
5453
6239
950
1649
2596
3993
5788
2125
4213
2614
6542
3906
2785
3007
5496
3889
5357
7057
6414
9438
8233
5525
9
4450
2192
1831
5828
9239
9898
1120
8044
5523
7071
9395
503
869
7254
1413
2233
9697
3314
4140
1987
1154
6254
377
4559
7470
2872
5495
2416
2241
9541
6238
6126
3972
7958
7971
7242
6375
389
9544
3006
3406
2171
8216
6330
3920
9293
5305
5338
6932
6749
1345
9574
5391
1030
1925
531
8862
9320
3613
5339
2231
4531
1400
