3792
5939
9332
676
9828
5196
6450
7833
3567
2991
3666
8802
4968
693
5685
350
4153
8301
2650
3373
656
4110
7027
3966
9740
6299
3926
2923
6930
179
9055
6954
9042
7749
5027
3720
3836
6655
5561
8239
5455
7314
7140
7699
6067
3184
7680
1174
6093
8573
1206
6164
5393
3429
517
9513
3070
7823
9368
1674
5038
1319
6913
5735
7840
3985
3015
8047
2166
8641
6922
586
6456
2692
8511
9204
2728
2127
963
4978
9230
9908
3701
9680
9623
1459
3525
4612
789
9338
276
4450
3027
9835
8688
7325
6275
5688
9287
1267
2369
489
8122
1258
3895
3080
8500
8213
3841
7645
4200
1954
8707
6823
5905
377
8949
4815
9291
2466
5303
2521
6932
6249
9874
4351
9263
9024
971
6794
5548
5238
8130
7861
1879
296
9089
3163
4860
5152
6208
1444
1932
8076
3444
5299
8154
6036
3626
8667
5229
7529
9336
3088
6391
5602
5402
1290
2643
8885
3693
7816
7499
5252
7089
7165
980
8069
4051
2866
7735
9067
1314
4325
3134
5091
2669
5154
9764
4697
7299
4270
550
658
739
1893
7774
3515
5365
5389
4094
6134
9466
3064
69
7375
1884
2222
4821
9664
