6715
1929
4032
3947
4980
4899
8607
4595
9453
5384
8723
3185
1690
5201
5901
9739
5370
1105
2234
8701
251
1822
3329
7386
3750
8467
221
2541
9881
133
6274
8793
5768
712
4146
4403
2353
5264
6515
9712
6883
4107
3399
8444
5047
4762
4541
1327
1367
3657
5405
4792
3497
7270
3524
7608
6862
7454
1227
4399
5949
9309
7971
1935
1874
4933
4734
8335
2314
9450
2610
1639
899
6918
706
8787
6943
1803
4793
6142
850
8613
4279
1303
3168
9341
9619
1981
1491
9223
7629
4457
2394
9023
6697
1561
8065
5688
8219
6394
5903
7018
7243
6273
9096
1614
736
6520
2822
3983
2806
1036
3549
8183
9340
1422
8650
1164
64
4512
3600
3893
3120
5160
1455
9408
1689
5308
6023
6420
659
9394
1074
3570
9982
1045
1008
1573
9260
3922
1750
9252
6405
1662
7529
9467
4181
6316
2395
3820
2875
3894
7419
8438
6354
9961
9981
1845
5348
8046
429
7757
2571
7576
1354
2677
4698
1706
8675
8558
8405
3602
5242
7765
2846
4387
9696
7824
6315
8805
6693
6389
3850
8637
6310
6848
5435
1417
6602
8178
2059
8517
8586
803
8256
5506
5754
9314
2094
1600
8573
7720
1446
3534
3612
804
9604
182
7490
1568
2282
354
5608
9092
3620
2247
827
1925
5413
8633
2440
7952
2000
4106
452
5086
2101
230
8848
4212
4561
7661
9120
1043
896
212
3967
6013
1978
8648
6875
5805
7210
8513
9942
2748
1451
8251
1893
1996
7245
8039
1718
4860
4070
5248
1958
1136
4527
8981
4153
4019
6678
3416
8415
5998
9324
7365
4011
8644
2198
9882
8245
3058
4560
968
8441
8307
9537
9831
3977
1179
8459
1818
9292
5518
1378
1505
3297
2196
3342
4234
167
8378
3471
1338
1708
9584
4596
1776
7327
2053
6193
148
2676
3261
3944
8797
3627
2921
2414
7313
1213
1183
3942
4152
3656
9146
3598
8664
1230
513
8911
8443
7166
5749
8606
3375
4872
2529
7063
8537
6379
7412
9386
5272
3932
7294
1802
3733
209
748
6603
3042
9497
5798
8400
472
1885
3688
9428
4287
301
9889
3222
217
7846
8598
7922
5635
243
4657
8402
8808
2518
4000
1834
7723
3099
6124
3920
3758
7924
6180
4255
3346
5526
6850
5359
9714
4103
9298
8872
8961
5780
2329
3768
1406
9142
351
8104
435
9457
3350
31
7780
4957
1911
6601
5122
4967
1117
8811
3180
2297
8267
583
8147
8822
9627
4973
4294
8569
7411
2099
2318
8030
971
5247
636
7192
62
7221
119
7849
5934
1110
2100
4905
3390
5530
3694
7721
3710
1085
5769
9906
8756
7440
3125
47
2658
1450
4453
368
3277
6709
454
6165
5563
382
2749
5723
339
6808
690
6638
4661
4159
728
9290
9508
2131
9751
8935
1209
6007
3011
4668
5742
2178
9599
8270
1739
826
1167
3438
6812
4078
2845
4519
474
2001
5211
4554
6674
9064
4069
8468
2562
6913
4507
7075
2719
7054
4204
117
7466
7443
7019
1601
923
4530
4388
8618
128
9755
5331
5371
5737
6006
7979
2140
5089
9967
652
9035
4964
9935
9917
4520
5352
4621
5290
8485
6276
5283
5963
7593
681
7921
1922
3192
8834
3679
4961
149
6119
3814
3267
8627
870
9562
8089
9934
4666
5523
975
3748
6298
1779
2170
969
3484
2252
587
365
4690
1200
4401
5481
6084
5818
3976
9216
9710
6202
5741
71
4123
8611
4585
6454
2408
4180
4914
1485
3142
7451
7834
6459
6890
3193
9664
8410
9908
6406
6735
8136
9676
1323
3577
6773
2804
6732
3340
1271
2200
147
3151
3489
601
961
5678
2146
8033
4154
6043
8466
7784
1275
9835
8682
649
4245
3608
7256
9905
5167
8503
2887
9678
5410
9200
1725
662
7929
4171
4634
8340
1889
3917
7364
7845
5917
5696
8128
8612
985
5602
9371
4339
4863
1233
8660
2982
1693
9168
7226
5789
1547
8228
2328
4136
9969
9702
2587
1442
5532
7792
7591
6560
1305
4022
4379
22
8578
8430
9110
5414
2095
2631
4083
4521
6166
1203
562
7870
2607
3376
8997
4815
9350
734
8142
4873
3081
2527
2267
4169
3827
6170
266
1589
8057
7563
3323
4966
6015
6321
7397
6717
316
7231
8229
3618
731
8616
2585
5520
560
9626
3834
2821
3152
5751
3183
69
8523
1410
7035
4879
3082
1933
9545
8119
2040
9693
2220
6051
3776
2164
9989
9373
4963
8830
7545
8118
2735
9495
7320
5366
3546
3281
2256
8699
1021
7535
403
259
3946
812
4795
7874
4275
7982
3969
2955
6691
2622
6149
5584
7955
7722
3541
3643
5412
987
4269
1777
220
5524
6651
9606
2088
9837
9972
8850
262
4767
4160
8361
373
5153
5498
877
6199
9732
1189
648
9228
704
5441
7565
6373
4081
7947
4141
8019
4944
8482
7938
1758
4392
6297
383
9713
5304
8100
3870
3975
6344
7554
41
5452
8237
8893
1169
3114
7064
8117
4074
5710
1044
3466
6475
2608
2441
5115
4411
8473
1319
8984
8825
4405
6410
7813
2151
3302
70
5374
946
1778
3622
5151
4389
7027
9257
3320
2681
6045
9464
2056
6177
5442
1170
5309
5704
3247
5964
7288
9014
2626
8295
2629
1340
6104
1019
7002
5473
9432
8737
5438
5653
3661
5750
4253
986
345
1216
8929
768
7220
1214
7761
2275
6536
7310
9058
4798
3632
2214
9454
4994
1016
5154
7375
1836
5433
1098
4949
3256
3584
2935
2424
7966
894
2890
5561
7290
5670
4878
5246
9770
799
7460
4777
207
464
3816
7927
6680
1711
8058
4897
9699
7865
4150
8820
925
3899
5890
589
8851
462
134
7986
7803
5280
6857
8188
1385
6403
7739
3727
9338
8749
5070
7083
6689
2197
3354
7249
7014
2800
7961
2462
4808
7827
7291
4259
8706
2237
5480
5927
3737
1556
7649
297
6894
5067
9243
5030
2352
8185
2753
3010
1882
6001
1135
9999
5168
9781
7641
8608
4252
9231
9963
3996
5715
4784
715
6938
6415
1343
6100
3358
1075
6005
63
