2958
3742
5818
429
7427
8683
5471
9865
4254
6565
8856
9916
7043
85
1983
4438
4912
1760
5949
8604
3545
8556
587
1340
6110
9245
4522
6984
8795
261
99
4818
2614
7758
3953
6743
1515
3775
4076
7443
6432
1243
3182
8410
4609
8735
424
8279
6583
1357
9618
21
1727
590
296
8579
2135
3348
3907
5484
5007
5660
4856
8035
676
5513
3476
9454
950
6417
6119
6531
8437
5725
9701
1404
8442
8862
3712
3523
9062
8287
8666
2846
117
2886
9087
6615
9524
1907
5134
4215
4566
3358
4243
5390
2686
9067
993
6381
2905
1105
5738
6854
1600
2998
2622
2514
9250
5347
6458
7524
6638
8190
6246
501
848
3136
2105
7574
9231
1267
2207
888
1775
345
4292
1774
1995
3596
9070
3746
873
6186
8939
3776
8969
3110
6442
7161
2248
968
5777
5335
4214
8000
6536
5403
904
2904
1565
9422
4877
5540
4884
9832
4809
2646
324
1813
1146
4203
3428
4611
5180
4006
5145
1624
9003
7001
3340
521
715
9938
6612
7091
6233
2633
9927
1988
9581
8013
5642
5291
9104
1914
8700
4085
632
6474
4429
9922
8599
830
494
7897
5908
945
2422
9187
