6629
1228
1771
5577
6754
9926
6562
3557
3039
1621
8023
4978
1738
9079
6566
545
1619
4352
5801
2437
137
170
1080
3913
9722
3548
1146
4554
1061
6476
4813
3288
259
6531
7025
8107
9882
8259
3123
7550
2574
3058
5623
1655
661
2258
695
4463
5027
5076
3648
4254
6643
5748
9841
8984
826
3144
2311
513
8568
4997
1216
4346
7874
8929
4319
1974
8899
4108
9414
9484
4768
8093
1256
4469
8287
6427
8332
215
8350
1853
5975
1776
7512
2155
2158
4863
7507
434
8291
6536
1366
2237
1521
920
8574
2702
460
3357
8594
8490
5126
5361
3518
6806
3469
1626
6693
6206
4654
8411
4787
9812
3399
2489
6269
6860
3977
7465
739
1253
5376
3922
5703
4101
1052
902
5015
8654
3060
58
8399
7396
1196
2830
4929
7461
8455
5389
6924
8993
2675
1985
4109
7457
7665
3362
6389
5812
5335
5570
1312
3764
4203
85
3440
2385
1811
4063
5627
3076
118
9091
7533
9779
3597
1442
5511
871
5430
5320
4225
9637
4612
1634
954
8288
9224
6386
9102
4821
5644
4116
9727
3539
2855
8894
1084
6087
4817
6372
7545
3344
9173
6588
9677
2301
5502
5885
2181
8450
2850
447
7584
1868
6834
5392
9325
4891
7367
2020
2655
9574
1136
6246
8794
8461
5607
5062
3559
9056
8905
961
6208
4145
56
3409
3716
9577
7595
9901
7807
3829
341
1528
831
4591
44
6318
3124
887
2814
1390
7811
5437
6564
4151
8403
8766
5479
3045
3737
9004
3147
1663
5334
8015
3610
3023
6430
2648
3188
6839
4326
9388
6646
1590
4227
2113
7663
2298
2313
2721
3345
606
2647
9213
7357
5970
7286
2743
4009
9110
9248
4640
4906
9775
7218
4980
7481
8498
8806
9664
5192
4376
8255
3612
313
4767
2453
5866
1181
5521
6635
1677
9851
6725
7854
8951
6053
5358
2984
6591
9375
4019
2528
4994
7062
3499
7916
294
1487
7768
9808
8767
2985
9404
5515
5432
5182
326
9673
1701
9359
5897
7316
4412
290
7924
6690
8240
1268
9115
6012
1646
6205
4270
1388
5185
9423
8711
2678
8124
1633
5820
5857
1787
4984
1189
2534
2518
3153
2797
4708
4367
4952
7830
243
6878
7822
6078
5278
4080
4050
6726
9050
1875
7764
6262
6040
7912
1808
6183
9015
6347
9719
9136
408
2714
4780
632
4859
8978
4244
1353
718
3280
8072
2245
5094
3526
1342
2816
3788
1050
4371
6238
2046
9158
9648
642
4673
4851
7167
5277
6121
4594
4957
1944
1957
78
2933
6775
5730
8166
7476
8016
561
5173
5911
1893
9732
9640
3908
6058
5839
4085
8009
1182
4902
4328
3496
1019
9471
5142
1887
9907
4814
1560
5739
737
8431
2004
5860
4382
7641
3062
296
7618
6865
6339
9977
5352
7539
7996
2152
5026
7812
8454
2326
703
9794
1249
3920
9409
164
4657
8245
842
8201
3488
5485
162
9144
9964
6819
1314
7963
1333
3649
7517
4037
6844
5759
9047
3521
3879
3636
3303
5003
131
9369
8189
8232
2182
3665
3342
4621
1211
9589
3464
1027
9068
3008
9930
5302
3020
5496
5461
9161
1671
1397
1264
8351
9425
4905
3249
4759
4806
3915
3471
2689
4692
9973
9523
3604
4963
1758
4390
1459
174
7491
560
8493
1784
4107
2297
7004
9030
9383
4681
6174
3163
6477
6513
4560
7516
4343
230
8193
6259
7079
6213
4086
3475
3010
3565
4251
600
7788
2019
5113
9889
7190
4555
7911
3506
395
5422
2829
4620
6180
9254
8471
2393
1660
3762
5707
7897
1078
4379
1667
26
4215
8055
7946
5329
538
5123
8335
6048
7065
3803
7483
1427
1077
8829
6689
3174
4610
7528
117
2425
9572
3131
1962
1780
4216
4473
3150
5323
1567
3923
7974
6644
647
508
1672
2946
9238
4420
7592
9267
5229
65
7043
5909
8284
2272
8733
6770
3132
9026
5270
1647
5035
8364
455
9433
1918
2461
4828
1152
979
8909
4999
633
4233
2949
4072
6809
3631
9470
1164
6812
6863
8760
7013
773
1257
9552
5215
532
6959
771
5881
9099
2035
5579
4770
1287
2906
8815
7609
5842
8112
352
5478
4503
8295
2976
440
7343
9760
6659
6575
5124
9244
7521
5700
2940
4969
2541
4093
8983
932
6031
1291
941
4275
9431
9724
975
1117
8357
8548
6021
5180
5807
9142
4951
8764
8667
7090
2122
1200
3061
3676
274
7930
4789
8656
7181
9611
9012
3686
9873
297
6691
892
7058
5038
1839
7585
4361
5447
2800
6073
5018
7400
3199
8318
4588
8190
5898
8172
8757
1384
3328
1845
2149
4670
9765
726
8169
2598
3816
5133
4302
8588
6943
1554
825
8103
9555
5493
597
1029
1300
2854
7462
4197
7608
3903
5646
8643
4454
8657
7535
1544
2259
9538
6565
189
3258
8251
7503
9576
5637
760
4487
1454
7311
7163
6016
8869
3906
2204
9770
7598
4967
8765
6776
5589
3553
1133
3352
9309
5465
3046
8178
150
9175
6024
1945
1884
5453
5075
4365
7775
8670
3190
5078
9519
6999
6422
321
3985
9795
1482
8683
5439
1496
108
2679
8787
8289
8662
8556
6830
5810
6607
690
7857
7801
7695
3220
5365
9318
82
780
575
9737
2477
8001
2880
6161
5476
8346
5507
6755
9368
7417
4038
7547
1210
5200
8037
4531
9829
8333
9947
7046
5593
3022
640
1208
6529
3668
7383
19
6321
8690
731
7078
1385
4824
479
461
4835
5870
7233
1958
7984
5512
5141
569
6442
4583
5664
28
4805
8839
5745
5929
7135
5159
6438
9805
7203
6160
8466
5501
3367
4193
6270
1972
8043
7809
8528
6611
8943
2999
405
8363
2522
362
5250
7554
7427
4972
8486
2401
7033
6138
8361
567
4123
6018
3722
1232
90
7842
939
7108
9685
175
4852
397
9228
3252
1047
5360
9826
9422
8975
1549
417
9373
7342
9285
8511
4832
6636
9957
8025
2017
8678
4327
5183
4529
2890
8325
8404
3765
9750
5236
8785
2979
361
2838
4172
9085
7504
2144
7436
9405
5138
9656
8114
6801
4068
6594
3794
861
5510
8637
9714
8781
5705
7666
7011
2917
4962
7849
5073
537
1986
9692
378
3955
7646
4007
4753
9076
4466
1170
3353
3911
4165
1101
1954
2563
6120
7053
9120
2186
4162
1911
3769
8748
1316
2600
7990
2969
6380
5372
2790
9918
587
7835
4774
6805
5332
3330
3773
9620
9730
1321
4342
927
9627
5692
2030
1971
8108
9456
8771
151
5106
8005
3283
1042
6303
3184
8751
8276
142
3535
8268
9283
781
4387
9274
1706
1990
2530
564
1109
1392
8417
7615
501
1927
6499
3509
8156
2336
5977
8641
2210
7225
824
4222
7751
5228
809
2268
7176
2482
8872
2147
1698
5274
4369
6273
1025
7496
8315
8216
3982
7140
956
2654
24
949
2791
3626
8756
1418
2710
2422
643
7683
9212
54
919
2189
5628
6228
1304
9201
4788
6992
9793
2687
317
464
1
6858
5588
4775
2988
1490
5153
9903
5424
5122
5660
7799
5762
2450
1069
8338
3467
8489
3504
9638
8645
3798
5321
320
9025
2758
531
7681
8344
8049
3580
9275
5600
2472
6313
7870
1995
1826
9035
6305
3789
4730
8988
7132
480
4414
3227
4790
2325
7605
7482
3465
680
2310
1524
5861
8706
2115
6086
8702
4027
8427
6177
7076
8458
45
8644
1417
9658
6036
5614
890
8828
8485
6257
6666
3433
5671
8330
5366
3944
5344
7114
1419
5070
5565
6307
4938
2444
9919
5248
9018
1806
5317
8885
6141
713
5907
5084
967
8957
5291
2646
8611
9487
9448
202
2539
5333
6186
4651
7783
9477
6638
6950
9323
8992
960
8161
1202
210
7522
5036
6893
3384
5645
244
8879
3365
8383
3230
9346
5935
9398
7648
324
6530
336
1394
7478
2199
3567
972
6250
7694
1093
9820
8513
2712
4032
2835
6987
6248
7761
4625
450
5098
1858
8855
3434
4016
3090
1591
291
8223
1910
1779
5072
1244
7172
1002
7716
2989
3770
9979
3662
9113
7980
1403
5319
4872
3094
3996
8647
8968
3699
5778
9838
9982
7040
3969
8086
1070
3245
6784
4793
1134
491
4533
6743
6371
5978
6841
9632
1934
2550
4568
8709
8006
2975
9594
7600
7908
7989
5968
5431
2497
5899
6739
5442
4483
1058
5779
2013
5341
8672
2338
2451
2516
7803
360
372
9520
1107
4358
7719
7158
5233
6889
9129
7769
6756
9603
3823
1014
5156
9815
2314
5721
4517
3304
676
3595
3005
9064
2666
8052
98
7910
6870
8731
5991
1351
7831
7307
5906
6675
1917
7524
4259
7795
1265
4776
8545
4662
1729
3978
7105
1752
1547
9689
4799
8290
8007
7571
9655
7863
4385
9239
2127
5117
6061
2415
571
1195
6468
6385
591
2616
8912
9066
6517
1297
7561
1147
1000
2080
3613
5726
4284
3246
6284
2307
6933
1509
8974
250
2466
1984
7640
744
6984
237
2944
9452
1271
1882
6420
3677
5816
5280
7122
4335
9361
9580
4871
9870
9962
2878
9462
6379
8064
3857
9753
3624
6377
635
8991
5377
8002
4889
31
2554
3024
3135
2828
2696
3601
8535
627
8209
6605
6962
5761
9832
7699
5877
143
8940
9551
2681
9250
7920
2810
2981
3940
5850
177
6309
2128
5711
5462
1564
5939
7987
6139
5891
6044
6050
6283
9707
2476
7092
7645
4139
3775
2404
7204
7235
7577
5071
9711
8334
2011
9614
5059
188
8722
6412
6436
7313
4396
6722
4630
3385
5704
8661
2441
2862
6448
5099
308
688
2718
2250
2919
5969
5785
9809
2064
268
9748
1970
9516
4975
933
4489
102
7757
570
4880
3333
8122
6718
2991
1898
3598
4079
603
9842
522
1404
8954
2544
3954
4362
2508
8353
2621
3529
7696
2371
6781
626
9308
835
7952
8041
1258
7231
8499
790
9451
7973
8452
9143
4442
1973
4294
2397
6295
5451
9412
7451
804
7145
3349
808
7614
2602
5110
1215
4360
7472
292
735
778
6290
6797
1221
2110
8675
9871
4421
6482
8613
5572
3845
6927
4795
3956
1961
8802
2340
2690
9048
2517
5824
1670
2532
7467
5804
3858
4943
3877
8066
6994
6874
6364
2668
5091
3536
9911
8895
4552
7537
5930
1175
1456
1792
9797
5262
4926
3629
8853
7351
883
5869
9898
6641
3777
5630
5992
3377
7126
1846
1272
2746
5222
9237
1548
4933
4286
1217
959
9772
2068
2434
4158
2609
2808
8538
2243
5581
1345
9885
407
4341
2044
4834
3813
999
2382
9247
6906
578
4511
5028
9836
1610
5569
2391
3498
5923
4122
1149
2858
6317
9249
2485
9990
644
6567
9505
5625
9592
515
3634
5179
8266
5622
2494
9561
5523
1840
9185
8927
2942
7569
7310
2925
2521
2559
8215
9353
4409
463
2452
3241
3026
2579
4866
1710
610
3560
3525
882
4873
7147
3436
1395
9744
8786
9393
2629
4565
832
309
7449
1199
311
3994
4207
5225
5279
1704
3348
6761
8163
8807
573
1657
8139
1412
9430
1800
6130
3715
9157
2378
9924
938
6404
1538
5304
269
5887
6437
9754
6440
779
2031
1836
829
5648
4678
5166
6064
558
8076
4074
2129
3729
6170
3082
2329
6348
6490
3166
7423
3484
5789
8583
8892
4992
3758
1370
4917
8366
3942
935
6799
7685
3533
3522
3930
4816
6963
5841
7021
5130
285
4386
4840
6370
7690
937
9440
2914
3276
2460
6547
355
8304
8995
7068
5087
9981
5214
6271
5139
8502
216
4432
2557
3651
7859
6356
2304
7112
1594
2939
6233
1201
2255
3912
9700
3412
7282
1593
9174
7570
7353
9659
9406
1956
9967
2187
5983
799
8754
3218
279
3456
2022
8732
4196
3640
9429
852
6381
5395
9093
3637
8713
8809
4054
5197
2016
9646
1267
5858
7418
6143
3216
2227
7918
8626
5633
4391
1408
1317
25
3224
5017
2431
5976
7325
6541
6431
9386
6779
9273
8523
4748
1714
788
5118
5832
4754
6555
5753
5982
2502
4245
4002
50
3878
7165
4230
1598
998
2927
2001
3271
6604
2316
8208
8928
5712
5163
9474
5212
2881
3753
2824
893
38
8097
8881
7475
