211
4116
8299
9161
7740
4007
2905
2736
4259
6797
3736
3390
7319
3302
6123
7956
2682
6141
1221
6253
9620
9487
4246
4385
220
1656
5673
214
2282
9332
1006
1665
7934
2809
7989
5980
5302
759
957
1327
303
1987
8063
4244
3899
5323
6972
5595
3930
9234
3010
4946
4982
1884
1005
1164
6656
4983
6497
8269
175
5644
9511
3507
6246
7753
8894
2749
7195
9654
6078
9291
8613
6943
5559
2613
5489
4271
6298
4423
6942
6499
4051
9043
6280
7923
3476
8342
3495
5083
1494
7920
4304
6083
8284
1972
6373
2904
7804
2423
3792
9417
5856
5358
17
6424
3315
688
790
2578
5779
5208
6541
1131
3297
8176
4894
3630
5683
9794
7169
6444
8330
5740
8467
9887
1851
9661
9387
1369
6028
1966
3887
7378
7395
2298
5723
2786
3963
8852
4945
7607
4338
5576
1735
1663
831
3537
8259
1807
635
6859
480
687
851
6000
7628
7540
9195
1290
7924
8158
3548
2605
799
5098
2660
120
7161
6264
7225
6105
7006
3553
7904
5775
8316
539
451
7183
1267
9637
5498
2212
1712
4636
2364
771
1905
3818
2889
9434
4764
4723
6593
3817
3787
5136
9355
806
5497
1775
7638
4623
2549
1669
6981
6419
2842
9631
9322
4777
9124
2869
4052
6926
735
8260
5165
9012
5023
6260
4069
4741
4367
5439
9409
1148
285
8544
2222
5732
7127
3348
3473
3942
4700
692
224
7944
1519
6904
3575
4095
4930
432
1534
3793
7157
5737
3824
3301
8484
7344
9116
2377
5974
4898
6263
3971
7706
4902
3812
8969
4939
8972
1576
2716
3354
1347
8088
885
3654
3375
2952
955
3860
2647
8069
1209
4525
3927
3444
2888
3257
1545
4530
6437
7887
7377
4115
5720
9675
4865
6539
2147
1055
733
9500
7532
3714
7816
1003
4373
4166
7681
5331
1322
3088
2382
305
3914
5327
9824
8436
2626
5148
5071
8748
3135
1783
3271
5812
7452
3083
4484
706
7589
9924
1475
1496
3065
6985
7466
9717
9699
2521
5169
3069
8457
782
4604
6769
9274
2464
80
8541
3859
7588
7756
8874
8766
5948
5637
6916
6015
5770
5684
1251
5492
3989
9735
3759
7848
3041
3050
173
3501
3001
8884
500
3018
6625
9658
8360
5360
660
372
1158
632
1821
6203
6352
7379
6584
8192
4339
8345
4803
3653
8983
1694
9671
9656
9555
3823
9496
8589
7424
4642
1503
399
8038
9844
1199
1730
4503
6886
6467
9927
3520
1443
3296
4315
8492
6586
5536
2629
359
5141
8371
6891
1030
9038
3398
169
579
6060
4399
2209
5034
491
2342
8778
4606
4589
8683
9324
8885
7974
7927
7149
2840
8948
5819
4613
4573
6386
5689
3821
4831
675
5665
2532
3282
1952
3494
9217
8384
3130
9000
2380
3647
9700
8380
4893
9514
872
4720
9096
4424
7005
1649
1282
5509
1060
6181
8550
6035
9422
5245
4690
6996
3334
6234
6005
5271
2913
7436
6432
4624
533
7369
842
4521
8848
6566
1253
9705
5625
3749
7849
5433
6651
492
4911
6068
5332
5094
4650
4454
1540
4199
149
4986
5081
4184
7529
3272
9373
2432
6454
2741
8041
356
9783
4262
6596
3539
954
3075
1226
6858
6061
6703
8680
2822
4908
1145
7950
7141
4316
6574
3190
2817
2449
6590
6477
8454
7865
1814
5925
5044
7052
4833
9290
1797
5429
614
6521
1212
4435
7302
5380
9853
8051
5756
4771
5113
4864
9165
6067
9981
9153
9445
5669
5971
2249
7290
4465
6824
7295
4061
7352
1620
354
3576
2982
1248
787
2030
8649
7405
1492
8976
7844
8720
3198
3970
5356
9956
1679
6685
9257
9315
5088
2614
9714
2975
7662
5394
9260
8018
3362
3795
6958
5186
3975
4045
2427
9506
8714
7208
5454
3533
8446
9554
1739
8737
5894
4914
5179
4664
444
8413
436
1864
2744
5977
8028
1922
9352
3922
5102
1354
2185
3577
5196
3629
5432
346
1951
8324
443
783
3243
2588
6699
8872
8165
7062
7558
5839
7833
1275
7121
5662
5484
279
1172
5570
8455
2803
5783
619
5449
3604
6629
4852
7068
2759
8605
953
2611
9279
1343
9381
9649
2528
2241
3497
6346
2808
4298
194
8313
8924
2165
2280
8938
807
9209
7427
7644
3363
8399
9814
1895
5889
1079
8574
8083
2896
825
9651
2067
9400
4274
3268
5048
8663
2199
1233
2858
2720
9186
5914
6925
3045
9233
9101
4346
2308
1763
6020
5090
9327
339
3066
4324
8777
7968
7401
3358
921
6443
9648
8650
7235
5428
374
5529
2191
5117
8966
3550
7663
942
4954
1061
6303
3369
2349
5624
8726
4323
8070
2810
1355
8832
2517
6763
9451
2146
8979
9310
4786
827
5727
2927
7692
160
4395
4615
2082
651
3193
1368
8945
484
388
7631
9495
4527
1113
6598
3219
6976
7782
1394
6867
1749
4708
5919
1772
5780
9169
3659
6461
8699
1858
3592
8173
6148
617
4765
2293
7321
7181
8349
7661
4127
927
6059
3715
8343
241
2273
4667
7789
2950
8934
528
9141
6273
4148
990
6329
3678
2396
9095
5547
7037
3774
3677
1383
2873
6498
1829
6895
3415
4300
1796
4090
8169
5596
8545
3003
985
3558
5414
7555
7197
1707
3184
1478
7128
7649
3182
5978
3389
109
4592
1826
7503
678
4736
1287
590
2986
7244
4417
2624
1090
5973
2150
1604
4761
973
3965
1936
5677
2932
7881
4756
1116
649
9432
2055
3758
7122
8010
3481
2832
3852
9966
6560
3048
8397
7668
254
3424
7303
1799
3137
6457
1510
7610
978
7433
191
43
3320
7708
2417
1266
8822
658
9215
2115
6738
5593
9256
2459
2315
2330
4049
974
3225
3555
7472
6372
2187
4488
5772
8217
5719
4408
2344
5417
8252
4214
3078
3918
7145
1040
8249
9663
8608
1606
264
5427
1429
1340
6021
6615
8219
4202
8306
9871
3208
2846
1238
7499
1211
8889
1692
8067
638
9314
9877
604
9515
202
1903
7314
4255
6561
7720
6641
3679
7333
613
947
6045
6025
6876
3429
3783
656
7712
2267
412
7535
6875
9463
1227
6405
8262
3408
9100
1616
3863
4278
1337
7513
653
7784
3023
9138
3139
5984
1843
6533
9385
3007
8287
400
8717
3616
8599
7196
4782
5630
152
84
3598
3585
3581
42
8730
9644
3124
2354
2044
2603
3776
1711
3016
812
5905
583
5406
2246
7351
2718
9938
9873
7312
607
6683
1550
6715
4294
4830
7667
8244
1419
8560
7361
6297
8762
183
1836
1886
2365
9192
1702
9604
9246
6995
9467
3313
2887
7591
7637
4080
4820
5041
8439
4313
8994
6364
133
9237
8736
3651
2237
1009
259
9665
429
2740
3430
2391
3985
781
9505
2357
1385
6128
8625
5755
3287
5464
8919
4492
7010
5137
4012
2758
5952
7362
3420
8860
3455
5434
3853
6126
8201
5777
4463
9358
7211
5016
3279
6828
7174
7898
5999
3491
4191
9519
168
440
9857
8731
1424
875
5976
7595
9458
3546
2500
2485
5837
7917
3060
1056
1978
8543
6941
8881
8314
3461
2470
9583
4085
2010
1823
6681
4512
2210
5423
918
9489
6022
3322
4083
3510
3804
8453
4342
8179
4988
8817
1012
867
552
270
780
7167
5204
2821
6449
7884
8793
9206
4562
5256
4120
9737
9068
5610
7079
5538
8868
8610
7300
2563
6612
4196
3506
6723
4000
545
6781
3255
5047
7301
6658
2882
2093
3968
1472
55
2936
2477
4353
6077
589
3417
5535
8386
826
4547
8796
6426
6125
8113
2586
1650
9063
8658
6050
146
8665
3700
6906
8701
6324
3525
849
7364
9143
4871
3040
3099
8466
5241
7750
3580
1254
1877
9218
6922
9784
958
2514
274
2668
2035
8600
3890
2579
4687
3383
1683
6678
6780
7981
5093
6864
1195
3294
7489
844
2649
2355
6269
1058
311
7384
5354
180
3694
2435
9452
4594
1516
106
967
6977
1367
6440
3484
5341
1112
5827
1428
5860
4482
2218
9092
3215
7977
8687
8006
4891
3171
2336
9888
723
7485
6008
7106
5658
8883
4539
4363
3412
5542
2258
1110
6848
2666
3815
1304
7264
1699
9285
595
4739
9336
334
8276
190
6281
1190
2598
1371
801
7762
1001
4958
3489
4763
6820
1154
1448
8904
503
1804
9408
6311
6472
7531
3300
7685
6164
7376
6459
4480
8830
1566
550
1159
6691
9295
8340
1301
8222
916
3063
6721
338
7985
13
1104
5059
4559
1201
8472
3011
8232
3702
2974
1115
2238
5373
4992
250
5666
3110
5633
2234
3289
1341
9453
6745
5379
6381
703
6913
2589
748
4258
3571
3437
6748
971
5900
6545
8045
6888
6370
2933
100
1108
8657
3368
3802
3541
1684
8331
9813
1700
3340
1687
4829
4824
5467
6058
3561
5642
5058
2113
9191
2505
2851
7511
3755
4118
7431
5068
4887
5651
9589
6508
1552
6276
7834
3459
8468
6456
6040
563
5816
3704
9375
9413
5221
862
4528
6184
8675
2063
7896
1111
2048
9226
6450
6487
9621
2256
5765
5111
9757
8619
1023
626
8078
1732
6882
8754
5227
8405
7008
4676
1766
5735
1392
839
3538
9608
2490
7101
9946
7539
4897
6146
1846
6481
5864
5310
4101
3305
4787
4936
3723
1910
558
9727
6109
9404
6580
2411
9567
2454
170
7859
2734
7446
7234
835
413
9367
5526
8725
1840
9202
5994
8255
5924
3809
6270
7583
6861
527
618
5877
3542
9688
9765
9155
5366
1373
9022
7328
6963
9816
2286
4846
5295
5009
2447
7751
5671
2523
7071
8977
2305
7714
3627
1013
7660
9427
4366
4905
6701
8429
922
3663
8351
4572
9662
7938
5338
3298
6511
6185
2205
6375
7659
525
7569
6330
4291
8171
4789
6643
3359
7313
2087
627
4402
5400
8471
2892
7803
5672
9632
2856
9787
1057
7694
3252
8410
3316
5275
3043
1984
1426
9905
725
2296
4093
6089
6341
5828
1782
7673
2321
7882
5340
9272
9922
9949
7625
4209
9884
1114
137
7769
1324
8091
6947
6403
6319
1065
8611
4835
685
4611
1408
5562
7703
6279
8565
6799
9253
7420
4141
7001
8396
9544
2288
3448
4710
4819
7282
8718
8695
6049
9145
7217
2942
3878
5421
5294
1676
4333
6755
1912
7910
6964
2830
8930
4264
5660
5834
945
7322
2587
3411
714
5288
4818
3670
7653
8090
9943
1827
3079
4904
2436
8181
5655
3966
2662
3144
2632
9036
9275
8528
6434
7984
1579
7425
1002
0
3180
4134
355
8587
1502
8008
5274
7366
7581
437
3516
4517
2862
4861
9502
9468
6081
9527
5788
6340
6825
3438
7883
7828
3155
3805
2722
5845
7270
5614
5747
3304
2099
3012
4684
1071
5504
3744
2943
277
8908
8698
3480
8144
5416
4288
403
2926
4598
9752
554
4536
7613
530
7549
3936
6098
2428
1624
395
8433
6862
363
3686
5147
6421
2239
3847
568
8710
376
5611
9885
1348
7263
7102
4778
181
6336
4137
1269
5854
9297
9369
8986
8016
7326
6446
380
4754
5381
6374
9538
2643
9860
50
4713
9370
8103
2230
3000
3005
808
8593
3641
979
9940
4126
4746
7143
221
4951
4704
5344
6458
16
1974
5442
1538
6190
5794
4963
1982
9964
6711
4077
3874
5585
2961
6846
8112
5594
2925
3293
5691
267
4029
2135
4026
9840
3728
9826
1751
7571
9634
7090
3591
9174
5712
8837
7413
7836
9709
9917
7972
1600
280
4242
4341
9480
2769
4018
9850
1425
3782
7188
9731
353
2060
7406
972
5258
3921
7388
9364
2834
4155
3330
3747
919
1241
2631
9044
3828
5758
5382
9832
3990
2007
6597
3748
1044
773
7728
2691
9847
4845
7670
7959
8926
785
5349
8533
7291
1786
743
7935
6503
9983
7115
7172
535
9753
5142
3876
3167
8867
8764
237
3844
242
890
6920
5515
887
8531
5087
4405
8530
6359
8199
2814
1000
3467
5466
864
2580
1931
1902
9863
763
7686
1564
2843
4078
4538
9736
9742
5109
2839
3285
7070
6071
7857
9967
5531
6787
8583
5891
5927
3170
371
8258
4334
8851
924
4543
1189
1876
8990
8150
2089
1563
901
5260
5399
6076
6800
7930
