5457
9669
1774
6751
564
4593
8238
1131
4572
3912
4588
6690
7765
1243
4558
9420
794
5724
344
5803
9246
819
3788
410
7300
7705
4207
5206
9731
2120
3773
8605
8355
9343
6669
9609
9945
657
8453
9591
9495
8886
7672
7084
1659
1180
7849
497
8648
8839
1290
884
5586
2711
8644
188
8640
8396
3115
8467
141
1173
3285
8608
1160
6903
9272
766
60
7795
6934
3721
146
4011
260
9550
2926
65
7913
9428
3142
5193
1453
4209
7747
2813
1433
8802
926
218
7932
8852
3559
9381
3118
4422
5476
5035
1024
5523
5455
8985
7330
6424
9101
1246
3554
7289
499
5915
4805
1945
147
2498
780
4890
9210
5756
6960
4603
3449
7677
632
4535
2129
7391
7424
7669
3368
3925
7843
4917
9562
7187
4522
7771
9288
9212
6095
6138
1365
9057
7720
2531
9639
7139
4723
4070
2993
7197
1157
4361
1611
5760
3197
4455
7079
4137
5222
8733
7704
8997
5363
569
6642
2542
1566
7069
330
7741
1015
8796
4716
8138
243
4243
7017
103
389
9726
3429
7954
1625
7909
4519
379
1149
4856
4664
5402
2518
5857
6391
9430
5763
2509
4923
4226
8027
3572
4640
3004
99
3504
5896
8906
9145
3012
480
9536
6428
5998
2753
8999
7733
4924
6524
3327
1502
2200
9450
8534
6429
9979
9505
9394
823
660
3725
2737
4125
6892
724
6479
8013
4223
5669
4510
6309
362
2768
6889
6619
8757
132
9166
8454
2511
919
5545
4245
3109
5299
1652
7942
7501
9293
4410
8690
1973
4211
1980
7638
5031
588
5469
2464
7499
9961
6809
6584
9484
8195
1482
4681
9507
375
745
2916
7519
5790
302
652
4034
6723
5515
1946
1363
8995
1665
2346
1537
5536
2680
7769
9933
9742
4727
3317
4674
6104
7296
4181
1734
6227
4995
8776
1075
1833
5948
2773
8738
6111
5069
27
1184
386
5365
2909
7818
4893
498
774
9061
857
9660
3664
7934
9631
3975
3275
9716
9012
8185
296
4382
835
7210
6246
4199
6068
8486
8379
7200
4372
6323
9486
2294
8895
2896
3246
8505
5937
5949
8448
2789
5120
8037
8452
9276
3861
9920
1753
6142
579
627
2520
5145
5270
7010
4498
8778
9736
9247
8363
5216
605
7244
912
4108
5308
1726
6564
9071
6319
1730
6124
8710
6390
971
8915
5492
8765
2950
6377
5939
1425
2987
3786
9504
1041
2541
9303
5812
7241
4266
3466
9865
4585
615
4412
4358
2938
3076
1003
3954
9200
5371
3746
5569
945
713
8
6315
7338
3702
2269
420
6711
5324
8172
566
4015
8025
6024
1901
4201
232
2632
9318
4178
3734
6835
3090
2669
2028
4808
7600
8180
5335
4738
8524
6362
825
9453
4391
4343
3853
8717
3486
9957
646
5875
3163
2457
4812
1890
4162
8731
4930
3268
8333
523
434
400
6746
4645
3835
9555
8951
8290
8157
9645
2724
7059
3797
7001
5071
6559
3671
7586
6877
3617
6802
2833
1067
9859
4637
7329
4236
