3769
3759
1670
4510
931
9365
7711
777
3165
9352
6704
8433
2780
7128
1918
2354
6146
4888
1441
7452
5566
4312
4384
4397
7401
9033
2712
8923
9997
9894
8174
3810
5205
1639
5417
7404
4497
5171
4540
2015
4805
7978
1199
1295
9581
7968
6637
2531
4764
4379
7710
3954
1265
8602
3373
2948
8955
1511
5869
6907
8951
6231
2142
2011
8991
4147
71
908
4598
1496
53
6748
8952
109
101
7619
9596
8691
266
1551
3532
4348
5819
2436
7308
7686
5486
7006
65
5243
1562
6163
6498
3737
2588
5115
9407
817
642
6651
4163
3172
9474
226
7612
9032
1933
8948
6239
4000
6411
738
7258
323
2401
4231
2202
4890
4303
7988
5214
7017
8330
9236
3993
6230
512
3914
6896
3378
696
9216
189
7595
4472
7892
5464
9708
902
2122
389
4823
8610
8276
7301
934
4796
4770
3469
5965
3094
5182
227
5217
9675
5336
4204
598
1087
4302
2557
4593
5989
4048
9849
6898
9617
5967
874
6596
8352
6749
9132
1633
1337
7959
5407
183
3294
4077
3861
917
8075
5921
8362
8769
7371
1120
596
5684
605
3925
9131
7213
5107
8324
4258
595
6363
8807
943
2116
4475
2579
9962
4910
5175
3785
3318
8862
3153
2423
1613
2679
3678
5818
9985
6130
87
2052
5294
2842
8110
8652
3539
5963
4709
6738
9959
326
4378
1323
2793
8571
2587
9485
586
495
7311
7935
5791
497
3952
210
1077
7975
8720
1111
9066
1776
5334
3887
3258
4778
9233
7579
6038
8171
1424
311
6208
1201
5372
6865
2715
8417
7380
6789
4894
1340
6808
6664
9966
8924
2345
9368
8197
1280
3384
6315
1655
9300
6823
9564
3786
3075
3088
7732
8257
2535
2970
7244
2130
7752
9181
9390
5069
2681
744
6622
2403
550
9316
6858
3816
6234
1031
2917
600
7228
3001
7867
5109
6911
4708
77
276
6711
7237
7249
979
7766
4806
2830
6895
869
6847
6342
7434
9646
1212
1085
35
8621
8663
4044
1214
2924
1253
8496
329
206
773
3420
9495
3501
8721
1676
3014
7974
3976
5790
5950
5561
2482
3924
4445
7543
6624
7571
7433
5071
3812
7763
770
6619
2173
4638
9764
4665
5788
3935
7275
7875
2902
9164
1540
3763
8798
2353
7431
5291
8888
3669
8916
2272
9837
8157
4588
1832
9378
91
1835
7946
9597
1738
3200
4970
4606
7361
1848
5222
5350
551
2804
120
9502
4182
7138
4474
7242
9936
9157
164
3889
2379
4996
462
7555
4429
5569
9099
2492
6348
3350
8268
5606
5917
6501
2494
3157
5179
8159
1437
5278
7232
3982
3032
2165
4028
1334
6060
8947
2201
9223
9711
330
6237
6377
1358
5014
9095
4749
4775
1177
8876
3808
1454
2627
3096
3033
3266
282
4487
5854
8444
4340
8058
8353
504
3849
8830
2921
6798
6770
8184
9600
2465
5418
9530
3177
6069
6827
2387
16
5977
7086
3289
8926
1472
3981
5227
6617
683
7229
3551
176
7622
3945
6298
