7263
1667
7946
1524
7947
5517
102
708
660
7991
1728
6394
2929
8729
4254
9426
5529
906
5642
9423
560
3515
7760
365
732
3519
6922
496
7889
501
6082
1151
6115
5930
1469
8281
9711
6517
5592
3663
7066
6306
2455
8894
7308
2596
4900
2458
5273
3238
9248
5564
6724
3649
4808
5120
3012
6296
3313
4241
1313
6883
6773
3304
5950
5920
2989
7389
6770
2512
7487
7522
6675
7952
9747
5105
1836
6050
7091
482
1413
5369
6024
4293
2388
7863
8120
6533
3168
5919
8818
32
1720
3475
5131
9241
6808
8225
3216
9930
8314
5149
2727
8949
9864
2676
8923
4765
3101
749
1991
9492
8252
9370
921
5285
1635
3202
1817
5088
5534
1946
8714
8091
238
9181
9085
3911
327
1794
9717
5909
1094
6576
5286
2498
4423
4541
1698
3550
1393
6026
7641
1699
7319
6434
8436
2396
5966
1872
7169
1729
7821
832
1757
1
1386
4564
1126
5682
3178
8292
2377
2823
3176
3872
4870
4368
1763
5811
4103
2760
3190
2652
812
1514
3194
9780
5914
7453
3744
6510
5095
8239
8528
8425
2885
1644
4670
1005
5964
4176
3812
4988
308
8416
9537
5915
8096
5585
