817
702
3804
8317
9565
7956
6718
1002
5913
7816
9950
262
8163
2079
4189
4860
2032
3546
7933
5683
1892
7523
9927
8312
5943
4058
2763
6634
5561
8711
5072
558
7242
5897
1443
6962
2625
7792
5757
781
7738
3927
6083
6862
5362
9357
745
1523
9728
3269
443
6768
3785
3040
3330
896
5203
7545
5161
9912
766
9536
209
1285
4469
9223
5626
6320
2794
9982
5660
8191
0
6383
4321
8988
8240
5155
3108
2606
6269
2855
616
82
6740
4569
6765
9048
5193
2783
2107
7083
2594
5391
6920
4329
8091
1052
38
6644
8884
3813
4136
7783
5688
3915
3421
249
3209
9397
1025
3761
7384
770
9303
7532
5712
9527
7155
8613
6869
233
9874
9299
6350
3474
826
4175
4056
6923
6675
378
6944
3701
9436
8840
798
5745
1486
2634
2682
3590
3362
4394
4187
7767
9415
5615
2970
3229
2289
4782
7868
8673
5470
41
6207
2028
1544
133
3794
9449
3518
6388
7971
4517
8929
547
8533
1230
2210
3830
8507
3800
6517
8889
9649
85
2189
5596
5300
6045
2962
4926
6443
9409
9520
5406
8495
3569
6693
7929
6222
8307
2086
8649
2659
8787
3305
2074
7497
9815
135
4273
7558
7904
357
6024
3242
1578
6726
7744
597
3272
1621
1945
7134
6167
9771
953
5216
7225
5095
5817
5602
3866
1233
2617
2011
968
687
480
699
5307
6530
9773
619
4133
9001
2105
7418
4910
2109
1950
9943
1688
5455
4888
3757
902
5958
8041
2922
9221
5884
7387
7483
2173
6745
6389
1099
9911
8897
7397
5311
9301
4150
6991
9249
7034
9203
7463
1445
6119
3289
188
7673
5154
3436
5599
9830
7972
760
3385
2712
6908
820
5948
49
4571
821
4697
5823
5427
7952
6671
287
2749
5639
436
9932
9485
8881
8438
5503
3756
8585
3558
7811
8954
5789
9329
8479
7461
9640
5227
8101
7800
7790
5419
9760
9597
7664
9568
6779
8102
8270
3160
8933
5861
8679
5797
4462
9006
523
2275
9613
696
1306
9339
5624
8050
5644
7094
6668
3239
3943
3522
1482
6519
3555
5033
5335
9625
1588
3947
5732
8978
5990
4990
9190
4268
4177
7351
6747
5333
393
9627
3960
9114
8798
134
1730
9489
8550
9503
6993
5210
5038
9607
7527
9749
3136
8175
6232
3212
2075
5331
8326
6313
8608
8120
5167
2136
7614
2671
2840
5850
9813
5814
1370
3286
7709
5204
1649
8445
4232
3686
1721
2399
4463
8716
5855
7051
6078
7236
9348
1010
5260
3149
5800
7870
1442
3470
4313
8775
9130
5156
3226
1171
6524
1251
7430
3786
3966
6324
6636
660
1859
9453
6829
81
2734
3650
7312
1840
263
2672
6778
791
5560
4745
6181
9225
9987
7426
3673
8863
3637
2717
8294
2306
9910
3451
1550
9985
8709
6674
4003
5677
1281
3351
4363
6470
5875
2721
8033
5140
1815
125
8791
4197
9608
3920
1700
933
6770
7487
8706
4390
1045
6622
382
958
5051
5892
3774
7208
5351
8272
8413
7148
5859
3635
5651
3783
2976
9172
1004
4308
1340
389
654
7949
2834
4433
1633
8341
3904
2163
2844
1150
9090
9120
2162
8461
8134
9661
8690
5418
4786
2906
2169
9372
1933
4353
9518
5466
1473
9454
4869
5369
7476
2746
956
6061
756
1507
1275
1968
6520
7942
653
4651
238
1595
7231
5898
5079
1184
1280
1066
3200
8054
9304
7635
9499
3797
2543
7863
1930
2804
5052
5942
1811
945
2531
7981
9704
9248
7974
1432
1244
5711
7877
9366
1763
6646
1526
1938
3488
8858
4659
6023
112
4905
8142
9421
4544
5784
3593
198
8900
6706
3950
4813
1856
5710
3674
2637
3409
7799
668
709
5809
2850
2382
5060
2482
7042
3148
200
6736
5603
5562
1803
7923
9071
300
7834
361
1182
6180
4311
319
386
9439
4420
8098
3078
9302
4578
9350
8140
7354
4878
2008
2963
3856
6311
845
9885
326
6349
7686
5770
856
6838
7690
6588
4202
9618
2462
4215
9224
3792
69
1745
4771
506
5003
253
3141
6824
6210
9958
888
1100
8644
4811
8469
9266
3642
2430
9941
5058
564
4897
278
6955
3005
5577
2837
3812
5348
8581
3446
429
2947
6421
1982
7007
1333
3564
889
6501
9257
7447
1847
4840
8369
9629
293
9992
9971
5611
3116
1860
7525
7594
8714
8329
4174
8598
1272
7885
1240
2974
7931
2693
2924
1750
157
7316
6776
1995
8768
4774
8040
2150
6935
7043
8561
8493
33
8082
957
3228
106
876
5829
1577
9015
1245
5738
2540
9525
2609
2261
8065
5129
7176
1983
3147
3561
8367
4172
1591
4829
7597
7270
6730
6469
2786
4724
8364
992
4280
928
744
4477
6030
342
4411
8868
7436
8498
621
9153
9243
3298
4628
4973
3006
2731
2488
30
1253
4429
2832
4827
4279
3249
9440
2332
9604
6514
3352
1477
2936
635
2421
7222
7467
1723
9184
7600
258
8342
4694
9169
5914
7741
1361
9605
1411
4516
9908
9037
7143
8681
4406
2843
7626
9321
7159
1080
6296
9244
5499
3982
866
3834
6247
6301
3032
9924
223
7548
5544
8551
8155
2496
3294
1697
5959
2683
846
5282
6960
2932
4891
3500
8765
2465
1613
1602
3965
9385
8371
9702
3683
9074
6360
852
9078
5248
9500
3533
7185
9125
3235
9791
8619
6322
4181
2615
1977
6052
1429
6435
8170
8503
8839
540
8658
8162
9563
6288
6625
5801
8338
1193
794
6689
8018
4779
2304
4778
4682
1939
3382
8527
9936
328
4642
1692
1514
4024
5378
3706
8028
6769
3936
9582
9803
6369
9088
4373
4830
7012
2509
2256
3360
9259
1902
7373
9531
4486
9426
6705
4128
2061
1304
8892
601
3182
1679
1885
7766
1201
2423
242
2570
2860
3433
1768
2174
4838
1534
9703
1654
7537
4798
8648
4518
2592
5388
6028
8918
3429
2822
8552
2551
1592
7514
7331
7896
2961
376
3626
6215
503
7825
2835
4944
3715
5032
4739
6977
7477
8516
3428
1704
6518
3364
4619
9233
218
5422
2564
2628
3878
6357
2139
2747
5
7522
7554
4455
549
3563
7116
8030
1522
5185
865
841
1935
5998
2433
6278
2018
8434
5174
8627
1261
4472
1133
4522
3852
2365
3126
5612
2990
8277
8686
8106
9575
1159
3769
1963
5127
2254
158
6887
982
7027
2409
1653
5907
5200
7390
3790
9102
7458
2420
4805
6498
309
816
2208
4242
1319
12
3420
3207
1521
2818
5068
1367
3489
3767
9907
8857
8074
5375
462
3814
9498
2921
289
9032
722
4314
5652
2386
2645
216
7842
5238
3310
7344
705
8271
8638
2666
6818
716
4022
9468
7021
7632
1155
8226
2766
1393
3976
6408
8602
8159
6728
2778
8799
9144
6641
6415
2156
9171
9660
7963
1505
4704
5625
5143
1467
2084
7066
336
2322
1666
3469
2228
9904
8992
7817
6760
3046
8361
8081
1074
9598
3592
5313
4766
2452
9553
6403
3527
7405
1234
3300
9152
7864
1713
220
4843
1086
7092
387
3553
5240
7711
8220
7568
6917
8339
4219
3835
5374
9317
4371
8073
5228
3909
5280
8066
6422
7098
107
7444
1327
4184
6248
2044
8189
2385
659
8826
4335
916
1845
3953
8705
4002
5016
4158
9358
6144
1643
9578
468
7764
9522
3809
4339
2620
2789
1046
3185
7349
5483
7293
2842
1013
3977
7216
1209
1757
2633
1497
8093
9532
1427
1965
9824
4238
5417
683
337
1882
4473
8724
7165
9241
2191
7292
6722
1187
7813
8891
71
9076
1096
4789
6804
7491
4289
7776
7315
1887
5566
6547
6040
5642
7791
6107
9070
7543
987
6159
5723
1910
1309
7901
2648
1854
1362
9298
3384
6327
9948
3111
5722
1708
964
9552
9790
8893
948
2396
8281
5700
4378
1462
5864
9954
9638
8866
4322
1658
890
4375
5993
4125
2899
3611
7036
7618
3744
8969
9938
4974
6680
6124
4982
9841
8372
8408
6265
1580
9934
1987
9012
6250
5261
2230
6433
1942
3913
3764
3412
2601
5684
3805
5006
6569
86
1744
5266
2942
4504
4890
7452
8108
1725
9896
2395
952
6830
1784
6544
4984
670
1991
7348
4507
8157
6965
7353
3019
2020
1722
2581
3213
8965
8375
8174
2681
6493
7749
2274
4088
2067
7093
48
4138
5758
53
1075
7841
5630
4054
3101
9360
6737
4495
8079
4573
6464
457
3801
8923
186
989
4228
8282
8464
2596
1356
5073
9010
6606
5166
6132
9886
583
6623
5243
5076
9836
7850
8013
8356
2235
6442
9750
8110
7253
9086
7495
7365
6414
8578
4415
3038
6353
136
5472
484
4929
5310
4207
6178
8239
3714
6160
6397
1042
1924
3105
4763
5518
3666
934
9756
1376
1492
7041
4256
80
8962
7674
1632
7428
9112
545
6584
7505
4194
1571
7925
9933
4530
6974
6140
2383
5536
3145
5844
4653
6650
7277
8553
8676
1557
8885
7583
862
1203
9557
5550
3633
3094
35
6413
9043
492
9666
656
6615
147
2457
5872
2490
7044
9592
7593
8032
1545
5100
2619
7412
8257
9685
4812
9883
3146
6973
8337
531
4753
7957
4330
21
1937
8749
3184
9490
8678
8505
9238
8595
9175
3344
7220
2674
7152
9420
2715
2016
2013
2197
4788
9027
1709
9168
9009
2651
5148
7606
1579
7137
5750
9327
2
9183
9014
4344
420
6145
6503
5218
5556
6258
7030
7937
2476
3216
7385
9956
522
3963
4985
3131
7818
7237
7261
7395
3423
5810
2262
5953
8202
8085
9164
3995
6199
6585
4152
1198
644
5491
4872
1089
2092
9309
143
8008
9648
6079
8316
5779
2653
5091
4211
1493
5936
4525
7375
99
8856
7858
9045
1336
8145
1608
5358
4427
3647
3799
9386
9942
5541
5970
8736
5781
9128
1414
3270
1753
5949
979
6983
5777
3860
7141
3566
7689
5450
4714
3798
8084
8024
6084
8133
9021
7930
3808
7712
1622
4650
5669
5272
3841
9013
5001
9873
3880
5336
5480
2999
7570
8557
8912
5919
5848
5182
9092
776
7190
1913
1865
3201
1651
9457
2253
5614
6938
6458
9480
1338
6900
7621
9119
9612
7771
4793
7089
4844
7423
4716
113
1003
3361
4734
299
704
9460
174
7391
4831
5007
6928
3682
2425
7845
57
9176
5020
5326
7794
9179
5886
9871
3475
8264
5181
4381
4259
2597
9267
8483
2956
1946
5377
6663
9839
3153
1499
8833
5772
2021
1321
4234
3524
6032
9891
3171
2971
8303
6822
6799
5718
9428
7250
2565
6046
1472
6116
3312
9156
5435
9887
266
1284
2112
4508
5496
541
5117
5705
9979
9542
9633
4866
2658
9408
5818
8809
4765
5471
858
7608
2568
3177
452
4400
4240
408
571
2525
8418
3660
3001
9283
2893
580
3961
2493
4601
7204
4028
7898
5285
3758
738
9593
4110
7494
2282
4767
4434
1417
5895
1699
1754
5042
3639
3221
7936
6158
977
1530
9067
2231
9623
5634
7623
1222
6611
5835
4014
7422
9653
5041
8230
685
8695
7978
6879
497
121
4085
9863
7819
3741
1188
5047
1057
5354
183
4960
6889
9870
4246
5169
2790
8956
6426
3076
103
5407
3356
4317
3288
4939
8042
7489
4169
8757
5645
1238
4186
6439
8859
7421
2138
8744
7056
8078
3162
1907
6556
1274
6601
521
8048
9752
3427
7735
4426
3932
8621
4047
3939
700
9065
2357
2144
8777
1314
4305
3275
5498
7836
1636
4452
9840
102
8699
305
9798
9970
2348
409
9687
9222
8345
320
6121
1501
8750
2632
762
7954
4533
7630
451
3727
8701
8156
1597
5028
3260
1657
4967
2380
6640
1848
1166
3547
1731
4959
6428
7119
7862
4936
4582
7294
8783
1779
1746
6856
6976
434
5347
8449
7999
1712
6225
5530
8135
8228
863
6394
173
2636
3327
4159
9337
1827
8913
7425
110
8283
7287
8302
7493
6672
5320
9684
842
1551
4478
399
6872
9141
2469
3718
8071
3606
4143
6753
5865
4647
7433
961
1058
9497
4398
9793
185
1822
5400
7381
620
8555
7575
8697
1219
1664
7427
6187
2841
7088
3047
9966
5484
7481
2740
3030
3135
2058
2768
4976
4523
4708
3037
5004
