2269
7932
2640
5083
1698
8396
7851
1013
2803
6126
4048
4507
5459
1341
4082
2002
7421
4292
4530
8648
2092
4744
5747
2473
6546
8901
1855
8335
6425
4136
328
5209
7907
1923
7142
3536
4766
6776
5985
9808
3051
6426
7546
3645
4127
4717
3981
9620
4618
9919
1920
7488
8377
3793
3598
5898
7668
8889
8849
7947
8268
9098
4795
9831
3539
3453
4375
380
9151
7085
6275
9042
3875
7520
8492
7607
950
6010
2140
8299
7291
3917
9275
3018
4553
2491
121
9619
8569
6819
6627
3525
4347
5371
9615
921
2721
5677
9480
6038
9769
7547
9524
9582
6924
8676
1645
448
4568
9937
8056
7973
3493
6362
2768
3359
8875
7950
21
4768
6034
1031
9571
7487
6030
2849
8297
9975
2226
6481
1562
5988
9559
5659
2981
8674
732
5135
9921
3841
946
2297
2905
8134
8750
5784
3268
2553
6036
2706
2461
1410
6353
1663
9076
4704
996
5055
1691
1371
2641
6028
2035
3333
8523
5540
8654
87
1652
1541
9686
3320
7390
1801
8424
5477
3418
7636
2243
9705
6077
9719
9977
3510
2312
145
2372
8145
1011
3819
3124
9001
685
7789
2477
2023
4917
8894
9067
631
3347
2856
182
3779
772
4435
1802
6138
3958
9898
3858
5889
3061
1799
9972
3355
7600
1154
5284
5167
8212
9865
945
8656
6692
6015
8561
5008
1830
5156
6005
6854
9112
528
1702
549
6197
3432
3856
3340
6094
3229
1899
7723
7499
5193
1388
5374
5315
5858
5155
6968
7924
3319
1149
2271
5921
5057
3417
5093
1155
3557
5986
6150
4049
535
7020
4023
2789
2852
3288
8546
4667
2449
5237
5389
4512
318
3630
7470
5426
3703
4521
6704
9842
4178
7371
1789
3541
286
9523
1803
4400
6850
8671
1357
1254
846
6180
6972
7908
9816
9127
5255
8842
458
783
179
3084
7876
943
7087
4788
5705
7350
9858
5202
4514
4038
2440
2678
8556
3886
9841
7310
6273
6611
8776
5774
2622
5024
5945
3079
6194
3464
151
3414
63
3002
6159
9545
3205
6079
7872
9496
6593
5735
3893
5396
3374
8018
1611
3082
5725
888
6800
8274
1282
773
5122
6625
19
9251
9199
4019
5701
840
8880
9583
7275
1499
7831
4509
8380
5434
1769
5976
2943
6599
3543
8393
1503
8920
9106
4589
7198
2215
208
789
6825
5930
812
2665
8895
534
1014
6805
4192
3853
1668
9859
5598
7203
8016
2448
106
2712
5662
6096
9262
7637
4425
570
4200
2708
5668
3974
6572
542
1228
5020
6339
6066
8026
7228
8072
7284
5137
8111
6615
8665
8979
2694
8684
1433
5524
2847
4688
6343
1859
8239
9587
2813
6642
8133
5231
9471
4171
7164
1112
2783
6256
4471
9407
674
1573
9549
3732
4047
213
9835
1224
6298
758
8464
3921
300
4297
1035
5053
2838
9008
3660
6215
4135
393
1501
5728
4401
6621
391
9981
484
6104
3300
5755
3655
4557
438
8989
516
6876
8472
2277
3107
3420
8031
2016
2520
4207
6090
736
6660
3335
3629
9073
2784
3494
3801
8852
1642
6292
517
9354
4265
3834
2149
5173
4800
649
5239
7665
9909
4752
5819
9754
988
180
4264
9454
9558
2582
2995
1074
2716
5746
8581
3281
1195
7281
1125
1565
2085
3935
8903
9250
5429
2079
654
1804
6554
202
9640
1506
7969
5449
6496
1748
8960
6335
4407
1034
2010
1227
8176
521
2050
9603
9349
9491
2294
7948
2937
9525
6452
3570
1121
2545
9890
1669
1089
7686
389
2070
5608
6974
8637
254
9021
6617
3120
4689
8132
7868
9239
6808
7580
2187
3141
1064
7884
5565
2355
8202
6626
9209
3135
7614
2530
3990
2393
5276
9323
6213
2635
1844
8639
3705
8124
8002
6718
7064
2347
3000
9434
6277
1607
5969
7307
176
6299
8061
7903
7729
8254
7864
4915
7066
2253
4438
2750
5210
1604
4037
1048
7289
2147
669
5767
1765
9326
3110
1850
4616
543
4456
4561
5393
3090
2779
9827
9922
2150
7854
7200
4887
5242
3
5298
3909
9567
6174
8571
2627
3728
867
2938
7274
8195
4143
5116
7191
9413
4763
4096
712
5636
6321
3991
1460
8323
8431
264
2512
3267
5514
9396
9509
9219
7007
5306
7816
1424
4416
9970
3206
6099
8877
1257
5523
9528
8456
6570
3161
1128
2315
3100
2469
2120
4503
9938
536
2436
4523
3505
3104
313
5028
987
4461
1965
5470
3749
2419
276
8961
445
5657
2233
3551
982
6255
9792
3217
6443
5789
904
9489
5558
9561
2365
3036
3545
2832
2217
8253
4907
4582
5737
2118
1667
3634
7329
457
126
8967
1526
9846
3357
8825
4877
9025
6664
1613
960
8891
9714
2904
5776
1385
206
3860
6052
7144
7745
3710
3676
2602
7943
502
1706
4152
858
9411
2993
4563
2840
4605
8486
139
5892
5580
5179
5450
6714
3123
694
7411
5288
7348
4205
1442
1025
6736
5092
3391
5006
2536
6502
4208
2604
5398
7959
7306
7852
9402
1428
4183
9915
1673
4253
9185
7146
6998
6742
8604
5848
5665
5741
8991
3059
6562
3997
7567
2842
8715
1221
9896
8727
5683
1294
6828
5332
2797
5630
3403
5775
7107
6969
1854
8661
1700
4274
1140
1655
5123
7163
5939
809
9272
8808
4406
8237
1864
538
2647
5228
954
9363
3014
5998
3829
3618
283
6308
1836
9746
3878
9717
7197
5119
6751
5888
8437
638
3149
4199
5360
7378
6209
377
9907
1481
5958
5311
1280
5322
9332
1990
460
3666
381
3761
8260
1763
1334
5224
3052
7819
8732
4453
6166
2617
4321
653
173
2829
5855
7621
7537
9633
6935
768
7704
4799
7027
5881
5609
4979
8398
1979
1234
5463
2711
2396
9236
9245
2167
3704
6707
7219
8170
764
7137
1805
8869
6790
2015
2261
4988
2127
1629
1287
7715
8480
9279
2441
2613
527
9356
7525
4916
9241
1522
5943
6682
4193
3522
6824
9176
9173
6943
3979
656
1732
7776
8420
1178
2612
4625
3439
709
9590
8789
9091
5802
1216
7976
7557
6785
