571
7590
2756
1176
8696
332
7385
3963
6944
8149
8129
833
1517
9284
9387
6417
8731
27
6268
2870
6385
8456
5324
8496
645
1212
2879
9965
7488
6165
1364
7551
2996
5560
4898
2404
6583
6317
3958
3360
8442
5735
2375
897
1080
6652
8016
9025
4451
8405
4674
9953
4062
1363
8141
7000
9418
147
4035
5299
8103
5108
4367
5220
3112
5750
3909
1283
1495
7137
7727
5348
6364
5101
7210
3125
9908
3884
7845
7838
6376
9583
5671
4287
7933
4500
8454
7126
7085
9263
2530
7554
9880
6639
4706
6156
1822
2960
3865
3929
6085
3308
8937
8890
5614
1383
8439
5087
5811
2378
6896
6109
1800
1552
5376
6679
8334
6741
9407
797
6101
8146
8450
46
1632
9460
9167
9641
8308
1117
1543
1020
1613
1553
1655
2263
2534
2664
525
7475
6990
8698
9341
4541
4315
1282
878
3396
9049
7168
5888
4383
656
3658
5986
4676
762
3237
5663
7414
4169
8819
328
8025
7489
3278
9317
9273
7169
8132
2107
7031
6541
4829
5249
346
6994
4815
9725
1985
2881
2064
9442
7115
2501
3679
4436
6309
9023
8202
3803
7097
354
2801
7903
5121
2962
8987
5000
2037
8240
7423
5861
2574
8768
1482
9538
6823
330
2269
9079
2893
9533
6819
7894
9593
4646
2055
1996
2467
2666
7873
6604
5946
9244
6343
3408
5646
3623
3229
7569
8328
8134
1392
5978
6883
9975
4726
8343
4510
3566
7907
7883
7259
9224
8344
9019
2637
5040
2312
2184
8996
5015
8546
2505
7957
8372
2313
7224
2988
1349
2221
4777
6987
3390
8800
829
2797
4661
1478
4968
216
6706
2603
9234
8131
8814
32
6422
8515
7901
9182
7968
4257
4809
8452
3906
1710
6486
5042
4572
1407
7819
7526
6678
576
7177
5084
5413
1334
4071
5751
6195
7269
7946
7430
1490
4155
3286
1921
5210
1092
9254
7769
2519
7821
6373
3522
4090
9065
581
7652
8097
1861
5177
4177
6115
849
7765
6564
8295
2442
1043
7343
3930
9771
1127
139
2286
4609
9057
9223
6401
6919
941
5280
6092
9262
9540
5764
424
5759
5060
3404
9255
7958
4046
5234
4079
1677
7634
685
399
4277
7994
9926
3029
2726
6761
4317
1175
1431
8663
9016
5708
813
8970
8956
1457
1618
4276
9129
975
6091
9359
6828
2907
3339
8235
6592
2451
5860
4184
5375
981
452
5318
6533
2193
2838
1811
5604
9029
4531
436
2384
3804
4404
3644
4915
6664
6655
4008
5264
8828
4556
8329
2682
1318
727
7391
3474
5619
4505
7290
2827
3014
883
791
9839
2044
5238
2463
9138
9584
2636
9535
5444
1220
9516
9095
3320
2724
3892
3391
5800
3552
2311
5182
3674
7656
3594
8706
7434
4558
416
8356
2735
5959
7758
4186
3822
2416
177
7751
6598
5554
8746
4146
932
1718
4914
794
3835
1855
1397
7040
6099
6850
1211
3109
3336
3411
1886
8338
6763
7052
2447
2399
238
8487
4395
3586
9815
6579
2931
4494
9569
8313
4547
