8499
5899
4497
161
2501
6098
8105
9227
8723
9377
9635
1691
3670
5738
9514
7562
3357
4758
413
8258
2896
2372
582
688
3768
6332
6437
1457
505
4449
5601
6474
6806
7999
9739
8086
23
188
3929
324
8150
9448
6547
94
6493
1653
5759
4568
734
6605
8608
2625
4931
8696
6307
8217
3207
7052
2854
7189
7517
8666
9613
9628
4141
84
9159
8443
6949
6506
4716
6985
3205
4906
1240
2264
7327
4540
8398
8801
3529
2574
520
7743
4511
6528
654
5573
4050
7258
2022
626
2818
7752
2911
5557
8124
9834
4023
7077
8750
6593
6961
3000
5929
1625
4813
5493
7096
7455
6603
1598
3778
2880
8188
9973
2403
7472
1783
7028
1654
9484
3369
3841
3546
5640
9783
4561
5447
5695
168
4159
5174
7340
6956
8737
1799
651
8824
1927
2554
423
2878
6443
5534
4065
9076
5564
5954
1365
8227
3897
4596
9329
9867
5424
4298
9545
1823
8228
8815
2414
3509
1991
913
7473
7435
6920
378
6479
1168
5782
3707
513
1621
4763
5995
660
1975
3558
4612
9597
745
3014
3213
9056
8688
3504
8262
4997
6514
9138
5305
103
2599
4357
1335
7085
3946
3651
