5425
5402
4145
1219
5854
6534
1852
9215
4478
7722
5694
938
8963
4043
1630
1849
2422
9195
4968
5716
9182
1458
2618
5583
7756
3912
2471
3029
9174
6417
4124
7468
6586
4709
7696
2581
7949
7325
5144
2156
3152
1516
3720
561
2792
5565
4811
3867
3336
686
8924
2726
4053
6968
1738
7201
4054
7155
8286
253
9965
8381
1595
2587
6479
4787
6361
9248
8626
1053
3058
4878
5215
5342
1496
6889
4259
3161
321
4750
6833
4520
7122
4647
7240
3926
6101
2852
5489
5103
8899
1288
9444
7170
9125
8118
9161
264
348
747
4885
955
80
5415
2437
3034
6175
835
7166
6318
448
7355
3554
8413
320
4796
6169
1560
1522
3408
8032
6329
7937
2187
7810
217
444
6431
1166
4930
5749
2049
6873
5574
1089
5614
7302
1748
8889
8872
1721
9875
4637
2924
9937
8140
6829
7472
7524
4141
2323
4302
4401
3962
8647
3151
5098
2593
36
636
6641
8406
425
1132
5162
8607
2991
8885
8013
856
723
4482
4272
8220
5787
8473
2460
4143
2412
7169
5991
2080
9652
2449
64
7508
1851
1211
2214
6362
4833
379
1929
6084
8949
3195
176
942
7483
9551
3214
6932
4458
3722
3508
8493
6154
8792
7333
1393
3362
9184
8555
7321
6726
251
8389
1181
7934
7456
7573
8956
4755
5721
3031
4384
401
1601
7040
7297
4578
6000
8560
8577
1048
194
1358
4211
6498
7452
9266
209
9251
5662
5950
2639
520
8447
4563
9763
6568
6507
9632
8398
4427
6261
1330
7281
4974
9544
2846
3405
7048
2384
2216
7311
4823
7608
882
2952
5549
4159
9802
7006
9122
6793
9994
7532
5812
3986
1255
7162
5951
213
4553
3761
5436
2057
7464
196
1557
3230
7393
5826
7988
6270
1984
2555
4117
1956
4937
8635
4073
4017
7542
4167
8093
3270
471
8505
7614
2025
9103
5110
6345
5572
5420
3647
492
254
5002
3492
3511
4933
1324
9389
6522
6189
9235
6985
2664
7059
2653
9454
5440
2575
8879
5061
4687
6863
4561
8783
6224
7971
3510
1340
6251
2175
2623
5621
9627
4489
1036
7735
2825
697
9542
3024
3003
2309
590
141
6071
5384
1894
4163
9608
9629
5688
3297
8832
4032
1277
4123
7928
6501
9816
9694
9505
3774
1899
6748
7421
4761
1510
359
2354
52
3469
4221
4905
9645
6227
5516
6753
5620
6871
7134
342
9655
7031
6268
7783
6023
197
1032
9615
7415
5433
7784
6059
3730
1850
4466
8318
3022
570
8759
1335
828
1672
406
6672
9425
9408
7197
3964
3870
9618
5723
9587
8527
5327
5201
755
5870
3042
8954
7499
4423
8476
9929
7918
6912
6332
1788
3785
9536
8147
4442
2118
610
132
4809
7746
9263
2434
6330
4794
7564
2888
6595
6698
6814
4473
7690
5675
8161
1064
8902
4397
3178
7438
8685
6751
9128
9774
3173
1500
9433
1130
7216
7324
7700
6099
7787
1198
8893
3373
1137
5541
1316
833
4443
3801
2
2676
7301
1782
9628
