3557
2289
4141
8856
993
7440
8003
5669
3739
6230
2410
5207
7515
7135
375
978
6989
6042
320
8930
847
1509
4101
6023
3463
4534
9048
3018
9548
532
5680
9599
1051
1208
9883
1098
2468
5663
9459
9259
6627
1654
634
2977
948
8071
193
1229
7521
2744
6988
9951
2259
4546
9317
5499
3860
8065
2853
7596
7052
2062
9502
3579
4719
2485
9915
3848
2979
2086
412
769
9762
1497
3612
1728
2268
5219
7364
4008
2304
6290
3051
2194
7413
2238
6473
697
1907
7037
2044
8528
4582
3453
6439
4561
5517
5632
6374
7785
7086
6667
9522
2707
396
2895
1558
330
7345
8850
5831
7157
3625
3057
177
5016
5597
1950
9152
4170
4050
3801
4004
3336
1641
4551
9817
7786
6788
6001
3280
3351
1875
1426
3096
6951
953
3233
2181
3207
615
7151
4610
5090
4128
8734
881
7895
2923
6775
4237
9985
4773
1801
1562
307
2855
4023
4259
8306
864
6483
5959
6858
637
3632
7514
3941
3771
7147
1199
3938
5908
2047
9165
6249
6054
9029
6433
8301
5963
3674
515
9872
3134
8661
7808
6734
7363
9870
7488
2566
9190
2674
733
6353
2912
2118
7138
9110
6046
5967
6028
2153
3995
5652
8701
6277
3991
3155
1883
2248
2178
7748
152
8451
1513
4728
4737
2386
8359
1053
31
9628
2237
2397
5147
6137
2633
1977
2527
8230
6458
6288
9818
143
1228
4630
5217
3664
2955
6911
6557
6607
8428
1068
7773
112
5518
187
2043
1919
2978
745
7401
3126
5437
8121
4088
5512
7997
7581
6269
5438
9603
4999
4738
715
4963
3685
4925
8813
9734
3479
5525
7548
1813
3143
2116
1405
3677
2956
9700
1743
5107
9381
5474
2401
1671
9966
6013
5257
5347
9539
2695
3161
1665
1808
2067
3829
8854
1301
2817
287
7805
1717
2170
4457
5708
5832
331
5196
2632
7176
1613
4137
647
5952
6081
4972
3627
9753
3012
102
1353
373
6369
8749
8067
9632
5484
2826
1653
8032
9071
4124
3265
4895
9888
7754
9674
2988
3539
2446
630
6742
2952
2351
6706
5141
5425
8616
2267
5074
625
759
9581
3076
1040
3735
7864
5392
7350
2775
5342
5919
2244
7914
6299
828
1741
3871
6802
4168
8725
245
8108
7984
3250
7770
1120
9858
2806
5296
9326
6066
1370
476
8976
1372
2621
3520
8848
9513
7798
3135
3796
3044
758
6844
9267
737
564
6962
6276
5034
1639
1591
3386
2937
4634
8449
3144
7931
4679
6413
9968
7901
7383
8932
9799
4103
5384
2201
8761
1573
3608
8305
3828
9170
3893
1518
4862
8419
4798
7795
5281
1366
2009
2260
9359
8239
9222
6565
5113
9694
933
4602
3598
8876
2680
8986
2156
995
7308
6317
3700
3593
2134
9706
4640
8037
4175
9941
5010
8653
4264
9936
5987
5935
1951
9807
9610
673
9291
3616
2054
4805
414
5617
766
9816
3045
6702
4745
2764
7969
605
9187
7077
9300
5390
2693
9487
4804
5136
1860
1739
4331
874
2179
8985
9579
6304
5224
3061
3774
2745
9463
1322
92
5146
8879
1286
689
4368
6665
1715
1859
542
6160
6106
8257
1398
4540
9782
5556
386
9397
6749
9688
9957
831
4076
3850
1980
7664
310
9576
350
3288
6767
7136
6854
2647
8280
5978
1854
4574
8036
9820
5648
2730
8511
7238
3866
9586
5815
9288
9134
7486
1209
4976
8517
1610
7907
5836
5423
1007
5754
4270
4706
8757
208
2050
7306
4832
6145
6980
488
9366
3659
2023
1941
2197
3826
2836
2406
423
9741
8430
1311
6735
6855
9070
6718
713
4530
2769
3439
6383
9123
5227
2972
6165
5360
221
1129
1192
4837
2604
3793
472
6446
9425
2137
6563
6861
552
2651
1089
5313
312
1846
8621
2868
1768
8398
6019
3319
947
3919
7091
7075
777
2388
4686
3077
6922
7857
1268
7406
9708
9303
956
3823
7335
9498
1071
1087
4818
2225
7877
7709
9232
2748
3325
1692
6658
8923
710
590
7243
5870
2293
5914
6310
2126
6417
8670
2307
3148
9573
7691
5047
6169
4308
1495
1361
4458
7133
7298
7053
4043
2125
2576
9093
6995
2309
3317
9250
8572
5450
5516
4299
7255
6254
2583
8269
7038
5564
1791
7490
600
9289
491
702
7030
607
7049
452
6427
56
3621
4090
140
2341
9340
9275
6003
8583
2805
6172
6628
5897
9254
869
5998
37
7109
1991
9867
2383
8613
8816
9973
8599
7172
9861
8178
9803
5577
1393
4729
3131
4409
9895
7998
3745
3718
2431
1978
8845
136
975
8008
178
4616
6203
5794
5012
3967
4856
7407
681
8043
2407
9469
4944
5755
9407
2337
8598
5725
3662
5713
4929
2377
3781
2449
2818
5549
2766
4675
5894
4071
8411
9236
1657
7642
8610
5825
4471
2310
1387
2404
8078
596
8235
431
9716
1069
5746
8586
9506
6528
8424
3843
1827
5394
7256
5910
3859
8156
3231
4671
8807
2974
5923
9338
84
6434
949
4746
2271
3790
6331
5451
8683
483
3992
7380
4440
9292
9092
6016
8770
2881
8889
9239
7865
1276
2549
2501
4390
2475
6977
9333
9332
7719
8523
5889
1626
6801
477
2457
773
3912
8714
1711
9117
119
9162
8677
2387
4581
7285
7774
7650
5922
9035
465
5359
3890
7471
5817
7270
5275
3641
9471
9418
2144
909
6956
1144
8278
4451
252
7999
5547
642
6903
8348
1182
4951
3243
1811
8903
9964
6762
6089
575
1033
4064
8129
6928
6745
7246
8628
6512
9971
3993
334
2467
4604
8901
3442
6147
1818
7170
1793
9550
6451
7283
4797
7499
3248
198
9641
4354
2834
7603
3427
442
5311
453
1592
1104
4345
9257
690
6850
6202
1537
8784
6076
4134
6360
539
4674
3760
764
9625
2521
2686
8408
416
8537
8368
3195
5290
4232
8999
4079
6036
1073
1874
4389
8413
5004
9554
5250
2791
1329
3925
643
2479
3455
4413
3382
417
337
2245
6474
730
6063
1380
4282
8249
5829
4621
6934
866
914
1407
792
2334
2162
1160
4246
