9417
1768
2398
8088
389
26
3625
4329
1789
6191
341
7537
1882
8269
5653
1427
2451
664
8507
6121
8744
496
3748
8962
3445
8501
8425
829
5299
8902
6416
5005
2311
5643
749
9661
8159
5329
7430
9737
5224
6008
8624
6629
4113
8996
1540
633
9151
6974
7175
2988
9857
9323
5699
5106
4163
5231
8636
4494
1067
9612
5199
7162
6439
8877
500
8426
947
1912
1097
687
2263
6242
3029
2030
1454
2507
8896
6144
5522
6268
4843
7362
2057
1346
4990
280
5068
4547
1170
9354
6179
6857
6244
6534
4208
4997
6038
8398
812
8280
9168
820
3440
1867
8020
1731
9074
1549
2501
6931
56
9106
6311
6415
6492
8158
2154
8056
1241
5706
5881
2188
9368
1153
5391
2011
4413
8734
3874
8440
6077
7874
3280
6845
4110
7138
9003
9296
4376
4863
3535
9729
5083
7470
4855
8117
242
4247
5112
8041
3450
6703
5185
4402
9051
2877
4968
163
4733
228
9884
7680
6748
1938
9663
6935
7996
1382
5179
5693
3714
994
9258
5634
6616
7708
6793
5829
2179
3217
2645
5330
8274
9186
7085
1791
3449
8678
1072
6833
2586
6546
6107
7478
6044
6777
4872
3840
3120
8832
6356
9898
9244
2027
2245
3953
516
6850
224
1234
9744
9383
4349
3348
5257
6940
9332
1497
3156
2552
8347
7995
2886
1917
6324
3932
5962
1377
8145
209
720
5847
4484
3871
3957
9426
7998
8479
4601
3713
1739
4882
3067
3950
173
9495
4277
80
1431
8894
2642
4921
9688
7600
4703
267
2060
2737
1951
1923
9541
7425
6654
6088
742
819
6284
8310
8216
3227
1779
7218
7135
4325
9408
95
5098
8913
9891
4847
4560
1129
3277
1019
2437
9158
4898
9278
7838
5126
5902
8499
8131
3519
2719
3292
936
9873
959
9745
4551
682
6980
7957
9596
1134
3606
8231
368
2628
6819
4995
3026
2870
7733
3599
3266
8121
7002
562
8340
3349
4529
9363
2932
545
648
298
5003
7819
2199
7403
3511
7715
5513
5965
2568
7158
7750
3914
9892
9503
4451
5820
3598
5367
324
5343
3927
7921
8626
198
1528
4789
3344
9878
8911
9888
7677
8602
7898
4885
9582
6390
9187
5973
1229
46
6394
1500
5577
2031
1658
7021
1793
1875
3684
8942
1516
7922
231
7781
8318
4167
863
7552
7748
7101
523
6648
9279
9613
6052
8224
1761
3218
2733
68
8203
510
7699
140
1412
5646
4778
2701
2184
1130
2196
5709
7350
634
1674
5492
4388
7197
1571
6182
9897
7909
4742
5450
5284
1723
9553
97
9245
3385
8196
5987
5507
9290
6835
9454
1623
7480
9269
5067
8530
693
5633
1647
7505
3269
8265
2130
3113
9222
2725
9825
3671
5461
1862
7980
1676
1851
6619
6069
9696
9317
1691
4009
6413
3508
861
2047
6325
1211
7341
2652
221
1093
2821
907
5418
404
4653
8349
741
5824
7707
4926
8235
5506
3320
5530
3596
4883
3832
3841
8414
8149
4656
2546
277
1228
6959
8111
