322
3690
6789
1868
1896
6413
2797
1417
8597
3655
9163
5222
6311
5265
8944
3539
6712
5302
3739
4169
3994
3465
223
6965
8409
8304
1649
4478
7090
5376
3062
4804
6976
6251
5387
1102
4255
2845
1247
1206
5315
1971
6517
9519
7685
9601
7163
5805
6157
1385
7968
5271
9995
4323
6947
2546
3756
4355
6843
2871
2952
792
9128
9675
1548
4488
9969
678
4222
492
8909
3103
8351
1003
1876
5299
2805
2029
3245
1388
2981
9162
7653
5203
6303
9735
400
6024
3815
4353
8495
433
1397
6008
7195
3169
2205
1636
6431
2452
8510
8245
5786
1210
3159
2442
991
9606
5298
16
7782
3466
9561
4332
7302
5090
779
548
8293
8841
6555
8270
4100
6061
5028
1638
9036
2782
2866
3746
2764
6058
8765
5705
2299
2799
3137
4849
9115
3008
4932
5682
31
9921
6710
5928
7435
319
6427
5917
7148
1428
7058
9335
9055
6065
3135
8173
5861
5930
5727
7010
2534
6218
7958
6049
1943
7147
5172
5862
9346
6907
8068
8242
2896
963
812
442
8276
3522
2827
7482
4171
9718
109
210
4716
3366
6916
8502
6516
1484
5508
4318
5178
6875
7724
8857
8353
1674
3942
3984
6977
8090
4359
4120
3967
1692
6590
4731
9210
3417
4094
3459
2735
2865
5047
1130
3784
7537
5853
5497
682
8675
5273
1997
5915
3316
2549
3486
9325
3689
7845
5817
2484
3809
3448
2431
5632
6077
7286
184
9373
5611
5787
4770
7572
5379
6755
4214
7821
8467
7651
9480
2647
2636
3105
3162
9544
3086
4490
2562
243
9071
3733
5981
4375
5728
1243
8982
7896
9868
7670
9922
5756
8668
7863
1572
1262
9127
3037
7898
8788
569
1992
7738
7223
994
3872
3970
4015
7861
2771
9341
8574
9697
5906
2051
5098
613
5635
9649
5523
564
5096
3550
6644
238
2052
9824
2256
7082
3125
3350
39
8392
2920
3427
3500
4325
2701
182
8686
8344
1050
4638
7976
9912
2912
3909
2490
391
842
484
8067
2190
2406
2039
6441
4390
2284
4647
8208
2596
9330
1341
2655
8748
3711
1799
211
1170
4091
4326
3985
576
905
4162
6085
1289
5898
2673
3113
9487
9463
1222
8633
923
2861
2245
9560
5303
6037
2342
3946
710
3359
4498
6090
2520
1912
5591
8057
1624
942
9063
3136
7754
6877
2253
3765
5549
7220
5394
4298
3262
9158
6734
9357
2120
836
1169
2340
3912
97
4476
7020
4753
9780
5747
8194
7104
5573
2893
4555
5987
9113
2500
9004
5351
5905
9621
5780
1273
9587
67
8277
9828
7562
4703
1863
8019
8313
8043
7450
1258
4003
440
6923
214
20
8106
3565
4328
9285
1460
8940
3555
6814
8123
5022
9211
3214
4840
857
6359
9931
1390
5872
7734
4386
158
7967
6578
4965
3349
3803
9066
2454
3634
5541
3707
2772
4236
8684
6054
6033
7705
9984
2557
1123
9535
7024
8207
9509
4256
7671
7389
2424
7377
7041
6831
9401
7498
2917
3384
6783
9228
7283
9823
1016
6659
4027
68
502
3453
1598
7773
7156
4114
15
6899
7915
6950
6256
2710
9049
2368
1352
4365
8479
4733
4125
309
5901
9314
7182
4934
964
9313
157
9408
5964
3611
3253
2089
5998
7721
1993
2425
532
6086
8850
1716
728
224
8311
4803
3084
4242
3556
8337
3750
2480
1404
4330
1284
4357
5919
6858
2116
944
8896
2294
1492
431
615
4886
2048
8986
5020
3408
9570
7622
6906
4504
869
3494
6525
7763
739
5640
2626
8326
2081
1703
3419
8013
3888
5024
6620
1197
1124
4196
3318
323
6978
8286
1466
1275
4453
9586
7551
3171
6283
3224
7727
900
4905
9549
9528
6400
3875
8815
2385
4121
486
335
4422
7711
5106
8923
3990
7619
1801
6995
9412
6801
6653
2895
5686
2164
7947
1256
5779
6929
4197
9173
544
60
6805
4943
8525
4749
6080
1831
9473
8240
3631
7274
5198
2344
1145
2086
2122
1935
8556
583
2129
2985
2521
6421
4546
7225
7248
6208
128
8296
3682
9520
7923
6733
9166
6222
8470
2219
9145
191
4009
6023
4470
1675
5569
2776
4633
8942
3377
7307
8494
4419
8388
9337
6298
3484
9172
4480
8683
7561
5220
2210
4768
5312
2085
8284
5496
7501
9641
2091
9607
2296
2708
8631
9974
7043
6450
4234
6685
2552
9731
7539
8703
9778
664
9284
3923
7665
2466
7252
8994
3481
6580
2670
5961
7943
9665
9709
8861
714
290
3863
4648
6648
8294
4759
4366
2821
2416
9052
8613
6401
1439
9103
4626
5559
1527
9287
3667
193
2697
8323
7411
7392
3438
6273
508
2147
7439
5269
6306
889
3425
2639
4718
2101
6537
2391
1255
2703
9295
2528
7412
6532
3000
5509
5429
5264
6119
1530
3064
9835
3296
6563
1093
9436
1905
5825
5046
92
3003
7056
8271
8742
4464
4706
574
7732
6016
2195
8806
2356
7830
6449
624
6614
5575
2366
7112
4724
1726
784
8731
5664
2193
4452
3468
153
107
7974
5742
234
43
2312
8932
904
1374
771
5177
9557
2239
125
8936
7115
3269
6005
9239
931
4306
763
2983
9360
5810
7040
5191
9966
413
1549
8109
4228
3311
2204
759
4244
914
7893
7946
647
8737
2276
6960
3186
9654
5069
6286
1601
395
9482
2569
5803
7131
2586
5214
892
4701
6386
5493
3619
9521
6901
7154
8885
2394
4238
6079
9724
4564
3607
37
9102
8078
3658
9894
3821
1694
9359
6790
7149
76
1472
8252
7403
4657
4430
4118
8140
9954
373
5357
1330
9136
5067
531
6250
6878
3865
8566
626
2953
830
8102
9761
3608
5081
2922
6389
6392
3648
5154
4364
1755
8089
3846
3018
6624
9533
5729
8077
705
7592
3954
2004
3229
8521
5095
2074
4389
4377
3989
6744
1812
2686
4402
6587
3170
636
9386
6869
7039
9618
985
8005
4152
7516
9527
5331
5977
9664
3610
7335
4382
7853
6553
4960
7314
6057
161
8493
2169
17
177
1132
2099
8251
8739
155
6865
1925
6390
9370
7393
7164
