2648
5895
718
2595
2162
3224
625
7996
8852
5792
7752
7351
833
972
1093
1802
28
5013
5043
5743
8296
5124
7253
6559
1772
4823
2110
3785
2761
2530
5795
224
8173
5389
486
7460
8690
7294
1121
7638
9905
227
9547
2958
7652
9628
7012
8184
9930
6210
849
6707
3712
6840
9440
8944
3481
7358
8265
1900
9374
1948
9767
8892
5914
3080
6871
3727
3314
6729
7586
9115
2747
7675
2103
2080
5707
7346
9006
1962
2494
4566
8377
8074
7668
2884
5182
1544
6954
9835
1393
3541
1031
5656
5649
1127
3786
7356
1627
7060
178
4336
1155
6929
2610
4925
492
7405
2503
3700
1257
7135
5332
449
5022
3884
1897
2241
4363
3837
2902
1213
3134
6540
9454
7210
8276
5937
4456
8180
8730
841
439
2663
1402
9437
9937
4511
3672
1582
6205
9848
626
4819
5222
8996
6701
743
38
5381
1311
9307
9391
6663
208
9363
563
671
7725
7375
9359
6956
9981
1930
9844
7626
6607
4507
8547
2346
9559
3336
1214
8898
4662
5484
4000
1262
8615
8238
4451
3710
2606
8703
2194
7078
6038
4744
8438
2511
6453
9722
8533
1519
5569
8980
4533
6943
379
7052
4132
9031
7238
5128
6002
9242
66
1993
6614
9346
1484
2593
1786
1509
4575
9522
5665
5425
8402
2905
8593
4983
9164
7799
7161
1105
9580
5242
6921
1066
2147
20
5113
9052
5856
2832
6628
9414
3486
4693
128
1147
9893
6845
8322
7771
2618
759
2383
623
2018
56
3102
8485
5603
7852
5724
4209
7339
6888
413
8814
3988
8535
3497
3049
345
9988
9748
7981
3677
576
1062
6282
7926
2097
9257
9902
6451
9561
7782
6062
6898
2320
4661
3483
6422
8895
3252
2790
5046
7907
3157
8030
1018
8248
5511
8297
8839
6640
2331
1737
7497
6672
3094
7756
7189
3781
1265
1176
3128
9083
6012
6578
3507
8054
2229
5130
1734
2529
6170
545
6988
654
6789
7587
3114
6441
2599
3205
3032
6511
3039
2192
8901
3015
880
4653
8510
2014
6238
8022
7821
3199
273
7105
522
7529
8809
5891
2438
2054
9849
9987
1082
1938
2248
6673
1761
9591
3354
2413
1411
6134
4343
9734
5952
6757
5426
8021
2826
3315
1600
2919
2112
8494
2157
8491
4867
1162
97
8698
1942
1218
9796
7305
7399
8199
509
5995
7408
3697
3769
2378
1468
5854
1302
7385
875
8877
5091
8817
9699
1879
7790
4139
5072
2297
6819
6915
5049
9652
376
19
2337
3153
5722
8119
1398
6396
5820
7084
2076
4737
7856
6285
5451
4521
4574
424
1276
2033
6321
9964
3575
8856
3554
7925
910
7424
5198
5597
8787
8250
6613
3775
1013
5453
3394
3711
4870
6825
9932
9871
2881
5362
6844
1232
2562
7006
8851
1383
1678
3972
5280
6207
6462
7585
1124
6224
8647
6344
606
6350
3237
6722
1902
7449
9974
8444
1226
7636
6513
6203
2564
1592
3104
6338
6530
5410
8390
7473
5288
8389
5747
5430
6313
7817
2205
1248
1782
4164
4050
9193
9720
7658
5905
2302
3939
4287
3332
6689
9353
7140
2758
943
3589
4655
5617
4499
2631
2039
8359
1587
1584
4695
5260
5713
4386
6173
7542
1010
2358
4702
9915
7345
6982
4936
7670
7005
3382
5581
5397
6005
1386
9525
229
6676
9896
9554
8555
3177
43
4497
2031
3308
7192
3869
6426
11
1091
6365
8052
7706
7043
9631
7021
2925
3173
7986
2897
1852
6569
2163
4347
1171
3650
9209
1564
6403
1991
6405
5179
2496
5157
3820
1970
586
4844
7116
2847
2723
2931
2025
9781
4600
4383
5300
6121
6167
1790
3803
6966
2766
8140
4473
5029
4366
2575
3091
3521
1459
1676
1502
7251
8436
9664
1132
2286
3227
2306
7812
5964
9131
4344
4687
7618
1686
9828
5339
4894
7331
4678
4154
4899
1681
8020
9551
9321
1374
7314
8408
2136
1963
1709
778
7509
9824
9906
9090
5218
894
6424
5629
6449
4180
6123
9330
1512
411
1571
529
1338
3577
9730
7622
1854
6154
9229
7155
8404
5270
2128
5264
3381
7637
8298
8872
763
2295
1244
7266
2907
135
8858
5698
2918
3593
1321
8985
2439
1821
9940
2156
9509
9642
5258
487
551
7777
284
8483
1241
4577
5948
7108
648
3801
3613
6927
2125
6505
7391
1125
2410
1064
8679
8314
1020
1436
6130
4384
6329
5675
3270
8660
1396
9498
1848
1225
7494
9125
4740
7818
898
2626
2178
6307
6843
3763
8177
8905
8460
9114
5835
7917
7254
1303
9909
5379
5882
924
2597
7539
6046
1966
8397
6773
6028
1753
9156
5317
4626
8907
5372
2976
6270
3732
322
7002
1117
9183
4563
1806
7031
8782
6611
8233
8031
70
6444
7229
7795
728
4174
5566
3482
4
9595
4654
8939
3867
7378
8925
3247
9413
7899
6269
3167
4393
101
942
5156
1475
6835
6018
7913
9040
9637
3674
4424
3656
1658
2978
2799
4048
5497
4398
4298
9553
5998
61
8904
3771
9433
2614
9406
2317
1856
116
8543
2200
5932
7214
8098
185
5432
9105
7849
7968
6227
2138
5876
7717
3827
4505
2855
3906
2177
2743
1480
3351
6040
6674
6635
4879
9841
7439
29
1984
4323
8293
5540
4705
4545
7894
4441
1335
4644
3784
8558
4417
2088
3651
7025
3476
789
4153
4399
8425
2646
1700
2101
8190
1668
139
3109
8132
6052
3337
4192
2036
828
5396
3729
8520
5227
3917
3407
2180
4912
8072
4635
9049
90
7850
1308
5532
4321
263
5274
8115
2559
3760
5053
3119
4394
1231
1198
4915
3348
3255
8419
2087
3893
151
5892
7337
769
2786
5847
855
2798
4297
4007
6615
8219
8893
8242
9172
7632
6603
9248
7579
3676
4601
3019
2349
8940
9210
6395
5749
4236
3720
4342
7662
9342
5102
1791
1822
4831
888
8741
4293
5805
9468
8938
1764
9494
850
7779
6574
5097
6958
2688
9263
2543
725
8059
8217
3034
3404
6253
5881
2546
6963
6727
9241
2081
9534
2988
9022
1004
5536
276
6994
3625
4839
1906
6910
6962
297
9773
9016
9181
7561
9737
7577
2450
3927
2509
7322
3926
3967
8156
9991
6181
7457
2279
1736
9926
3714
5078
6232
1986
3268
4968
6553
1080
2355
3982
6642
3787
5415
7087
1211
8279
4244
2702
4274
7394
3509
2406
8193
7053
2617
4087
9860
8009
75
8112
7683
2780
9379
7069
475
4086
2287
3660
4203
1348
7962
3436
2350
922
933
4459
1271
2035
150
5341
2965
7793
9774
1645
1441
2792
2721
539
2740
8928
1190
2100
9766
3164
1065
9510
3007
945
3460
7276
7475
49
5323
3991
3856
3120
918
4301
7985
3752
7802
1626
8976
6913
4596
3414
2148
9130
1745
7292
2733
5089
1431
669
476
8915
2075
3367
5860
8933
8923
1219
6931
8416
342
4017
3519
6276
6980
7698
9593
611
5463
9438
6983
1754
217
4120
5418
3374
6146
3107
756
1780
4044
3439
1316
631
1841
5232
2783
3078
8370
573
6531
9679
666
3628
2446
534
4592
7035
5448
2823
5841
4840
5054
6659
4871
3217
7839
8683
7639
127
220
3500
7154
6136
1885
5108
9616
4403
6417
3757
8046
7693
7966
3718
5103
1479
7065
3264
5834
9077
7882
5151
8362
5855
6656
657
652
7336
3800
4187
1120
2282
561
6735
4722
6183
3724
6610
3866
4074
1881
5125
6050
9075
605
6384
1236
5488
7170
2174
1143
8222
5303
6499
7306
8424
4798
6895
5993
1811
4378
1041
9819
8971
2537
4711
4300
2135
7085
3759
7450
8241
884
9227
4754
9078
5951
4851
6056
4724
262
6959
2970
6260
2711
2066
1728
3689
9268
2109
3895
8849
861
3772
3473
523
3845
2963
8431
9202
4650
4410
4365
4504
6392
4055
3563
1901
2760
8780
1259
4838
2620
3168
7876
5953
8979
9577
4557
6436
6118
3427
1909
6714
9607
1495
7487
893
3738
7829
3951
8743
8109
2720
6598
8583
1551
9219
9808
3090
7681
5913
4673
9955
8252
3302
5996
9749
3864
5032
3403
7866
7364
5584
8306
5859
8143
5068
7665
6298
9744
2357
2023
8906
2892
1594
3902
8038
7903
6036
4658
9384
3631
1103
2332
8472
6624
6708
7560
820
5900
9120
729
6331
2388
4481
8966
7843
6594
6509
2516
7726
5615
5544
1055
5314
5413
9306
4266
2245
2416
1356
1039
3525
7455
7880
1279
916
3188
12
1382
5455
7794
7249
9444
5975
9584
1305
1388
8056
5867
8601
7409
1221
4924
6972
3028
4902
5467
2809
9673
7114
7098
8680
7243
4579
5759
108
594
1457
961
1035
2843
2524
378
4679
3543
6514
5146
7188
3996
190
712
9471
7549
6132
8999
6795
5715
9746
5988
3890
5429
7871
2312
6010
9161
5456
5777
9152
8669
8636
4037
2108
315
3438
720
2352
4485
6158
4217
629
4116
8274
8291
1351
3557
7908
805
9187
5807
7520
7687
2639
8446
6124
5942
8973
3455
7924
3279
973
1708
2322
5618
8426
388
8682
8592
2935
9400
9409
5153
1652
4440
9264
2579
765
5946
9296
3385
4416
9999
6188
6810
8183
3693
4084
112
3236
337
1266
4928
3627
2422
6585
7514
3192
6242
2123
1422
1493
2189
2934
2345
6369
1027
8048
5428
8272
4550
1928
4438
4799
2452
6541
1315
2602
5573
7663
1206
9198
4553
4708
5340
2810
3126
2839
6547
1671
3544
6289
4455
6306
3388
2941
3560
7448
6736
3892
8816
3084
8728
9253
1384
4317
7746
4279
7991
9954
5347
7000
3529
9043
9922
2696
3604
1343
9562
2267
8870
987
5498
6940
8761
4411
7869
3953
7990
6051
700
3938
5261
3070
6032
3687
7659
3281
2583
974
2237
114
5204
7792
9636
4278
9718
5663
8691
8256
8152
2473
1868
6960
5768
6437
5393
8471
5501
2098
1043
1258
6839
815
6092
9329
6420
3559
500
9792
117
9732
5186
2168
5945
9479
9201
4610
6775
6655
3940
5535
3829
9475
792
3181
313
1280
294
8295
4338
6576
5297
3151
1053
8168
6097
3135
60
5787
2172
77
5827
7901
3278
1255
2840
7690
740
2090
5602
7417
9272
3716
7824
9615
2885
3773
4841
9168
4206
8661
4269
9464
45
701
7761
3620
6114
3849
8622
5728
25
9095
3946
6399
8700
3244
1769
9098
616
6274
2915
3341
6510
1195
7558
2414
9721
9174
5810
1595
7125
8760
5883
8368
8311
1815
3069
2956
819
9100
7280
1272
5790
5800
5576
392
4502
2140
9122
4498
162
2444
4806
7383
813
9088
5011
4302
2520
2323
7544
2277
8157
370
636
430
1773
9146
2299
4094
9611
5468
4845
2763
1285
844
4706
5086
3609
4188
7673
7273
119
6588
8477
4391
7517
577
4972
1603
7044
1516
1330
8891
4945
6683
1060
3003
5563
4021
8833
1661
8452
7946
1964
5796
1281
5291
1036
4250
5506
4281
7723
7215
7381
2212
165
1048
3726
2968
8468
9303
3748
7302
1805
7307
6402
5395
3900
2166
525
7400
1337
9707
2134
2901
7352
9829
6180
9488
775
9373
1583
9864
6486
3941
6082
1263
1975
9814
3014
8482
5873
1423
5980
7532
2069
970
184
40
7124
829
990
7428
7884
4582
4280
830
6378
9696
2741
2557
183
7026
1492
7656
7974
2693
3542
6879
6225
7252
6206
5950
87
7032
7270
6271
9531
8834
6582
3870
7740
6280
6502
5174
5775
5819
2940
140
3324
6045
4540
2636
9883
4326
3412
1829
8748
3587
6303
3770
7759
1469
690
9165
5148
5127
1047
158
7766
5304
3742
8569
4288
3695
4134
2235
7868
4443
3409
2199
3220
9044
3776
9907
5919
2927
254
4093
8607
2506
9820
5080
758
5903
7194
9482
3031
2800
4524
3077
9785
7801
3095
1233
5863
9231
8394
3983
5880
2501
1288
4535
1473
478
5519
4428
3931
8354
2974
7763
2259
3431
6445
3626
4953
8566
7367
5275
1189
766
4762
6004
6605
4014
2772
3706
8294
4439
8831
330
8797
9221
3317
2875
8777
6772
1346
8141
3398
7115
6755
6477
9727
9963
2765
2211
7569
314
7888
2565
2155
152
455
3208
1994
8396
160
4041
8793
115
1917
