4505
7873
1714
3406
3366
4739
3835
9908
303
5662
513
5298
7456
29
9522
7844
6272
5139
6103
3054
5286
4599
1564
7949
4095
7261
6809
1911
6793
61
4155
6341
2303
7187
1111
576
9903
1661
9892
7852
4111
7697
4719
759
2526
1873
6026
4839
7894
5961
7214
8809
1963
9705
775
9330
8017
579
5312
6585
2045
2239
7394
27
4518
1656
2224
4154
8016
9162
8041
5147
1195
8085
2463
2307
6488
7670
37
3381
7368
7419
3788
1222
8024
6715
8232
4903
1146
1194
6896
8499
2560
6498
3785
3430
7183
3841
4270
1038
5309
8001
889
548
5574
5770
3549
2295
7617
5277
911
674
1775
1712
9590
5570
7048
5336
2915
6363
5687
5877
3191
9322
9848
9355
6390
4964
2503
8003
3140
2459
6990
826
4428
3616
2158
4734
5755
7393
1762
4633
3256
4886
2049
4975
452
6290
7055
4742
6169
7024
1050
718
1662
8518
3309
5211
5362
5061
5974
2794
2364
5284
2405
5337
7981
8313
3003
8031
1739
6592
1558
9256
7890
5274
313
7553
5905
1635
1416
8352
793
4327
7633
4623
6578
8026
9904
2808
6021
4283
4320
9929
3214
7608
4749
2028
1230
727
2543
415
9088
8647
9831
6697
5214
1345
213
8488
7009
2042
9784
7631
3636
418
6862
473
6544
7907
8260
6524
4147
427
507
9936
7199
883
8047
2482
795
4370
9407
7773
6132
8841
5458
7068
9776
832
5867
1456
7562
4899
4593
6958
5161
3834
8010
711
5249
850
9578
2066
6738
1890
5477
3574
8878
1835
1056
6286
13
8731
7585
7589
6084
9921
3176
6539
4889
4120
1945
7666
8635
3026
117
8552
5569
9945
9846
2031
9262
2270
7517
6567
7205
4665
9285
1464
3533
5338
429
1806
8374
4280
6203
8509
6855
4290
9910
3316
6918
7798
8752
4160
4683
9566
4316
9698
424
6603
3764
4534
7883
7578
5273
9568
5388
2029
8467
1030
279
1040
2430
3860
1061
4800
5876
9483
4941
2887
3092
1721
8865
5311
2530
1858
3152
4814
4767
8746
1634
5657
1001
325
3235
6458
183
4519
6293
5259
2188
8932
6447
9287
7967
7708
7974
3299
2918
2622
4345
9166
5334
2744
820
7754
2983
917
4543
8060
6101
9430
4038
5598
9513
799
3519
3701
7779
7206
5511
5127
3043
5922
8376
6830
6332
5736
3110
1773
4
8368
7538
7916
9038
2498
6048
1169
97
8922
3664
5908
6249
6124
3018
4096
511
950
6904
6863
9598
5036
898
2930
151
8703
7716
277
5450
1999
7337
217
1697
753
5083
2347
9191
8248
8835
3547
506
5510
6583
2186
1818
8143
8593
7489
6406
1167
8162
2478
7768
661
2204
5997
5204
7223
3221
4674
5699
2776
4847
2182
1410
9838
9818
9721
1925
8033
3570
7929
259
8642
6296
707
1082
6611
1603
3390
3015
2211
6760
7788
9053
4670
3967
1515
605
8536
9028
1599
7179
4174
3617
1862
9171
8995
863
1251
1055
1129
5222
8920
3205
6671
8810
6337
750
7656
621
7103
8645
5722
1668
6095
7401
9217
1715
378
1472
9247
1737
9052
1071
2866
5207
6163
4108
6765
3032
4678
8828
8676
9906
5823
3134
5672
4630
4490
9749
3568
4413
5324
3750
5932
2624
9452
425
8843
5302
8848
30
9266
4911
8079
5864
9617
7668
7728
8471
6320
7108
9164
7100
2048
7811
3977
606
8249
2059
3698
714
4239
2254
3066
3000
233
8861
5387
7539
5807
2727
9329
3809
6152
25
2862
3219
9939
3154
7469
4904
3230
7140
2566
5508
1144
1364
9072
6016
7635
763
1440
7738
3594
8334
860
9891
2175
8581
1655
7613
1228
3597
3254
4012
148
9965
1506
2777
4846
930
4879
4637
4319
926
2850
4321
5169
6310
6526
3596
3291
6045
3784
4818
4716
2423
1970
36
219
5279
4364
4608
8656
5002
7733
2673
5365
7532
8400
7882
1729
3454
2849
3466
1841
8604
1942
1315
7506
6745
2331
3831
7810
3922
1358
3665
6058
5480
5167
6170
7353
1121
3505
3077
3320
499
159
8500
6072
7639
8447
6069
3538
1960
2380
7731
952
8559
319
1577
4880
951
264
1939
5141
242
314
1337
9379
7500
8786
814
3512
448
4004
7934
8569
7065
2706
126
5967
5053
5920
3656
1325
5195
121
6462
321
961
5054
5856
1008
4953
2936
5449
7545
3270
4762
3172
4322
1659
2326
3722
8306
7963
8857
5530
4907
8883
6579
4528
1613
3385
1649
9131
1258
6852
3627
6028
9198
5495
5701
9288
4501
940
3965
6057
59
5743
8576
8337
2014
9230
3200
2919
152
3553
9138
4845
4773
5208
8564
7231
5263
4188
8632
8244
7341
999
6661
1992
682
9984
7392
2283
9573
3587
8794
9874
5390
8693
7549
9514
8751
4966
6364
5496
3236
6717
2842
6952
4685
3163
1375
408
3900
2618
3566
9020
5163
331
4709
3437
1517
6791
7082
6813
2857
8169
4476
8845
7756
5818
3773
7364
7081
4874
7766
5921
6565
3343
7858
6763
9953
4778
1124
7211
614
2942
7052
4352
639
2703
3362
881
8137
8912
3988
1175
6694
8360
9112
6228
3166
5750
2945
4356
3251
1710
9897
7468
2892
3469
5934
5956
6961
7003
6448
818
5878
3755
8108
4760
7680
4520
2108
6903
8639
6125
7942
2276
8941
9299
5815
379
5254
654
2648
6666
3644
4334
7227
9560
8299
8583
2748
509
6360
3377
9275
1308
8747
8078
2135
1907
1651
9440
190
86
8598
9549
4702
9574
2036
5778
3608
4257
1073
5936
1524
5632
2315
5634
1160
8929
1223
4652
8519
1277
6299
9408
2795
4044
8780
4028
4243
9928
1210
8346
9335
4297
6834
2196
6355
7335
8918
8455
9358
2563
1176
6783
2797
7975
6898
6149
1286
4517
2701
4914
6883
5261
3992
1880
6927
7692
3702
3902
1744
8084
421
8354
2508
7657
8512
1305
3022
7010
2240
377
9655
8177
5762
7357
8459
556
2426
6184
310
3541
4461
3124
4962
2249
8765
4506
3813
134
1624
9526
829
6370
6273
4020
6077
