4424
632
9536
5169
7377
7358
6641
4380
5232
3008
505
8451
696
1752
4099
2018
5183
6660
7814
2632
411
7668
9874
5219
691
6409
2945
6808
392
6399
2836
6100
244
6943
51
2861
9866
3564
9699
6297
2894
1529
9110
1861
8898
399
4407
2252
7554
2941
887
8155
9625
385
4651
8395
6066
7961
1548
1865
3482
3533
2131
7988
9710
275
3306
648
3934
8233
6900
4779
5998
5223
8190
918
1362
1990
3295
7161
1843
5174
536
3046
6420
5521
3773
315
2467
5338
1638
3715
9459
810
402
2848
7849
6486
5541
9014
1020
2586
7548
2103
2839
1704
3779
4538
2087
362
8378
5890
4785
2321
9502
2493
8090
7833
7963
7784
7215
8342
2866
1101
2526
4187
834
1963
6430
9987
6568
4592
4730
6023
1544
4481
2604
1473
9051
3852
418
9547
4429
7288
3278
5682
5213
6348
7595
7218
2791
7968
4613
3201
8551
6130
5673
725
6352
5476
2789
4737
2236
7570
5409
450
4647
5518
84
7868
5397
1086
4387
4587
3844
4162
1454
3394
904
6897
3173
4036
8954
2997
7188
8189
6739
2145
6596
4632
3663
3688
8796
7255
9892
2033
524
1791
6316
9097
7178
5505
3486
2619
7174
6611
9719
9643
9755
2219
1555
1624
2007
7170
5754
2685
1272
3926
2882
836
2888
7294
4449
6041
6421
9215
4058
2639
6968
8671
4950
2364
1725
784
981
1467
2316
3770
635
1937
5859
5084
8951
8065
1698
4690
1178
2588
3733
7718
3539
1946
7602
2327
4653
3984
4727
9788
9364
767
6505
4832
4268
8818
6446
7043
3810
5401
8556
4263
1503
8554
2767
6748
8390
3169
1402
8881
5201
4089
7725
5128
7343
1572
2413
8824
5149
8481
1378
4446
491
8582
3566
2795
7788
9417
4564
5438
9294
4112
9558
3095
2656
8340
2756
2114
7547
5309
5509
3823
8169
3268
9557
3582
9372
6135
3602
3798
7281
4357
7596
7360
9337
7088
8545
6179
2389
9374
1193
9512
4071
3348
7429
1494
120
9981
5055
6719
3108
8502
3680
3315
1216
4329
9490
3961
4105
7909
3700
1132
3382
6541
4189
1911
1487
1642
4302
6317
7056
5032
8589
468
3679
1223
5716
4321
634
6919
4827
4411
5648
5638
4797
6656
1804
4498
6277
6492
9135
2797
3518
1072
9602
8565
8739
8456
7693
206
8959
3669
9074
6356
2754
8216
8353
1719
3561
8911
4473
3279
8711
6733
4686
7096
8352
2214
2456
6802
8947
4266
5307
7606
4227
4098
3087
8339
8123
5352
5827
3304
9694
355
3285
5439
5806
7240
8963
1412
5029
4306
2841
7720
5217
6278
2596
296
723
9980
6089
8594
3455
4226
56
6096
9747
8792
1331
6341
8093
7815
8431
5085
3979
4979
5911
4065
5700
4552
768
8248
24
6489
8540
6789
9163
7166
7115
2243
4157
9319
9591
1616
4542
6138
7916
2227
9971
177
4949
2742
6231
915
1809
8934
4970
7017
4662
301
6903
7774
1098
5068
3121
2708
9455
5949
6076
171
9960
67
