6661
255
4953
5649
1964
8529
1456
5363
639
4383
5360
633
6865
4709
7781
7642
5207
2621
5568
5244
471
9894
2287
1436
8700
2124
7372
268
7099
5536
645
2285
8143
8111
8882
3542
4689
2725
5259
4242
7443
497
876
4893
8992
2670
8002
5685
9934
4634
972
9923
2300
3183
4350
1660
9063
2791
7332
9941
7530
7470
4825
122
3098
2946
6583
6040
7917
6540
3157
6848
72
8866
2393
8969
2243
3361
9688
4800
9110
3979
2819
2041
6749
6982
6067
6930
885
5205
824
6482
3496
3149
5452
4839
2827
4721
8743
4143
5854
4604
1292
5929
8255
1357
1008
7480
7840
8262
3124
305
8910
1291
8368
3
7404
4876
4306
7364
1716
1354
1749
2928
186
5458
560
5054
6195
6380
3048
7941
5557
2509
8783
7996
4832
2303
2419
7606
2649
5131
7797
3616
6441
5413
6077
4181
4223
7374
4363
8332
2399
8844
1039
7921
3271
8537
9391
9452
9917
1220
1607
3037
9879
3261
7186
681
8083
1183
7249
2548
1700
8776
7788
1601
646
5144
1830
5455
2562
349
4014
7554
1089
2812
2333
6653
4313
3492
7775
3424
362
2730
4501
7995
5657
3238
4511
5761
112
2266
4563
2694
8847
6502
9138
2281
1744
9507
6347
3022
3718
7140
5625
5701
158
8818
8328
2001
2740
6505
1400
4880
5162
7959
9045
3217
6389
4183
581
2958
4345
3638
1624
9292
6413
9809
6127
8886
7717
1560
981
9963
375
3792
2698
7865
3208
4792
4670
8171
1385
4695
214
2612
9575
2489
2799
8965
5021
2913
6376
5337
5159
397
7855
7991
3588
8789
9105
5260
6373
3019
4565
8302
430
748
3026
5178
5728
3086
390
8365
6342
6134
9345
7939
618
3672
1404
4848
5087
6884
385
3341
5496
5873
3751
5024
1888
4283
6362
8162
3375
3248
6073
3216
5762
4891
9848
9830
9154
7118
3900
6381
4114
7613
5790
6937
1223
2057
6100
6488
7951
20
7801
2526
543
1172
2978
5200
5654
8924
439
3215
5246
8080
3456
8413
9914
2438
4884
5739
6393
9287
4396
9376
4321
5634
3621
6021
7429
1580
906
6031
8489
3291
7714
3570
3493
4943
3188
4361
6263
8830
6630
4398
5314
9405
8120
4683
676
3184
2527
3314
2183
4445
2741
6831
5989
852
6161
8249
7803
3383
5309
5116
6049
8836
4278
3926
5249
2282
2960
5584
649
1676
1658
9589
5104
442
422
5487
5835
7934
4719
8660
7655
4641
2674
4603
551
6550
7380
179
4645
5776
9562
7849
8873
6452
3662
7597
5723
6553
9582
43
50
1207
5897
5818
1894
3113
1395
5663
873
7528
4851
8571
1435
3438
4656
568
7830
3931
2446
1218
5991
8880
6079
3227
4418
6176
7492
320
7905
507
3736
8504
4898
4548
6640
7133
1519
1273
6697
3253
3494
2358
1662
6115
9362
834
8358
1309
8445
8096
8117
9919
2143
7638
3794
67
9797
3442
303
7937
3020
3702
7467
1892
7777
4786
9125
7094
2051
4644
33
8975
8963
3957
5146
3133
8540
2180
3450
2678
6663
7322
951
3810
1056
1387
1068
7622
1869
7782
2471
484
5225
4324
9119
769
3879
102
7029
2854
1432
7304
9157
2224
7592
2496
197
1103
4046
4592
2026
1390
9702
8735
2647
651
4551
3302
8240
6028
784
1883
9862
3798
1675
6510
5428
7811
1681
8330
1150
8034
8375
8601
2971
7048
9823
5852
9144
5385
1422
2700
5147
1956
7392
4601
2259
7850
1979
1446
4110
3521
950
7677
2776
1965
1704
3331
5622
3683
7108
7378
683
9599
3659
9769
8745
4979
4299
5394
4803
7252
212
76
1426
9870
9372
9501
6002
7436
8454
8126
7413
3765
805
3220
456
6917
8025
3981
4474
7152
6285
8655
8635
3633
9023
3858
3480
7877
743
3773
635
8991
465
3783
5979
9841
3929
7283
2159
819
5730
9464
4557
1488
9789
5299
4813
5433
4502
8589
9274
2687
218
6991
763
6038
1721
7564
4002
3453
4201
5316
1004
3428
480
5266
6277
2845
823
9814
5325
8007
9234
1491
4993
9762
7776
8674
5402
1971
7156
9667
4099
5369
6083
2043
44
3730
9333
5706
2272
9032
9086
5546
9320
153
8224
5767
9069
9695
9265
9640
954
1788
3669
3601
7012
1449
7277
6474
1693
648
7101
2038
591
6056
7067
3729
4774
9280
5829
9741
323
6770
5830
7316
8396
8896
5980
5941
7969
7352
1219
2884
8503
2229
3479
5589
913
826
1093
6133
2455
9828
5010
6851
2610
2163
4894
8479
9406
3093
6812
1017
3995
489
8469
9351
4047
7745
3720
8347
5382
9275
280
5441
8629
6821
135
2534
3000
8243
9360
3151
555
1862
1995
3762
4707
3345
2515
5489
9364
8234
4391
4646
7832
8780
6796
5161
2865
1349
8816
1670
2733
6345
308
6471
1832
6384
1771
2322
1701
9472
4298
3636
4595
4949
6704
2561
2765
8463
6910
1645
7251
87
7848
4553
1078
1000
2096
1481
5756
4101
9724
4678
6236
7291
5659
7861
8228
7645
2103
6069
642
8690
8329
6287
3632
2592
874
8349
987
8943
6224
9810
3211
7396
2028
1578
564
3555
2138
1555
6534
7869
9267
7676
9642
8045
2462
2901
4941
5484
7348
2654
2069
1539
378
2976
2498
3212
1529
6006
142
1459
6995
7604
1290
9160
9499
882
6612
4264
1189
3942
3520
4103
7074
2539
1177
7412
3564
6698
6320
892
3300
8563
3546
2653
4076
3807
185
4173
7724
1620
3716
610
638
8201
382
838
6487
8527
3132
9082
6106
9450
3613
8542
1042
6879
8766
1376
9370
6274
8647
6498
3549
4020
9740
4222
9844
949
8712
3531
4708
4769
8774
4858
8099
9932
9572
7624
5753
9768
1778
487
8556
8312
5887
3824
7044
8827
6833
6858
6822
3337
3977
680
5915
9718
407
5463
6166
1928
1762
9398
8934
942
5099
5230
7129
3856
3347
4249
4295
5521
1935
7972
2304
1957
9247
8373
3277
6614
2788
6012
8971
8646
2829
7675
6515
8185
8429
5919
7658
5817
8361
2806
9930
8990
8905
511
1850
2372
7223
1834
3229
4461
9631
1003
4354
367
3369
7570
6685
290
6271
7275
5757
3173
706
8439
9367
1910
3556
4602
7474
6738
3585
4938
7521
8159
6307
9270
864
9895
3013
5708
1114
3270
1518
5849
9102
7054
5061
64
9056
3136
5972
9035
5535
3218
5236
1638
2909
3642
4985
8750
288
798
5844
8046
4325
1086
3474
6359
4871
9516
6294
7055
1955
2613
6908
4852
4896
1269
1101
2998
6264
8440
1105
9661
9298
6010
119
863
1161
3209
5486
7398
1960
9723
3918
4407
7154
3411
4094
4289
8280
699
9775
8195
3867
7873
4647
2362
2291
1421
789
5836
8229
8032
8717
3423
7090
6061
6957
5497
4288
663
8711
6629
3756
6005
6478
2477
879
2359
9030
6477
3146
5519
7946
5906
7475
959
7468
277
3744
6594
6234
1190
2035
3107
4066
5392
1428
7605
1584
8420
3373
5564
8982
4833
6249
5114
9228
68
537
7805
7175
8353
5381
3003
9314
923
1556
4996
2317
296
2135
9173
5129
8843
5741
2039
8976
4579
2382
8559
7375
2184
9147
2633
6903
569
2965
9940
2449
2897
2676
3034
3260
2298
271
5702
3164
1678
8960
6102
8264
519
7566
3857
3624
7623
4606
1417
2984
5791
2615
6198
813
644
4281
7102
7461
7993
7909
1276
7301
5588
9295
2763
9744
227
7488
1546
4490
81
9704
4021
7479
7489
6318
5891
4771
6228
9052
8526
4928
4687
2757
1594
6883
5760
3828
6313
2481
9424
4228
7595
2105
2250
7113
7218
7337
7716
3304
4552
4911
3392
3726
66
556
431
2072
3566
6013
5763
820
7174
4238
8832
6660
9547
8062
1146
5492
5278
4828
7038
3342
9778
5391
8343
5913
9580
7471
6377
2216
4084
5019
1299
1920
5174
4362
2284
5323
4762
3668
2728
6257
8113
8630
9148
6909
6682
4573
4149
304
1075
1353
7516
1048
532
9884
8872
8392
4083
3511
8161
1699
869
1621
1452
5038
5833
655
6514
2240
9557
2586
510
2887
7144
3518
8518
5914
9788
207
5579
178
3025
1925
1766
5465
4087
3874
832
5689
8786
8278
5403
7884
7084
7328
7434
2371
3444
7350
1634
2721
4791
5290
4038
3088
7507
2233
3054
291
1712
8053
8805
3257
4789
3853
1860
7276
6197
8618
7891
4452
352
1741
3458
9859
2843
9118
1493
721
9388
7
4214
5163
6363
7289
8619
447
7509
187
737
2467
6877
3376
5628
7964
6397
8410
6253
1383
903
1838
2441
3094
764
9457
9153
570
4757
5257
7988
7532
612
4015
3912
7783
3975
3497
9393
9091
827
310
8366
9490
2719
870
1109
4541
3231
2205
6019
6051
5182
6762
8753
1953
343
7340
2552
6456
8394
7729
1718
8533
4465
3422
6652
3418
5804
8355
6590
8705
371
8727
860
2201
7318
4277
5164
223
4335
2013
7948
1816
8604
5239
6288
6695
8794
1002
5642
3791
5375
4600
8089
2155
4528
2802
7314
8149
128
4029
1903
9181
9800
9
4677
2903
7360
1923
404
1312
3961
4480
6575
5220
9444
4806
2182
6402
1318
6537
3091
4135
8632
7651
1814
4761
3476
2529
9935
553
1975
3654
9353
8576
6579
540
4090
4073
1487
9156
6356
1305
6137
4187
7799
317
3108
855
5655
3935
5678
4037
3628
4091
7212
2762
8458
4842
7835
1878
795
3348
1111
4318
3563
4013
2813
159
2713
4255
2016
9705
3017
2696
3081
314
1448
4230
8133
9899
7052
6479
1715
623
3475
6171
2995
6805
968
6457
738
914
5421
3288
3787
2116
1752
1478
846
7498
1517
2985
8314
1954
3080
6554
5181
3115
1213
3782
3339
1393
5525
4489
9010
3670
1535
3407
3982
4494
3393
6524
7681
8923
7045
6745
4684
4584
4720
6989
7309
3192
8522
5567
4612
334
5703
5075
8792
4
5676
3510
1941
4954
7010
7702
3018
8248
3066
297
8644
756
4655
6327
4340
1998
2004
8339
3015
410
4485
1225
6895
4997
2276
6209
6552
1568
4382
5454
7666
1329
182
6947
966
6772
4921
232
9021
4667
9816
28
8814
4287
3725
7602
99
6267
180
51
989
5515
9761
4092
2235
8298
2203
7978
3611
2681
6252
6346
6718
4883
2379
9237
7660
2176
9244
7773
786
5785
3653
508
7286
8823
8191
4918
5729
8028
2563
10
2660
7106
9297
6601
3968
9336
3239
499
5787
4788
7123
6886
125
1918
9497
4140
7535
8795
5974
6391
2686
3201
5169
7086
5614
9152
2542
1006
5405
9674
389
6045
6455
1209
6293
2692
6684
6008
7997
2688
614
1705
6251
4838
2990
2431
1247
895
9872
8759
5572
7487
9991
1179
5488
4962
1932
5179
2636
8972
7325
8055
3169
3911
7300
5426
1633
4246
9714
5039
3165
5288
5970
8669
9146
6967
7760
4479
9818
7105
889
6985
3749
9423
9791
6489
440
2750
3987
1867
4195
5669
2811
4059
2598
7864
4866
483
8499
17
6907
9598
3544
7758
6194
4554
5737
3673
783
1304
7523
3075
2847
7843
5217
492
9460
1335
5662
4311
8517
98
8307
4785
9195
8372
9303
8819
2338
210
4193
353
9849
164
3674
8198
3998
3576
8612
8144
9864
6934
7918
5961
8577
3415
2483
8578
8166
3349
3241
1346
7699
9434
73
2779
6681
6334
1467
47
7779
6110
2102
7814
4064
993
6902
7177
5909
6217
3024
1296
2528
1502
7191
1768
8226
712
8088
9937
8294
9918
7875
2434
7262
150
5871
4258
5003
5284
1755
5340
9804
6878
4142
628
6355
3293
23
3344
1603
9592
4341
9259
4512
2433
6868
1123
6843
9000
9650
606
4334
588
6969
7722
3137
8064
9798
8461
9721
771
7706
6088
7977
2230
9420
4715
2892
9781
1278
2953
6470
9834
4955
4130
5302
4487
7576
8448
7755
9167
8501
3210
8405
4471
5789
9433
2605
1494
8100
1707
2101
3030
671
7828
5373
2560
7515
8008
8859
3658
9253
7822
7890
8438
6302
6574
332
6623
6771
3073
917
8125
9969
4538
2772
7450
9310
366
5435
3478
248
