4371
8530
5853
552
7962
689
2163
1020
8349
7318
6878
490
9436
2036
7908
6508
8248
2342
6504
8554
4890
3427
5015
1110
1333
7366
1490
563
9107
7016
3236
9754
615
5663
2767
4661
3025
4625
6793
9686
9746
3443
8823
243
5855
6525
1183
1412
6116
1833
7482
3386
4893
2677
4358
1040
8760
7881
6569
3012
7451
1689
1364
8144
5062
325
8768
3749
9378
5939
153
2880
5112
6035
3039
6310
8847
9885
7137
7689
3888
9352
7208
5903
688
1607
7407
1425
2024
7061
9024
4853
5879
6865
6588
9001
1457
8862
7607
5310
6078
6346
7256
2192
7241
5464
6406
4938
6864
3515
8594
6848
1485
8544
288
6241
746
643
5923
412
6699
870
9174
3530
3405
4955
2388
8060
7923
9080
6271
4284
8
621
9459
3350
8106
4169
7818
6328
5629
9404
8504
6617
9056
7429
6518
3659
8615
3143
5810
5845
113
8100
3547
9236
8629
8827
297
7645
1466
657
5493
6873
4085
5435
1590
2906
5673
3806
5947
7144
6042
1841
9051
7546
4933
5289
468
8879
5342
173
3550
5293
3413
6667
1044
1540
7227
2686
9679
4978
6420
7568
887
1830
448
8813
494
5794
4627
2549
3897
4995
677
3378
2776
3068
9814
9869
3653
2962
2208
5309
2445
1563
201
1541
7922
2129
1955
7200
6114
655
2608
4216
5035
897
1637
9416
1039
2845
4137
2929
8639
981
2298
7981
6236
7606
5074
6881
5104
2482
1239
4876
2642
7755
652
9541
2941
5668
8407
1916
3785
2317
6344
9794
8453
384
7734
5884
7106
1971
339
1614
1557
3376
1723
4805
7113
7776
9536
7300
2289
8323
1460
786
7320
1222
816
9046
627
8268
4623
9890
5815
5128
9858
8232
566
1558
8901
7008
7999
3856
2175
4279
5687
8159
1477
3616
5290
8231
6229
4018
9489
9209
3959
4539
7343
6961
4484
954
3909
6354
948
6664
6861
5409
4608
4321
8662
1738
7247
6576
5628
353
6137
7587
5380
6001
4763
419
9785
3042
9471
2429
1897
6897
7867
9122
8919
4143
1778
2277
6457
966
2862
1529
4783
1983
7496
4114
8011
233
4953
5615
3817
2260
8577
6965
911
4903
5766
1539
6290
8932
9683
768
1401
3771
2380
3917
9488
6481
3004
6989
9048
6755
5163
6127
3277
9499
3247
1906
968
9106
3556
3587
8988
3162
3340
7889
2878
7753
9757
8673
6083
6163
7286
1436
2772
8664
4898
3525
9801
4196
2979
9093
7269
605
6671
8065
1343
5011
6673
2755
2248
2334
2185
4360
4993
3641
6552
2759
724
2765
9335
7161
2753
2072
4579
1112
9026
9246
1274
5432
7297
8436
4576
6626
6895
2702
5757
6510
517
9953
8982
535
2496
2625
8013
1370
2963
2774
2114
6458
9909
1375
5204
3896
6311
5936
8482
8806
2040
68
7005
7478
6126
8295
9533
9594
6708
344
3808
8497
5026
6049
6426
5661
8345
7438
8993
7077
3851
598
9101
5042
2463
1510
2044
15
6000
9828
7306
8697
7375
6277
2547
4764
6387
2523
6688
1060
3579
1870
4927
9567
213
9224
6103
5444
5984
7307
1323
2966
9789
6402
994
3594
1549
1077
8701
7905
3607
5452
5966
1257
4178
9970
9956
1293
8075
9652
3723
3309
2797
1072
1662
336
4226
3269
1041
3849
4004
4384
3288
6492
92
4648
9994
3651
4537
4187
6480
7544
5190
5627
2023
492
6089
7038
530
1591
3179
5648
4466
9599
1195
3688
4253
2396
5722
3462
8608
5328
7310
9202
2564
4721
4124
9535
9898
4275
6024
6943
8351
6414
6541
8846
3393
2837
8297
6563
5394
7848
9413
2537
3370
547
5518
1048
8180
9897
6854
1109
283
3010
2571
511
8201
5553
2354
5226
4258
1387
5408
9092
9065
2836
9581
8952
4946
2227
479
9470
5467
6130
4210
7177
8344
4356
2961
3301
7436
8610
3875
4845
1244
4170
177
8133
4610
2346
5327
7669
5893
8522
8979
1295
7468
773
8964
5643
7537
3990
1132
3037
7868
4618
5469
3139
3343
2660
1107
6498
2798
7347
274
9766
2418
1150
2516
6832
7231
9983
9005
358
4663
7719
3605
8104
8563
3451
9322
4432
6342
9656
976
9241
8507
2768
2148
3869
7250
2142
7191
7198
4141
3097
1825
8168
4111
5848
8573
1683
1597
899
1003
2542
69
6219
6497
8288
9091
2048
1258
7424
2897
7847
8189
151
6118
2077
9373
3683
8307
6919
2745
6197
1494
1226
7702
1278
1989
6984
971
7395
6695
2318
1321
4886
1087
4837
4923
7410
7381
8451
3003
8400
9537
9418
6635
3346
2325
1508
8278
5520
5981
1479
806
2120
2730
6278
3303
1135
4021
8858
5347
5302
5335
2459
3093
1715
6472
7258
1854
6825
1360
1879
7729
3047
4911
9628
6228
6073
5503
4521
7510
3549
3573
837
2437
2180
2972
3172
5303
5631
2502
7772
2527
4769
2021
7028
2522
8314
5747
8510
6916
1997
9997
5013
6734
8050
3133
4285
9057
8766
8171
5017
9961
1543
6600
8856
6009
7081
2494
3098
101
5008
7188
602
6733
8826
285
3166
2701
1905
1204
5737
1671
7578
6358
3313
7643
8607
3630
7472
7969
3711
9310
3831
8775
993
635
136
3430
7491
4970
7094
7808
4411
3260
1935
6597
2284
9777
8555
359
6524
6392
2099
823
5316
2037
753
4290
7823
6824
8093
4762
6390
3336
7176
4052
460
8396
9477
4449
61
9069
4376
7630
3636
807
1667
9073
6015
6076
1855
3580
6063
3111
3535
9709
3999
8271
7483
1223
397
5223
1381
5918
4144
3665
1191
6190
984
452
4221
8975
3274
8765
3914
6180
5106
3853
4152
4533
8464
263
7992
7312
2781
8070
2387
8894
8493
519
4730
3276
1108
2846
8643
9204
5823
1756
9826
7574
5540
6787
6911
7567
6043
229
587
2911
7166
1231
7661
5963
4574
4465
6468
8740
1430
1679
7271
1569
582
3929
8308
4545
9438
6519
8884
2916
2792
5801
9047
1872
8040
5125
9392
4524
2087
7706
908
709
1577
9002
9972
9637
3995
7459
8954
8637
7838
