9433
8323
3050
671
481
63
9963
5925
7379
7645
6449
3539
7507
8613
5905
4522
6487
2560
6580
4788
2047
7328
1255
3497
4593
2731
4691
5426
5401
4646
6762
4466
6351
4385
1280
227
513
5758
9048
983
1868
52
803
5749
8201
2555
4606
6472
4479
5158
79
44
2653
9126
5439
9518
1524
4192
9674
1945
4214
8229
4514
8599
3098
5980
8332
5321
7084
1436
8570
7560
2695
6674
1467
3161
6761
5943
7784
4307
4091
3188
3825
813
2646
1847
8252
7296
9130
1818
6518
6745
267
4141
4152
1971
1338
5474
2129
502
7514
6604
5796
3037
7839
7307
6653
4473
9536
8038
4998
9371
1840
3391
2787
6530
7441
6974
2879
1379
7567
475
6332
9807
199
7740
3246
8409
1141
4728
6015
5685
9476
2302
1357
9751
937
4744
3480
3255
5647
6665
525
7775
4767
7300
942
3156
2528
6383
7281
4124
9270
9704
6720
1569
6126
4567
7715
9210
9796
914
3394
4395
1931
4877
2341
1595
6168
6504
8542
4469
4404
4103
3798
496
2362
6319
7981
3312
4844
2061
9829
9214
3641
6318
9988
6850
4938
4020
9227
751
8750
8835
3085
3289
1418
4025
4145
6916
9894
4150
9191
6020
5088
3679
9928
2910
8279
7342
5787
9673
2955
3610
4528
9461
3051
7361
2207
6496
895
9243
737
8195
136
9352
5156
4397
1221
4326
8561
7456
4108
5763
4884
5135
1040
8851
7483
684
1704
528
5287
6657
7590
6527
9087
7669
3211
7988
3097
9734
2945
994
4688
1389
505
4656
9320
7915
1415
4360
9368
8818
3988
602
5442
7096
375
343
5743
9560
879
6368
599
9451
2459
2872
2293
9892
6692
3110
1111
253
3393
3259
2332
7433
7344
4747
3295
7144
7434
8700
5161
7286
8375
3697
7765
5794
2663
7207
3819
7524
8618
6120
2648
5945
1844
9964
3280
6652
672
6959
8697
9460
901
6910
4342
5467
6479
6986
4184
7572
7267
3180
8351
9229
8347
263
4900
7282
730
2543
7799
6907
8365
7337
8171
1736
7240
1128
4840
7962
2655
6706
4637
2572
6359
3065
1256
924
4894
9335
2842
7112
3526
5982
4983
4679
4873
2869
1731
5259
6517
445
5762
7259
3694
8232
6037
3633
183
3522
7929
2719
4155
5173
7925
1386
866
3049
3210
1388
1839
1470
3564
9220
5567
5584
2081
6138
7027
4067
7890
5656
4278
4689
6363
8859
8747
932
6315
5542
592
9505
3336
1065
7054
3516
6680
9831
5892
576
1544
2713
3930
4359
8419
9050
7001
8055
9651
4786
5196
7891
1025
1486
134
6337
5125
8748
8122
9955
2681
9786
6642
320
3291
2929
5374
520
4325
8497
29
1728
1459
1944
8665
2001
248
1028
339
3742
9247
8041
7101
8381
6062
4506
8358
3467
2562
1556
6227
7436
750
2257
72
636
9200
8650
6884
1987
3297
4794
3248
2567
6646
2738
8727
869
216
9189
810
397
6536
3698
1247
8538
4826
5538
7108
9821
3427
4881
8160
7353
7482
4432
