9262
1133
2117
8160
5468
3102
543
8444
7475
974
7733
2579
4564
4075
8118
2223
1094
3926
1966
6326
4899
1993
2716
8157
7804
8145
4888
8770
4664
5351
7938
3869
5398
7864
6137
7271
403
1044
5533
3930
964
3221
1118
8741
4236
786
5280
7200
58
8929
3709
3309
3830
9774
2255
350
1949
1087
5036
1503
8949
130
3384
5003
4957
4081
4828
8175
4966
446
5333
8217
2480
2994
5657
9988
6356
5733
9255
5064
145
4187
7472
7463
8798
2209
9196
2277
4988
1619
590
1297
5325
4636
2047
4756
5756
8696
4456
2726
62
3369
1373
6291
6878
7666
5357
1098
9659
3130
7506
8540
4980
4684
7357
2215
9789
9405
8354
7878
4238
7331
2531
1646
7836
1250
3834
3445
1669
7092
5227
4102
8987
8214
2837
3894
5061
1814
2070
1314
254
3938
1550
1752
6605
8269
3132
9629
2027
1337
7498
9087
2869
1190
5774
560
5429
7216
1136
9851
8323
4252
4219
4707
8792
1075
7265
7113
9869
6288
691
4154
9943
4113
4869
5498
65
1564
3267
9359
816
3665
9264
4616
6118
5780
7724
4123
1324
6301
5031
2816
5221
6463
1438
4361
9771
2750
7478
8382
2042
9619
8037
2922
9390
4895
1209
1007
1774
3284
486
6549
1647
6011
739
4260
2238
6797
6964
5080
3431
1026
2668
6374
5989
8889
6720
195
5097
3144
8571
5309
1296
8312
3573
3179
8065
8262
7946
6042
1765
6810
9377
6448
5260
4528
859
7962
8966
5089
5908
3205
7408
1953
4302
2983
1887
9347
4438
920
8411
6751
3387
471
3064
6972
3040
7227
4603
9171
1838
9447
9985
6332
9958
4239
7886
7518
4590
6971
5675
3279
8857
194
3729
5843
1728
6143
7661
1950
3425
4139
1
1709
8511
4311
1535
2124
2832
3051
8293
4754
3792
553
6620
3368
4880
952
6712
1088
9217
239
4736
6331
4539
5583
346
5789
6684
5340
3602
9669
152
8597
5132
6016
3837
9426
775
9518
73
9344
5060
5394
4040
975
9435
3373
1369
5179
6621
4292
4131
5056
6704
4843
7189
2468
3832
5540
3654
3720
1544
2232
9634
3638
163
3584
3336
9289
2528
5470
8274
2200
3641
7206
7237
1036
1387
9257
1629
9371
4841
7031
4476
2676
9033
7975
6299
3146
4561
6152
4469
9808
2599
7730
6438
5303
9655
7230
7953
704
7910
7896
2306
6824
8324
8941
1888
6719
7242
2323
6287
354
5688
9215
8085
603
7648
417
5267
9581
8142
7076
6413
795
9652
7251
1268
9081
634
7865
9933
3804
1240
5039
3038
5568
6593
7448
2339
1153
4094
5324
9895
8162
9618
1099
56
4005
9912
5727
4437
7656
7966
5065
4417
4516
8011
5604
7037
5241
1650
3839
35
962
3777
8341
3443
9321
4457
7682
7268
9785
360
76
3350
4250
4846
1325
8514
4505
4623
4613
4840
9580
9383
7591
4215
8475
7801
6289
3367
4183
8105
1452
7854
4728
8289
7180
7171
9140
2670
6937
1586
8153
249
4825
1027
3626
161
665
289
1687
1635
63
3002
9904
5637
8336
9008
7581
1392
1285
9418
2057
6706
4608
9131
3969
7585
9919
1701
4632
3223
9413
4377
9631
3415
25
7432
4504
5149
9775
8346
2618
7446
732
8886
9632
2555
4143
7939
832
6626
6186
3446
3677
8216
139
7905
5975
1315
8279
1811
7161
2901
6814
2951
1423
6897
5958
6363
9304
4247
624
5771
6623
670
8184
5581
8793
6392
8152
80
4288
288
3238
7750
5678
5897
1135
6774
3514
3717
9640
4565
1921
8022
4985
2248
4354
5620
3932
1880
499
6739
6724
8900
664
2532
4830
1525
7793
6381
6579
9801
5923
7840
2721
4585
8799
8599
6308
2494
3195
8668
5304
3819
1692
4068
1657
2982
3361
5704
3670
2684
9155
5028
794
1274
2191
8373
8351
9382
4170
7834
681
6852
4340
8480
9470
5342
9752
4419
9409
9886
8246
4350
583
3968
3639
3917
5301
5960
3862
6828
1992
1899
391
6281
645
7900
7362
5864
8871
7772
3042
3359
7414
6795
3426
6409
3803
7844
661
5211
9311
6403
1200
9245
1266
4697
5788
4209
2595
2218
720
3370
9204
6651
1095
443
7179
5968
93
6345
9510
7262
559
9225
1909
4668
6315
5686
5493
9296
2355
944
4253
2924
5094
2900
6006
1531
9242
746
1429
7104
5234
4478
4692
6064
7559
4242
7022
192
5786
1168
1138
5844
1345
4624
657
6959
8433
6197
4587
7783
4269
5791
7098
3163
7945
8743
434
2701
4261
1352
6965
8296
6666
211
519
2368
4147
7283
285
3330
9782
4834
3759
5068
1718
207
9199
3136
1299
7300
1374
4917
563
9400
2476
6904
8967
4047
5141
8498
109
4832
2591
8769
7608
1489
9098
7253
1340
4569
3635
9889
3227
6119
6682
7132
9486
626
2061
2768
9419
7659
7602
3529
4459
8575
8796
4577
7330
3993
5532
8978
1668
2663
4390
418
7204
5418
9367
7366
1934
1215
685
5411
6252
4289
3604
8436
6224
5235
6933
9762
6198
3712
8391
2905
2214
3126
1446
2464
5397
6242
9229
7817
7413
416
3401
7514
8586
2360
5009
7547
2308
6335
4087
5836
2698
7605
7784
2929
1173
97
7059
3901
7070
6100
1962
4191
9929
7342
2625
2744
4996
2566
5291
1968
5889
2373
4035
2849
3011
6879
1761
2178
1141
1366
2753
4278
6112
7851
1126
9504
7901
5209
6174
9130
1326
1071
3915
9068
4307
7845
6036
3366
9056
2325
3912
8377
2880
3824
6130
2353
8225
2641
2741
6063
2094
8908
3981
9055
8672
3827
1031
3464
1722
1399
2105
5071
4339
7444
3241
585
8311
642
8982
3095
2052
3676
7088
9653
4573
4677
4344
2580
1998
4299
4319
6508
7014
5407
6047
1781
1855
3907
8221
3582
8971
4492
6581
5255
4877
9126
2584
3338
8468
4248
651
5961
382
1332
4867
1532
9174
7114
4856
6604
2706
5124
9879
976
3078
9846
6790
2774
4196
9428
5666
4875
4589
5450
2292
8561
2980
2315
9650
5130
2342
2804
23
900
6414
6195
6655
8335
9636
846
8794
3395
2235
2742
5220
5985
8997
817
6450
3568
9575
2931
5888
4097
4659
72
1074
973
7837
357
5592
2812
2602
6715
1676
1686
9028
1362
6977
2781
8250
9562
5500
4257
6222
2430
8491
792
2915
9118
6652
3512
5898
5472
6417
9578
8846
2366
2371
6444
5626
761
4362
5848
4639
5698
591
2245
9487
3946
8200
9638
2395
4059
9045
5721
6636
1238
7029
8596
7739
5798
6084
2331
1742
6283
7225
4460
9060
6711
7824
9042
8645
5684
2690
9365
2572
7447
315
6115
6925
5310
3669
4284
9814
5361
8116
1563
9712
9530
2990
8823
5481
5391
5403
7116
5285
1836
5550
8033
4429
9399
5598
4208
9298
4229
4495
1413
8867
791
8801
34
7976
1582
7799
9136
377
4428
797
7595
8797
2567
2689
2762
1812
4538
8774
7509
1239
8082
5229
113
6217
2434
1054
4710
5319
5240
8146
2681
9284
6072
6857
1675
6350
9573
8053
9440
2809
6539
9587
4128
911
8328
2661
6203
5814
3398
9991
7441
7274
4204
4712
2239
6058
9492
3300
5992
1123
8086
9527
59
8448
5855
8584
9358
4833
6401
6517
4925
2458
8677
2748
1509
6214
1567
8281
1140
2908
9835
1005
9223
5451
3910
334
886
3379
3831
3952
890
8489
4295
8972
5932
9464
4870
3271
8502
8940
2309
4694
4954
7826
64
9063
129
2436
1351
7871
4663
9287
6645
3660
261
7112
9776
5176
8566
3598
3933
9085
3247
7989
1712
4990
1956
1873
3388
281
1465
7452
4595
4791
8267
335
1189
1347
1883
2017
8630
849
3997
9607
5862
7128
6225
6558
7534
7582
386
2479
332
1604
6744
8841
4107
2363
7952
1474
971
3052
2486
2053
1905
7695
4074
5680
2950
1059
1432
5890
431
9880
5337
2069
9725
9025
2076
1529
4046
6176
9567
4669
581
3689
5274
5936
3077
2568
2150
1986
4335
6284
2293
2736
7679
7278
2189
7732
5314
18
2422
37
6693
7960
3439
6239
2529
1861
8805
1447
7139
9741
3600
7785
8381
1549
5452
5446
8850
4610
2333
1930
8089
6437
9815
1829
1114
2629
2478
4394
637
3945
7551
3059
1393
8653
6373
9299
7136
2836
8838
7213
3888
5781
7597
6314
8190
6833
4943
6387
986
2174
5793
3120
1043
1191
8673
7181
2669
4083
5058
7456
5334
1367
1344
4638
9999
4013
8074
5356
8500
2517
1155
9485
2177
8429
3116
3858
9585
4829
2258
9709
4336
6366
4983
8532
9224
87
3580
8874
6278
7382
2003
5121
1334
1104
9089
970
4193
8222
6584
5530
6341
1733
490
8910
2648
1247
2429
6002
6128
784
9551
3033
5911
190
2484
1179
2824
1107
7247
8554
4052
9018
6534
8416
6318
9100
1791
6268
2210
819
191
5414
6029
6902
9484
303
9660
6446
9719
9292
5736
9031
1724
31
2182
9445
9708
7071
606
756
709
5224
9267
1057
1772
7155
5490
4455
6815
5317
9110
4406
9983
7388
3877
2560
5006
9922
7555
1900
8933
9256
7673
589
44
2424
3490
9340
1845
9403
3253
396
5708
4661
9600
4709
8706
4920
9730
6436
7778
6766
3020
4255
5670
7281
8777
225
4987
6052
3909
3902
6410
1105
6008
3341
1749
3375
8710
8699
3936
7965
5661
3608
542
5307
7816
9159
8660
6821
5643
5459
1552
7788
7670
8124
9749
99
7138
5296
7256
156
4533
6475
4808
6439
4757
658
3811
7228
6628
7576
2254
479
7434
83
2745
3079
5845
440
3058
9723
4883
5048
5872
2118
9436
464
9050
877
7743
5920
4280
5261
3418
1750
9209
4912
8666
8693
630
9830
5594
4370
7843
2654
7791
6855
2066
763
2307
7808
8675
9378
9721
3524
5496
1616
2502
8819
3764
5904
2810
1383
7507
3742
3829
9439
7096
2665
8825
2295
1982
6896
4526
2767
2489
7895
4686
5206
7001
1416
197
2104
904
1877
1571
8747
5913
8594
174
4946
8213
6783
6231
3031
6144
4146
8479
7745
9979
2649
6502
5417
4477
7126
9825
8791
969
6932
5262
4188
1528
9488
8126
6566
8185
6525
8485
2423
9617
8775
4315
6181
4599
3609
2623
9606
1053
453
6364
4971
1422
4407
8860
4387
7235
40
7123
1253
4328
427
8387
4303
7124
5104
6953
7677
9058
854
9856
6178
4165
9366
8876
8313
9980
4626
2565
8016
1197
621
3540
6659
2477
4173
1828
4024
9682
9125
7176
7391
3818
7570
5000
678
9438
5020
1936
6212
6099
8067
6950
9696
9945
7020
3360
6573
3661
2925
3950
4641
8189
6078
6192
8655
2819
7870
4436
3963
5870
947
1259
7289
7443
8353
5658
4004
8041
6792
5931
481
85
9707
3254
4530
4963
3971
9449
4741
1587
5083
4345
1292
7386
316
876
5299
6421
8308
4364
7437
2140
1554
8701
3988
1502
6846
8815
6548
3715
1773
643
5090
1853
8056
4172
2316
7150
8803
3835
918
3701
1457
3496
3708
2329
1156
8321
5930
8977
9541
5813
9767
5420
5732
7642
737
3219
4823
1219
484
7397
3428
101
373
3593
7625
6949
8177
1349
455
1333
9015
1972
7983
475
7616
7470
1874
9970
5995
7940
2446
5331
7767
9489
996
3185
6347
1449
3396
608
9793
3344
5497
754
1626
2839
4207
2875
5600
7950
2585
7277
8988
4484
3287
6836
493
8541
6026
7485
5171
9635
5627
7809
4221
4752
1857
5258
1985
6660
6505
7520
1850
147
9733
7835
4435
7412
8577
5607
4274
5485
2314
9263
5042
5534
5069
7398
1279
5344
7621
7238
1653
6166
9711
2321
3186
7233
2703
6023
9792
8383
9855
2589
6741
2968
628
3043
5264
814
9698
7571
7516
3840
2797
2386
3202
7201
2396
415
1184
9175
8720
2947
9597
7771
8771
98
1601
9216
3349
5306
8439
1243
5803
2349
6035
8916
5978
2919
682
8495
3189
1572
5934
8622
8458
1199
7368
4385
7512
956
8947
9651
1276
9649
1957
4909
61
2757
1866
7185
1995
2001
8449
81
5587
3793
7094
238
8915
9978
3942
7955
8111
3211
4199
5690
2230
