1496
7785
6153
6666
7870
5167
4820
996
2673
472
8431
5341
5641
4848
4677
1057
5397
6492
3810
1705
1195
3788
8467
693
5200
6595
771
5146
459
2476
1947
8453
2741
1815
2090
6461
4272
2988
1871
7473
5620
6214
489
2472
2866
9983
2358
3784
5961
7397
5006
2003
6790
7131
6965
881
3382
8372
5545
6441
4748
348
4021
8019
234
2471
7281
8093
7085
3723
5297
7120
1554
9532
4491
6566
339
3857
6697
7253
8219
455
4575
9907
7164
7526
2531
213
6628
3651
553
4
7864
544
8567
7519
253
4005
7074
7443
8842
8257
9628
6891
6472
3208
912
4631
4690
6306
4118
6733
9403
3272
1221
1833
6525
2655
7582
9789
5838
3336
5183
7420
5504
5214
6125
5076
1949
5256
9544
5102
9944
1796
2705
5804
8455
5951
828
2681
6659
1703
933
4622
9890
8521
3749
439
6365
2436
4257
9813
6022
9369
3213
9524
5945
9680
5992
2728
1599
6487
6119
2164
463
1002
4135
5933
9888
3842
8116
794
5932
9285
1202
7159
7407
6292
8754
8117
8898
4175
3450
7778
7376
3252
8294
6128
3798
93
2799
8305
3219
814
6072
9334
2806
9586
1077
6169
5528
5802
294
6101
9553
5177
181
3459
4123
7239
688
3428
8797
774
4947
1507
8028
3964
3198
2700
8003
4849
8239
6815
8378
1566
3697
1726
9794
2023
7061
6319
1630
6285
9008
486
7288
4364
4623
6404
7795
5133
1315
5507
8744
9091
7209
6740
4270
4616
7698
8210
5369
1431
7662
3869
9022
5272
8657
4202
1830
4007
508
7301
858
1526
4193
8943
7722
2636
2180
2958
3705
7661
7166
4121
2970
8171
4529
4074
3945
3608
2844
1785
1744
7688
8061
865
9844
1661
7268
4493
3433
1370
5136
2633
4212
1653
3731
5571
8736
8334
2369
3331
8621
5189
8088
5164
9812
2851
6734
6729
2145
8980
2089
9515
432
7759
928
1320
2154
3080
8607
9573
1873
612
2551
6937
2533
196
5351
7267
8718
152
6112
578
5889
1388
7705
4936
2916
980
2923
6873
5768
3406
2116
4168
3778
6391
5279
3610
4821
4802
6266
106
2951
4621
2517
1718
8743
449
6400
1867
8510
2530
7081
7152
3871
3246
7783
9738
286
7005
643
3319
4822
4088
2037
7205
3627
2762
3151
371
6586
3489
8535
4010
7098
9141
2149
2483
7861
3660
2437
7676
2
2783
5537
8942
6824
6951
8487
9889
8869
6508
5888
2148
289
8572
8617
514
4176
3658
3570
375
156
9982
5760
5967
2550
1114
2850
9743
6761
3146
1605
6963
4157
4147
772
4274
8934
1335
8655
3094
1775
9466
292
8012
1049
7892
6450
671
5939
2275
7113
240
5608
8829
7819
8271
468
7964
222
6900
2998
2738
4149
8214
208
4086
2317
9373
9572
2051
4550
9684
488
2246
5245
3814
8296
9354
1285
3310
7848
6506
1164
8926
5883
8475
7712
5508
6367
4337
4668
1779
5246
837
1479
2680
461
542
3301
125
5415
1082
2936
6494
