3597
5697
8524
6078
2528
7868
1016
150
2141
4501
4356
7160
9753
5619
6404
4416
1142
8004
5032
5790
4630
8426
4716
4341
7652
1283
1615
6195
910
7421
108
3901
3850
1956
1715
1429
1202
5718
7778
3326
7625
4165
1270
4396
4062
5608
2093
8510
149
1719
7124
5268
4902
3463
244
1780
5732
5711
992
7436
5624
78
3723
4433
4131
4745
1319
2769
2469
9746
7209
4330
6391
4160
5333
5096
810
4378
7346
5726
8471
5512
6753
4960
7905
4802
2867
9540
7085
715
9396
4531
3983
720
3688
8199
3854
7088
9802
8356
5810
334
7739
331
7226
800
106
2502
3131
6627
4843
1939
1286
1234
562
7837
5317
7841
2361
3810
297
2438
7946
5083
761
3237
9755
961
8647
7175
5197
4130
7524
972
9938
6596
1687
757
2283
5335
7959
1869
3796
2468
6313
8575
7810
2633
2584
6047
7920
8541
1520
713
1231
2310
4183
1824
8220
2455
6708
7295
7285
2187
225
2001
689
2614
8334
4922
1929
4546
3617
850
9911
9742
7366
6601
8492
1842
510
1518
4676
9007
4311
220
5005
5505
5341
4321
9147
5209
8854
6296
9053
8691
4952
1796
1206
2888
