4030
5758
4210
3646
6180
733
1818
3917
6991
1664
6645
2987
9031
1489
4720
286
6042
7607
2461
1801
7269
6064
5359
5455
6816
5589
571
3337
6145
1169
6349
8064
242
5792
355
7625
9139
1233
5645
4252
9248
2364
8427
9536
1925
9332
2734
1294
1011
5899
125
140
8120
1943
221
943
2763
7547
8776
7602
8431
4378
9326
4137
1409
9350
4244
9693
4632
6218
8399
6276
4249
229
4178
3108
9371
5682
2493
3009
4978
616
6607
9920
6910
1561
3853
1758
6859
6969
4991
1031
2285
877
8861
1956
935
8697
8301
7689
3743
9570
7603
5089
9718
1817
1487
7266
8527
4645
4005
7783
4184
2368
3802
1452
5372
9730
2280
4447
5152
8479
6935
5169
6577
3269
4155
1685
9063
9369
6891
442
1461
4481
98
7538
2610
6037
9045
8584
2783
2571
9362
5729
7029
9285
1991
4912
9959
7641
6352
3265
3491
1677
5941
5323
6464
3534
7957
8168
9514
3153
9595
5466
6533
805
1155
6644
3773
3271
482
2201
1328
952
3939
6697
9928
6331
2992
6689
159
6537
2507
7250
2268
5933
3611
3111
35
7962
1678
1123
1279
3723
1521
5369
5954
9637
8400
3973
9135
8004
8256
8420
7870
9262
8904
2598
8163
4687
305
2101
2502
9
2298
9853
2423
4710
1821
6561
9807
3868
2047
5569
6888
4525
8312
3960
5897
1480
4170
8460
2928
8965
1125
6226
8785
9648
1111
7841
1179
5420
8923
7672
930
8050
3114
9641
8201
8421
9229
5616
5489
5281
7794
6071
6918
2347
6681
645
7863
8632
1670
8493
7857
6087
9073
5608
5143
6664
3399
9425
471
3585
8414
5364
5399
4267
8954
3115
8073
726
8119
9832
6815
5311
8135
8826
4535
827
9314
1060
1226
1532
4674
5554
4387
2762
7885
4135
30
5025
2591
5935
2425
4521
9504
6535
9244
2908
9011
5801
2403
4802
248
5516
4944
6328
1717
5496
7207
4206
5664
4964
2186
4449
9519
6845
3866
5468
3894
9013
2100
2889
9893
3579
8179
9665
2839
848
9065
9581
8846
8676
5221
5474
2272
2934
7418
4205
331
4347
2778
3310
4501
6111
5590
4941
706
8481
7822
3387
3260
168
3480
903
9739
7657
5813
7975
3084
5956
9662
5611
3826
6930
4554
6258
9887
6672
5920
4011
4426
3850
6498
6211
1506
9222
1229
4889
1562
9463
2915
3035
6467
5199
3054
3561
6982
5234
9740
4353
7471
3224
9836
6726
5580
886
1699
1986
5934
361
6807
4765
6534
8030
3264
6127
1551
5676
5204
3122
638
6123
3775
8500
960
1738
1050
6011
2888
6850
8674
8078
452
6558
9158
9156
3837
2685
8351
5471
2524
4087
8122
5205
7219
4494
6434
8233
318
7241
9568
7155
7688
4734
2548
9028
7118
9242
5579
6599
678
9263
5846
5162
7638
1749
2654
9593
1877
2159
9825
2857
8515
1066
7410
8577
7651
7175
7515
7053
2705
1153
4969
6027
5121
7066
1246
814
2075
3695
2765
7041
2414
6677
2821
9419
583
1604
6957
1666
5585
8306
3977
8413
9154
4977
4886
7280
7829
7940
8245
7666
1637
3039
360
5049
8662
5354
4384
9345
4531
9982
9461
4901
8048
8838
7154
4968
7648
8560
1851
8843
7942
2029
775
311
8894
8445
6215
7056
4239
9865
3692
6703
1785
9653
9325
4272
6062
5118
7000
2360
8978
8733
9267
150
3267
4498
4193
7633
3237
285
4058
5901
7844
7275
9560
9873
8784
2621
4435
3655
9086
3869
5346
7586
9234
1859
5886
8877
8139
8202
2052
1206
9666
8002
1958
6040
4967
8255
3475
5459
8887
2779
5825
9115
8363
9053
1036
5618
1811
13
210
5475
1096
537
761
3563
9880
4339
8548
5709
3200
1778
4047
6369
7024
6167
6971
4476
2878
2472
6641
4515
6861
2635
6852
2083
312
7600
9037
1037
1197
7279
637
4634
7227
9471
5812
2511
9096
9755
3702
8007
391
8593
7476
1387
5861
349
3506
7367
5674
7356
4868
9911
8635
3137
7813
6792
7626
1324
1333
2305
1798
2569
1053
1620
4478
1384
212
9062
8070
770
7898
9211
498
3325
6187
8346
310
6078
7014
8738
7523
6630
3197
6266
5603
9114
1490
9597
5529
754
3592
2421
8040
5096
2315
3129
9431
9069
6049
167
9661
8646
9344
901
4187
2628
7713
289
9304
1904
4741
9260
7937
1377
61
9759
5242
8535
4526
9220
335
7327
4995
7482
7707
6025
8891
6379
8543
3576
6536
2551
6044
8804
2449
1608
8345
9398
878
8828
239
208
7867
3825
7862
2880
4679
4181
7509
799
53
192
6581
7492
6401
9678
685
6222
9870
33
9486
3171
4965
8110
6894
6690
2214
6312
69
2341
2164
6620
3843
807
4516
7341
1477
2805
2189
7493
492
6735
9411
8422
7067
4485
375
5879
2079
3795
4975
6841
8171
5477
3571
2712
6966
6137
409
323
5059
3113
4596
9763
372
9774
2145
6687
6432
2177
4192
4772
6009
5079
6776
359
3385
4567
5442
7518
2696
7951
3633
6669
4290
319
9253
2327
5174
4805
4300
3915
3144
8924
3889
7902
5134
3183
612
9321
8664
546
6495
3222
2397
4930
9259
2937
4271
4185
3033
8000
1221
6334
6846
9950
5668
3735
2956
8291
4697
6702
5061
4219
2644
7197
3206
4836
9124
7437
7566
7756
8336
2504
7846
15
8419
3078
8335
1623
7156
3620
7188
9198
2925
6311
584
5638
963
5228
4653
7057
7285
4400
2265
3860
2910
6973
779
3442
4962
2938
2195
4134
1705
9284
8151
2606
46
428
6028
9187
2048
7872
7582
3173
2172
5289
8801
4807
8193
2188
2394
1528
9910
9673
5577
122
3716
4468
6138
9022
3415
120
2049
6714
4297
9200
5071
6278
3944
1720
1617
2875
7843
9979
5908
4486
2076
5642
4981
7917
9334
9047
2366
979
2310
2724
432
9283
8955
3164
1371
8789
7461
6279
5403
1853
947
3175
3143
6843
241
5500
1345
9484
4461
1190
845
8230
8463
2343
2169
1529
1017
727
6578
944
1930
5811
3847
3045
3343
7877
5960
4509
3338
8213
1222
2978
4522
5217
2970
5965
3596
3429
5503
1894
6771
6393
8350
3497
9555
5772
6559
7363
4823
8373
5699
1872
3972
5259
7881
8505
2496
5270
1764
6840
59
5784
4462
8187
6189
3282
7220
5358
7300
9359
8596
8270
3283
7828
9660
509
7325
9008
3740
7267
466
3000
5053
8614
8189
1225
3504
7097
992
2835
8726
5095
8325
274
8899
709
8719
2061
1029
6655
5780
5845
2702
7452
5953
1092
3339
8046
1527
1236
7569
2739
5187
8310
5623
6269
6491
6674
3621
3956
3277
4529
2505
4013
1813
7580
2859
3988
3323
9940
7246
2977
4956
1710
7875
5190
1432
6375
1462
328
3768
5717
5841
9823
4685
5340
6685
5680
3708
6114
194
4904
4421
6210
4444
4499
1201
5393
6426
748
8699
2819
3363
7527
8581
2728
3730
7667
8851
3358
3544
4292
3512
6019
5297
8299
6728
4487
7273
8265
8495
8162
5106
1733
7718
1078
9927
57
2295
5416
8872
4196
3671
1949
2881
6387
5535
8144
8692
3214
1157
183
4055
8369
9852
8690
5626
6643
9182
8186
7623
9681
107
4124
8074
6564
4586
4493
906
5156
9609
5263
4099
6985
247
9826
4793
5324
4296
9706
2807
4605
5427
4721
3454
6473
9792
6853
5109
9973
4139
9400
7012
6873
6992
4085
4704
6955
8282
8980
1898
3203
502
1289
1433
6281
3409
8946
4898
216
6964
713
4548
6653
7006
2278
9212
8429
5449
9582
7549
615
1194
2136
7440
4783
7190
6658
2346
8812
9240
9494
1143
3662
5207
9912
6310
9757
6958
4595
8468
2747
4879
2953
9370
5268
677
1847
2657
6147
4320
1737
929
5604
7344
6373
7632
4599
8910
2255
4382
9943
8897
2565
3386
9052
7033
2284
7257
5957
6680
7333
755
7044
4652
3927
5594
4260
7642
8366
5959
185
9356
9918
2715
723
1449
3994
3857
5704
836
4926
6047
7417
2151
1899
8985
1293
8286
182
4542
4951
4410
5551
3792
884
220
3289
3010
6390
8127
1450
4970
223
6193
7805
3451
200
5550
2409
1374
1830
9960
7529
278
7578
3970
7817
2672
7565
6865
6139
2245
5301
7618
52
6637
4706
9306
1326
4350
3488
1482
9446
2028
7354
4269
1010
4797
4439
6229
7113
4713
9089
3935
3979
3215
9535
6813
4557
3984
5943
8773
411
6903
9147
3379
911
8680
336
4680
356
136
3141
2920
2863
8027
4754
6196
3622
5155
4660
553
8555
8166
3395
3681
7560
6335
3536
9120
1886
6463
9144
9699
3075
6741
5460
324
648
2369
9460
5318
4081
7660
5790
1058
9392
7532
6395
2951
2004
5807
1576
9282
2094
2717
680
6353
8149
2191
7865
8003
4982
3515
463
4918
7147
6960
8137
7928
7656
6115
2636
2990
5830
8290
4207
4916
9989
7357
8528
8694
2746
6981
9181
9280
2675
5105
6914
2338
4050
9315
8959
535
5120
8220
5193
7411
9383
1028
3746
7938
4151
7839
2062
5058
3745
1553
6163
5213
3968
3348
377
6122
1428
9061
3096
8640
9572
7668
8036
2583
7060
6848
4618
791
1288
4727
8671
2040
4379
4208
2308
2612
3912
6118
3992
3461
1119
9708
8928
7068
2983
7104
9423
2961
8679
8619
9164
7370
2379
367
8918
4603
679
4999
3107
8449
6360
5533
1908
9492
8774
1789
7943
5799
227
9778
1170
4201
547
1675
8141
2427
568
3654
5766
8494
298
1938
6017
702
459
9379
8956
2193
1624
743
4555
1137
6143
8879
9656
5884
5629
3353
8372
8971
1068
5878
7954
2516
281
5392
470
7986
2431
8385
6407
7958
2434
3835
2008
9277
769
4344
3248
5738
8762
9393
353
1583
4730
4359
4795
7478
9126
1625
4270
4860
3223
350
6485
8438
5490
3217
2053
486
1348
3722
1214
9367
5566
380
9898
3985
816
465
7464
5522
1076
6516
5325
2868
4465
4834
8639
9218
8198
6761
728
6084
8159
9875
6294
9839
821
3191
2979
3567
6818
9003
5086
7403
3689
2963
172
7821
398
9296
5652
7530
5993
7548
8948
5835
8715
834
3616
3187
9428
3195
5377
468
4
4304
6734
6979
9590
6048
7131
4491
8582
1146
8322
2161
6611
5936
6428
842
9477
3059
5722
3407
7993
6408
873
5728
9201
3581
5343
5023
3118
904
9378
1539
3202
6748
6443
2714
8900
9402
5917
7231
1357
437
330
8884
7631
7838
2465
6159
2772
144
5087
3870
7163
3421
9776
7082
8751
370
5885
6939
2883
169
84
5026
5052
6928
6718
4083
6238
3570
792
9298
2356
1575
3476
4457
86
9056
371
6299
908
7158
8391
3631
8138
4113
9258
1964
6398
2656
4258
2966
2291
2826
8277
5198
868
7144
406
1692
4431
8825
1287
7491
9237
8689
3424
7151
128
3208
7343
4682
9955
9691
1827
2336
7669
1088
6251
1568
5287
8436
5994
3397
3605
3697
2596
1171
5619
4332
4573
8898
2485
3441
8224
510
6616
4362
2850
8504
2470
9884
4036
5069
6422
6876
5537
8864
8745
1767
3883
9895
1879
5506
2244
118
7205
4094
4108
3763
3422
9286
2816
6753
7004
9883
6151
4550
7249
1239
8177
3057
4161
9567
1181
2567
7671
9230
863
1012
1680
6932
7506
4360
4097
1241
5561
5844
3805
9824
7735
751
2235
4711
1535
6471
8052
2948
1587
3911
7498
9733
7526
9454
9456
166
663
4403
5360
7412
2574
7676
8103
8975
2735
3990
5492
3239
6015
4132
1261
5401
9478
2886
4786
8871
9594
4147
6646
2492
7594
7773
3989
4374
6842
1136
2370
7767
698
7032
7948
7622
55
5029
2171
9715
7438
8176
812
8780
1318
6079
8404
3493
5384
3437
3065
8014
7629
2959
7775
1212
3121
7614
1237
9438
7684
8147
399
422
4442
762
9862
7223
9421
9152
8357
8725
4217
2585
2209
3881
5349
7950
7238
42
3030
8572
6346
4639
8564
1100
2344
2249
8289
1430
767
3521
5412
5524
7058
2129
6656
2911
5587
1126
3091
2777
650
1033
9897
179
4712
5232
800
5827
7608
4947
3626
5570
5367
