264
3126
3839
5871
551
5784
4615
6416
6701
912
336
8971
1200
7188
2705
1112
1100
6694
6269
1753
3529
9049
1058
9221
568
8148
8325
1791
5022
7505
7733
7433
1423
2955
8248
4098
4551
4216
7255
9053
6556
5817
8055
5934
6751
4033
6374
3781
3339
3005
7868
8085
6861
4820
1198
6544
9663
9445
1862
5310
5016
7824
7156
6634
8924
5054
4398
7222
7747
2944
1656
3001
3961
3253
6004
4703
8361
954
1020
5729
8204
4326
2022
7454
8206
1923
5159
8868
3358
5768
8465
2135
5599
5886
3095
4462
3114
1946
2441
5688
8785
8699
4879
4281
5451
3365
5791
6284
1120
9818
717
3737
6979
3929
4658
7739
5716
3675
6712
6291
9921
5593
6645
1293
6426
8098
6477
5456
5950
5421
6231
7698
1043
3397
1640
2368
5760
1885
8762
3393
6255
7805
4351
6173
4346
8544
569
573
6342
4034
7482
8387
2063
434
6531
5583
5773
788
4598
3457
2228
2779
822
5720
8786
7845
4189
5241
3943
3966
5827
7342
4144
5187
4318
6238
297
9102
5125
2234
3759
3940
3765
1463
2593
6932
9097
5752
1597
8370
6414
5468
7189
6761
1247
3382
5878
9280
3717
709
6660
6857
48
5739
5327
7517
8172
6841
951
4713
2369
350
4611
8037
4901
4646
9536
2870
2953
3740
3028
7018
3757
8084
7160
8604
2948
535
1943
6360
980
1693
6185
7645
1979
477
1303
9171
8166
964
1950
9426
2882
5052
7514
9610
3405
8722
8159
4728
9176
4513
2623
1182
2966
7849
7063
3467
5500
6201
2251
9292
8448
1478
8307
2665
8346
3318
619
6936
1632
1051
484
4565
1037
9238
3767
4994
6571
7287
8139
3052
1087
8558
9008
748
797
1306
9214
1254
8442
9232
9483
8243
9990
8999
4824
1076
9015
7935
9180
3532
7057
2735
6958
1274
1107
610
228
6189
1625
4461
4642
4217
2914
3499
5343
9027
4701
178
1108
5805
8929
9020
3328
7620
7213
4782
9932
1856
6526
6338
4661
6320
4907
3958
7966
8981
2398
5320
988
8948
4218
5944
8665
6466
5107
8371
6363
4368
1282
7795
6835
9012
1654
4088
31
8788
3390
4373
787
8216
7422
3632
6696
9683
2021
365
9512
7654
8802
42
3444
8378
4845
9519
603
759
4843
1835
1123
7134
9438
6022
2996
8723
8117
8679
3262
232
1664
8593
7318
7286
5743
3946
9059
8854
5507
5929
1392
4814
266
1038
3374
8822
5318
1372
2730
5215
9036
6273
2943
649
1168
9828
5703
8770
710
9360
1028
3265
2439
7908
1660
6468
116
3508
5179
1628
8973
4184
5540
2729
1196
5218
7683
4821
5920
2619
1749
2268
7201
8843
1290
4431
6156
1609
8027
6051
2508
9839
6245
2692
8738
8761
5851
1746
5558
1556
9010
5204
9265
3330
2009
4550
4744
9152
7008
6343
213
9780
4313
2065
5323
9820
7508
2197
2380
2561
8672
2004
6418
3999
9944
4830
5333
1239
3412
7272
3859
8291
6877
4010
7664
8680
6640
6256
2675
4466
