3720
8292
726
7703
5459
738
7789
8843
9468
125
4742
3432
4805
5823
5608
6396
8526
8667
5556
2069
7890
2835
5994
590
5796
5729
2850
8491
4995
1863
4993
5097
8162
3782
6444
1967
3220
1781
8750
3708
675
7926
1378
5907
4352
258
2925
5765
870
2452
1955
9169
6520
1823
1170
440
9942
9362
4189
2329
292
2511
2
6434
3509
4943
7241
3329
2218
4792
4455
2099
5568
885
9360
7058
2083
7707
7784
966
9205
7090
7458
1082
524
4325
6502
7845
3151
1896
9755
7720
4510
5499
253
2358
2658
6560
2758
6379
8016
5663
2349
915
8478
2865
2470
119
6603
3846
1834
4041
4914
5005
2043
4769
6840
96
6492
8372
8206
244
7721
5372
7399
823
5505
9711
2318
5338
47
1785
8384
4108
1779
6347
5898
514
4952
485
8969
8794
804
1924
6907
7808
9141
6766
9568
9363
8094
1977
335
9133
5435
3647
6026
2986
6103
4484
9419
5264
4504
4447
4927
9689
3298
7835
674
1940
3045
221
9429
3739
6328
6113
1844
7327
8894
6090
7594
5345
9158
134
7161
2002
1703
6144
6483
9986
6049
8178
3245
4507
8882
6770
8699
814
640
9809
315
3177
1821
2671
7730
771
4976
7591
3493
116
4945
1989
9534
6485
6979
8250
7289
2356
6111
6457
7344
129
4989
2461
7506
9166
5332
466
9634
718
2399
351
1018
6391
6012
8955
9299
190
4126
1810
4675
9267
7163
8986
2394
2664
6227
6294
4274
1272
7944
9738
7441
375
4640
6286
3784
5736
4382
7471
8656
6949
5275
8268
9878
2352
3189
4934
9676
7221
1105
8876
658
1521
4204
8691
5190
354
369
1629
5023
1735
3496
1192
8096
356
319
5115
6063
5301
4174
2076
5396
2962
4818
2150
7866
7243
4565
7748
3472
7231
8724
9025
6831
1502
9092
2847
9782
3474
6054
3070
163
2984
4526
4446
8325
6127
7367
8212
9103
8840
7036
73
7694
1061
2171
8649
8028
5224
2876
6095
7296
4078
3577
2164
9608
8625
2541
6694
3391
8937
7717
1807
2973
6327
4306
9929
5852
5053
6685
2035
7361
1211
3134
2954
1937
9500
2998
5507
7759
9042
4967
7573
9422
7994
4776
9704
8404
9881
7032
3326
8785
3837
8661
817
3479
5307
6676
1797
5218
321
1363
2060
46
8163
5554
371
4294
6078
1000
9659
7383
6209
664
225
697
8172
8005
4564
8988
6702
4672
8627
2475
6875
8031
9081
4489
3128
964
4323
3214
462
8779
7078
5921
1870
7857
8036
9181
7614
1233
6843
1536
5655
8638
5052
8654
7046
9648
6470
4046
8430
8793
7514
9658
6817
644
8474
8972
7824
7115
4250
8280
3900
8072
4309
1344
1752
3271
5653
8157
676
8259
2845
6350
7888
618
2969
2607
6388
8846
5700
75
959
8343
2415
6224
6411
4749
4586
8045
9173
2575
6658
4910
9191
9013
6265
7465
3383
4668
4938
1922
5170
3537
1073
9749
8571
9536
364
6517
6839
5890
4333
7388
8725
8188
3082
