2470
2039
3683
8961
4288
6801
2604
1798
3621
2658
3122
2180
831
7525
1002
3065
2540
8073
3435
9999
223
8776
7949
1975
2733
33
7042
7277
2334
6735
5031
5301
2833
2832
6272
6846
389
8541
7494
8797
7998
1415
6876
6839
2498
173
1668
3827
6875
7294
26
2596
8459
7321
6675
3500
1282
676
6601
7467
3044
7645
143
724
3464
1129
9158
4371
2586
2719
6974
6765
2327
5781
2405
5078
4281
2133
7593
9680
8447
7046
6895
6384
6194
3157
4319
8724
8652
245
6926
6141
8827
5064
7438
8128
2775
55
7937
2126
4175
6594
5930
2355
5471
6264
7541
7869
5566
7858
3243
5192
9243
2529
7706
5997
961
1638
5744
8943
2436
6038
8683
3718
6488
2077
575
1706
5017
2457
6476
3812
8621
9456
9462
5827
4879
3008
5320
8950
4752
9865
1935
7915
6831
6014
356
8121
1436
8048
8866
1933
3420
2350
8574
5828
2822
1567
1859
8268
9258
8080
2293
374
3737
7974
9568
4343
9935
6106
5536
3942
3218
5110
213
8790
4027
9180
4613
7151
672
1527
9604
9340
4000
799
3960
7744
3702
2561
5515
5226
5446
7418
9836
83
6502
9534
6029
6453
6755
1830
5065
3158
3944
4182
9450
6786
7339
5241
4045
4430
603
916
7082
4495
1762
833
2689
2528
5638
9575
4775
5393
9581
1777
9811
2177
5904
5027
9115
365
8657
1694
2296
4567
3261
5550
938
7818
819
6519
6669
5911
9052
6321
172
133
1555
8383
5994
2897
6430
4251
6496
6750
7603
2706
5173
3856
6719
3923
6083
7248
2128
5265
8139
1990
6365
2084
6048
9444
9997
982
9753
6953
6402
5068
3450
252
9128
7131
297
3597
8011
1720
7740
8881
3312
3788
440
4596
5794
2652
5570
8728
6077
3713
1552
2438
9720
4905
9099
3229
9772
9249
8835
5866
7692
4265
6791
6118
8289
4042
6329
3372
1575
1366
7658
9600
2500
2802
3777
5607
8558
6131
559
3163
9392
6205
7516
8677
8512
7125
87
3443
805
3327
9437
3507
9386
1952
9977
473
5308
5668
3274
4681
6452
885
5863
6907
3786
5376
3927
3511
2710
4290
8939
8579
6237
464
8075
330
1622
2749
3750
5526
5118
6647
1197
7802
3559
9422
5286
8884
6281
2530
3571
7477
2720
1016
7940
7743
6049
6995
9971
7550
2329
9092
6825
5496
5973
7536
2815
3558
6081
1017
5056
1868
6930
8733
6172
5838
7776
9974
8788
709
8784
795
4333
6044
1840
9426
417
9735
5357
8566
1707
592
7425
6616
2112
5263
3628
1693
2105
7048
6289
856
1062
6189
6150
5284
1310
8061
3107
1233
9245
2201
5257
3556
7444
4650
5134
9950
4229
5039
3132
5977
3283
909
4017
8723
2980
6703
6728
9573
2737
8539
3984
7945
9059
5935
7614
260
696
8324
5461
1384
8434
5133
2008
59
2519
7932
3168
1866
4340
9150
8801
6849
1829
710
8552
3834
6355
3917
6226
6134
1869
5948
2043
937
5800
156
7954
2600
6408
1544
6371
4952
6068
7127
2089
3599
9868
7868
9094
8529
8871
3691
6456
6282
5313
2324
9776
7312
1559
6721
7164
7617
9596
3126
398
9069
1499
7982
5153
4788
8620
4352
9105
9678
5914
7195
4580
2790
4828
8016
2051
279
8690
3477
7130
5023
910
2203
6844
6687
7470
4533
6152
9451
6449
1746
7540
7332
9507
8030
9482
7443
1232
6993
8278
2871
8245
7460
8713
2758
1961
4240
1170
3980
825
1927
2305
1505
7843
4135
5482
8356
4001
9107
8849
3151
4714
6157
7191
2563
8812
6541
4378
9631
2246
4544
1882
2204
8441
3926
5861
3988
9315
7958
5315
1790
2359
5667
4345
6574
4063
3687
3489
261
5942
5672
4976
9843
8518
5128
3964
5438
3939
7217
7283
8056
3758
5061
3064
1742
9723
3915
7902
9199
4667
3396
4806
3966
3150
5092
680
9763
3541
8649
9654
2554
6704
9442
6250
209
8643
8523
31
4661
2624
3299
1621
9938
7415
8141
426
4725
1547
6354
1109
9459
4279
598
6988
9037
9
5853
5940
5848
3075
1530
7944
6506
7693
3024
9794
9832
8974
8112
6492
8660
7060
5059
7535
4130
3557
2743
6435
1599
2943
7500
8195
3082
4510
9554
3778
5254
9790
9585
1543
6752
2693
1382
1409
9948
504
534
6436
3972
4591
2402
2318
8362
9897
8177
7001
2597
9668
3695
6399
1872
8706
5796
9290
9400
2198
4692
467
5155
8158
6353
7340
4600
5698
9129
5555
9143
1160
174
9762
5329
2661
7881
6404
8785
5669
5055
1753
2937
3096
796
3822
3066
2059
6471
3598
3097
109
594
5316
3419
9048
6677
4211
5732
6292
2345
9634
4900
7832
4224
2793
9080
650
3811
6085
9200
7089
8641
2046
1648
1561
6053
4264
5233
3019
4560
902
7329
5484
6262
678
2064
5683
2287
6805
8934
8034
6159
7056
9588
6591
3103
5094
646
7820
8059
3493
9376
4675
7197
5573
8476
9027
9189
6808
5839
2052
3735
5296
3110
9537
556
2521
3572
3831
4339
6873
81
749
4147
4669
7721
4094
4238
517
3677
2934
7764
7707
8227
322
890
5517
6132
2533
9498
629
8625
6368
3761
4904
8637
3850
7251
8308
5172
9433
1734
6778
735
7419
8893
4121
6238
948
2524
8775
3248
4198
3681
3532
2071
8659
2057
4013
114
6969
1616
101
2908
5498
5974
2745
1194
2960
1921
960
1958
7633
4322
793
9787
3346
2147
8903
988
1432
5637
9201
610
521
7826
4805
5365
1321
4697
8104
802
5841
6605
8449
7519
3404
9805
5909
5181
6109
9147
2370
3708
9848
3106
8420
1345
1680
369
1755
3007
282
9594
6942
3770
4366
7556
9222
584
7844
5834
309
5833
8811
1128
9759
5166
8467
853
6552
4813
2998
3137
4364
2109
7612
6280
4659
1260
382
1286
2462
6043
2963
2015
4543
8266
7466
6877
3935
455
896
3986
7747
8230
2018
5798
1509
7863
8533
8144
9464
4370
442
2278
2027
2081
2796
3222
2556
8548
1766
6924
897
8093
2096
4897
