9696
4246
6843
5819
7903
8877
469
2736
4785
9255
2398
4973
3526
9569
5426
4769
250
502
8210
327
3972
3043
4878
2127
6035
763
7798
4851
4821
668
8341
2869
2197
7294
6320
9135
2431
7617
7537
8964
5180
794
9558
6071
7877
1407
3936
3646
6306
7371
6744
969
754
9996
1045
9660
7921
6063
1774
1914
6593
1839
9341
6334
1582
6005
5149
7072
235
9452
4803
9461
80
5654
3221
5310
2049
727
5755
4479
2149
5112
5375
1834
168
6579
2702
4318
8393
9671
4079
8805
2377
1699
2793
5154
827
1734
5886
8536
5924
9869
6088
9021
68
2675
146
105
1440
2786
4272
7434
6043
4164
5978
9184
1791
1000
5732
8194
2117
5443
4935
4369
4187
7315
5338
9127
5930
4672
8471
1727
9699
7363
8485
711
8047
4036
7900
4235
8055
3313
803
9163
1557
7542
5394
6163
4502
5159
3249
3863
6872
1821
7076
9617
3640
3572
4344
7282
5315
1888
563
6174
6182
8076
6415
1262
7965
1720
2424
1213
2050
2807
2991
2872
6143
7736
286
8052
7579
774
2740
8021
449
3943
5809
5778
4013
1889
6060
6770
4824
58
5376
7266
1085
3166
7348
9896
3950
770
5670
7246
5735
311
3794
8898
9318
6469
7603
9366
3604
2833
5966
9117
5267
6840
686
3569
1356
3160
9122
4997
53
7133
5963
4559
3217
4804
4001
2759
3577
8110
9513
4572
8045
55
1503
1752
5249
4264
3694
5229
9541
8035
9284
9448
7035
992
1154
4667
6826
6739
8157
1739
312
9840
1874
9589
2205
545
2195
4266
5254
8676
2125
3709
2266
4600
8336
6070
698
7004
1638
4409
3908
4188
3068
8563
2448
6022
7585
9403
7034
9998
4636
3118
411
4314
2912
9487
7933
8490
6807
2183
7832
326
8876
1938
515
1806
8226
1562
6914
5984
2694
6263
0
5312
5560
1813
6989
5316
3301
1241
2097
1710
4368
9521
313
6499
985
4329
4000
1702
5917
4726
735
8193
7044
176
4518
9158
4011
6759
6169
413
2703
9309
5951
8715
4437
6463
1305
8370
818
9832
708
4131
4149
9230
3996
7632
9169
8075
3496
9815
886
7652
6045
9582
8314
3083
8619
9234
9754
6409
4045
9229
3732
2262
19
8761
3067
9798
8094
2995
7430
6898
6661
9781
44
162
3519
3583
4107
1261
6046
3137
8920
7247
7797
7199
597
5562
2392
8188
2865
5831
1850
5179
6220
2242
1706
3517
2956
4941
1165
7547
6569
1851
4460
6322
2438
6118
6439
1618
6595
3029
7333
309
1105
2575
569
5504
1698
6624
374
7762
6886
402
7855
4103
4066
6856
3924
2499
2966
7406
6780
4880
8152
7541
8983
656
9300
384
6513
2599
4830
2112
4544
5597
4191
3642
3755
4113
6209
8808
4967
9941
990
7496
2172
4580
5971
248
6108
9585
2584
8646
9203
1896
5087
1155
6925
6646
4900
7045
965
8839
3618
7780
9166
7949
6741
9004
178
5405
9623
3634
7924
8458
3396
1568
7056
7665
6115
423
7590
1037
5196
594
2047
8427
3664
9266
8996
8732
6870
4916
9857
4663
4638
315
3144
3817
4397
2018
9615
2086
5803
6274
800
484
9875
1417
1279
2657
1472
5000
122
7470
7110
7671
3651
2655
4868
5701
8695
2037
1267
7920
7122
7309
8502
7923
4766
2541
5378
2587
9095
3960
169
1251
3560
2695
5139
8793
2733
7791
3345
4406
1197
8890
1053
7449
8159
4209
6660
5202
9197
7482
5665
5587
4781
3501
383
1218
4396
7160
3468
623
3162
3587
5074
693
4083
1403
5902
9331
2433
8723
6550
8267
2860
2810
697
2056
4560
9469
5730
9540
4820
4671
3112
2765
9202
7514
6837
8197
5194
1913
8233
7799
3151
830
7655
3521
1679
5232
3933
8578
3046
9028
6403
4805
2787
4183
8629
7165
3785
6431
2121
7607
3158
8906
9713
7414
9000
7977
2301
9597
7478
5440
4692
6112
5495
1556
4061
9572
9301
2405
7846
2984
4394
4611
4227
6331
8596
2681
4060
4891
5209
6996
2830
9126
8155
6885
4924
5309
7365
3773
4519
4486
429
2998
1798
3907
6529
5772
5927
2719
4554
2248
2750
7383
4607
4442
9382
3214
2351
9100
5834
4664
3760
2980
4669
7806
7739
6931
5530
887
7277
8605
7198
8096
6752
945
1091
914
7190
8392
9462
1264
9845
4020
2697
5432
1328
131
5751
8664
8506
8894
909
3470
4731
1770
3718
4826
4960
6442
4069
5988
4234
4839
2414
5710
5914
5589
1206
3516
2559
8747
8684
2631
5176
3741
5926
9915
2446
5703
2323
8356
580
6132
5472
7867
5484
4341
4504
4089
2020
1529
6853
7499
3452
6969
5944
1318
9007
7353
8566
7771
352
6798
6801
7520
9269
199
3499
7834
1263
8679
618
7894
3597
5736
9407
4357
3055
6653
5013
5965
8050
9519
9693
4827
6426
5869
2462
1871
3561
2846
706
6222
7206
4122
8513
5959
2105
702
6815
5708
6777
732
4424
681
4979
4252
8342
439
9217
9207
4855
2536
7120
7507
227
8622
6332
1508
6434
9730
4696
2677
4582
5352
3839
6639
1144
7668
4488
8107
7046
7109
7242
5323
2654
8424
5035
7630
9583
3066
5507
5777
4852
3649
3392
7746
5065
1025
4412
8184
3734
9406
6625
3564
2537
8489
6922
4371
6069
2025
5122
8367
431
2729
5303
7077
5706
553
4666
2017
4727
61
5457
2815
724
9466
1275
7666
9458
6212
69
6567
7936
6413
5769
2554
5177
6961
8420
1380
9463
5236
67
723
5486
7605
8727
7263
6341
1303
9209
631
2823
3354
8429
3095
5722
6678
4521
5634
1357
7577
4284
4546
8279
9859
9950
2802
9685
2203
8655
7676
7899
3692
6402
9786
9580
2009
2957
4650
1282
9811
721
5043
6514
3503
8907
7326
2094
6626
7591
6321
4492
1534
6241
6398
9493
4787
3948
9140
1658
3628
221
1680
81
3750
7125
3460
3821
1756
6978
5603
6793
208
8952
2896
1455
728
4928
1023
4999
3259
9880
3480
8755
6929
6004
8975
9105
8398
3705
4885
232
8430
5689
707
7687
9955
6855
7205
9651
8480
740
687
2905
1088
5861
468
590
7392
3372
8177
3920
3780
2367
6299
7836
1663
9650
8260
7502
6670
7463
5532
4844
9037
1548
7631
671
7918
812
2570
8032
7373
9818
42
8866
6485
4690
8644
8271
6298
709
5210
8681
8864
7970
8368
2875
2989
3142
9418
2848
3754
8789
8931
6286
3264
8311
8929
6195
3862
5655
2648
6113
6031
5888
7280
7732
6707
4740
5509
6264
5070
1673
1962
9337
8656
4970
6036
9272
318
5939
1935
6771
4720
8286
7479
5682
9036
8944
9747
1367
9776
8397
5115
7267
5836
8917
6477
3231
3986
9683
5216
65
1466
8973
7031
5148
1080
3009
9551
1990
5948
869
9756
3527
8139
94
7265
4668
3136
5454
4
8585
7725
1701
130
7245
9648
5169
6955
8967
2274
5913
5479
4030
4092
8115
6110
2281
9137
5877
2755
6171
3553
4523
1931
6260
7054
3975
9280
8475
7238
4723
5973
1095
2718
7702
5018
9082
560
2012
3812
252
7296
2785
6919
8255
986
8001
4757
9256
9434
3152
753
7505
7700
3381
4538
946
1075
204
4957
8845
494
210
6903
5019
5642
9793
5982
340
184
2692
5360
8003
404
376
9489
6699
9391
4290
8204
4253
5493
8074
5308
741
8428
6475
9211
6168
6652
8366
7874
1123
3500
8411
642
3952
5632
1992
2217
940
3557
2816
4382
92
5127
5368
737
6751
9774
4395
284
7978
9550
4302
1837
524
4926
720
8431
9511
4813
3617
8691
1520
1098
4548
8580
424
547
3522
5298
5629
5741
3187
716
898
1450
7346
6136
624
8309
3450
5721
7669
1859
5677
7896
2106
1157
7301
7835
1617
9517
5702
3478
2601
7548
3261
1654
6615
4587
437
7320
5073
4154
1400
816
8343
4870
7783
5365
9791
5304
2016
4056
4115
9567
6404
2427
3900
5048
8594
1782
3059
2268
2970
5158
3309
2853
9057
8903
3736
1775
4902
3853
1758
9172
6688
4457
9091
7379
1346
2474
5800
8867
8072
2061
6213
3538
1942
7115
928
6586
4077
4040
6863
1803
2836
8738
5456
1009
1555
7009
1606
6376
4306
2927
3126
2246
1510
9530
2824
7595
4090
9666
8560
1895
6123
3581
9312
6635
450
3073
6590
4292
8788
4620
4925
4624
8879
9544
3508
1683
9566
6090
3790
1728
4254
9422
4577
2741
9310
700
7686
9529
9228
1211
8526
2959
6146
1952
7222
2232
3940
3027
9114
7100
7693
8211
6338
7538
7760
3549
6663
4799
6574
8799
7339
7670
1430
3050
5753
5037
8568
9885
4498
564
9177
5248
7567
2977
2101
5008
4714
277
3196
518
110
1181
9839
8751
3393
7086
2829
4673
531
7172
9607
3914
5857
9170
2174
7677
9805
5090
6775
9370
9175
4537
2513
521
5071
5961
5268
890
1608
7694
5817
3471
2270
7909
7385
3220
9183
9278
275
2342
3327
2696
9993
9920
9578
8818
7362
6654
9103
3302
3542
8365
5658
9678
5580
7562
7957
1491
4588
4561
3388
1350
7849
5171
2904
9118
9828
9353
1893
3002
2646
8503
2500
6681
13
3016
7873
8819
2527
2130
2968
805
3558
722
823
3293
9316
6927
4458
4536
3276
4539
5147
6722
160
4145
5960
1678
2651
156
919
9440
4403
6564
3419
193
5626
2110
729
4882
2284
9231
165
6359
6881
1514
4194
1171
6945
3814
2988
5140
4680
8264
9856
3432
9352
3630
2986
3801
2024
2360
658
1646
387
9412
1017
2932
1807
5935
7097
601
1867
6869
4568
1880
9600
3670
1740
2260
8785
2115
3578
786
3899
941
7938
7996
4043
9714
192
2523
3962
7220
8127
5133
3224
4508
9622
3153
3376
2683
297
7080
3878
3586
8359
119
3455
8364
3929
3458
2743
3729
6656
7990
8334
5740
6190
8583
3612
4127
6087
9238
6650
6497
6533
6562
8699
7911
5602
4463
4261
3915
8199
1260
4430
1274
3292
5305
2542
6095
4627
7149
8388
8694
9745
810
3520
4268
5012
5418
9296
8109
9398
9254
485
1518
4331
2088
8760
5915
2840
7243
1141
7776
3188
5983
1068
8757
7322
3484
9753
6882
5550
2533
3102
7483
6671
9429
2965
5528
3815
2330
602
3453
1195
8717
4156
2046
128
9069
3571
8362
5487
9606
198
2309
734
3706
5050
6732
1609
742
3974
8709
4233
7117
6830
6620
1600
8138
5822
7260
9024
2080
3082
4994
1768
175
9313
6287
6078
6985
9430
4485
2490
2465
4578
1244
6602
667
115
4921
5964
8794
3712
209
3198
2371
125
2881
3893
1584
5640
5294
8006
9465
5738
5529
4143
7202
1477
1625
1116
3318
7930
394
7412
4552
7609
829
7734
3168
8750
2672
5223
7614
6153
3990
7021
4963
5759
2235
6267
3957
7461
8066
6548
7647
7102
1253
6795
3025
1130
9804
6555
1297
8505
4392
3686
3019
8452
386
1596
8239
3342
263
8873
848
3165
6522
4178
7961
3797
4136
5340
4718
1461
4549
8995
3673
9059
2770
6526
6196
1032
4026
1481
1552
2129
1224
1453
8161
7460
1465
8504
6558
9003
6537
7462
9930
9386
5596
9609
5078
200
4762
3163
5427
589
6851
5652
5478
6940
6450
612
6391
6841
7956
6532
2530
1847
1078
6120
7857
7218
1310
1828
278
7752
8290
6145
7226
4400
5036
4586
4789
4914
9979
6097
8266
5459
8989
4179
6677
8817
1524
6753
2928
5531
2734
2883
1624
565
2000
5134
9827
4947
5437
1784
2278
513
9784
9539
8830
3744
2568
9165
6343
5242
2679
5117
3303
7262
7800
6911
3021
6658
6181
6776
6049
8385
2380
8884
1040
7962
2459
8724
8083
6430
2148
5864
5810
5904
9962
609
3919
9652
9042
4054
8444
1442
6447
1188
7888
896
1754
8461
8514
118
1302
5453
8767
4564
6375
8409
1336
5099
4525
367
7901
8611
8529
5883
5704
4694
4782
9680
8648
4609
5756
56
8698
1724
2473
8758
1733
132
9383
2074
6651
6210
9758
6294
5771
7741
1506
8854
4432
7950
6444
4927
1561
5574
9963
3679
3415
2756
5506
1235
97
