9364
2394
4092
2703
5867
4586
5236
1526
202
6178
1878
2906
3884
1083
7777
7014
2254
6623
1048
2630
5334
8861
2138
882
2775
6205
3521
2436
1028
1616
3882
4979
6333
5803
3277
2137
6176
7963
3725
4502
7076
2907
9105
5021
3058
2595
5778
4302
3109
5355
6617
6280
5170
2479
1413
8112
9240
4676
4639
9397
6655
6218
4858
1709
281
1463
3674
5969
5391
2997
7859
325
3007
9465
8108
7982
8548
2326
4086
3095
641
3776
3372
7795
2428
8323
8472
2008
6978
5950
2300
3389
2142
5862
4436
7400
3041
7732
9518
5854
7110
8882
6188
9916
2096
2289
1379
2040
2597
8244
9469
3960
2277
2575
7827
9734
5845
2628
1962
3253
3580
7550
3689
2113
5261
9699
4015
860
9676
2682
1418
6154
1337
5713
937
5724
9391
3900
8048
2925
1194
8672
4220
2708
8886
6195
2448
3707
4609
2679
3575
4327
7407
2528
3214
4668
9073
7693
7188
5221
9375
2962
6871
4359
4648
549
4294
4258
4841
3965
2923
9689
6315
7059
3498
9613
3332
9719
6940
4341
3284
7529
9869
5138
394
593
4574
4155
233
6561
5065
226
6418
6824
692
5420
3101
2955
13
868
