8855
804
157
5956
5451
6977
9959
9532
2070
8225
8100
9203
2145
3045
2619
254
2102
1042
2502
1502
6369
3025
7044
2376
6124
4237
3909
6158
9681
8177
1525
5522
2821
5480
7059
107
4675
8107
3641
8757
8665
7997
4887
7693
8135
3423
3766
5925
9119
8518
3731
9061
6252
3034
2152
7168
9182
2912
2026
7847
6364
7226
5262
8129
4408
7473
631
4630
2089
6765
8149
3052
8308
6426
712
4124
8848
9728
5203
9110
3894
9613
7000
2093
1625
2763
4579
9530
3179
3532
8897
41
953
2871
8338
8150
6170
4422
9800
8631
5391
5670
6970
1598
4930
7507
7672
6843
9387
9694
3457
9710
9390
4151
4721
5986
1187
8412
6959
5190
44
7855
2709
2900
3358
3962
9499
7242
9734
6595
6201
8161
6128
2682
3531
293
2448
3684
7062
7690
7613
3957
4139
8172
8637
8500
8197
8652
3900
8176
8310
9727
2411
9755
6020
7535
1736
6069
3647
4772
9939
3708
8879
1283
1428
7179
3663
6914
1471
6912
406
652
1504
5933
5843
4665
81
4588
6574
8490
3219
7495
6623
5907
89
6975
9383
5369
3912
2389
120
3465
4476
3072
5751
6897
6294
7299
2121
6936
