1304
9501
7832
3524
1007
9520
8804
13
1401
496
6052
7072
4271
6683
270
2094
8971
8038
2342
3582
9414
6871
1045
2419
4223
2428
6544
7060
7975
5117
8010
6089
9661
6610
8769
5837
1647
3614
4035
5956
508
7458
6455
5153
9352
5276
3249
1202
4119
5233
1479
3012
6537
2288
1027
2872
6799
745
1258
422
1300
4332
9603
3119
4572
2596
1605
5698
4576
6375
8335
4588
6783
9104
5238
2488
8444
2305
1162
4041
122
7176
118
8161
3575
8854
1570
8624
2349
1787
7181
8657
6987
5169
5881
7553
4575
674
3306
9171
5405
8065
6594
9080
4234
8930
9462
3295
1575
6769
4166
9696
1557
9968
5778
9110
1793
905
366
5576
2675
3005
3515
5167
3881
4911
3576
5106
4520
9622
2490
1096
4859
6294
3345
6968
8503
8736
9868
2040
1046
9587
7468
1885
5064
6306
4244
7629
1427
1361
6371
4104
6340
4200
4984
1572
1672
5181
9173
4404
3733
4898
9345
6120
7782
1194
7704
9956
1399
5883
5538
4702
738
1485
7552
6069
3387
1960
4841
2521
5009
4248
8201
8369
4569
2401
7722
7973
5989
7971
5078
9633
6213
1828
8008
7192
9595
9737
353
9029
4755
731
506
5151
6702
4219
1534
2423
1507
2225
9522
7641
2979
1144
3931
5887
447
8720
2483
9729
1645
9641
8240
2709
3226
6658
714
3470
8332
357
6328
3675
7208
2501
5717
83
7892
1420
2210
2491
8512
7900
8807
6192
3777
7209
7836
4946
9559
6665
2199
7864
7144
2598
9465
8820
5724
9038
6305
2163
378
3838
3925
7237
4393
7272
3903
2168
164
1425
5926
1862
8581
1011
7007
4073
3563
1238
2819
2700
8309
6585
5414
5898
1168
3559
1309
8449
6133
2293
1009
347
3045
2112
7104
7333
9053
3196
6856
2988
804
2057
4954
3155
4632
1574
1638
3296
9205
260
6590
328
838
7619
922
3692
6166
8913
795
1637
2526
1445
5789
6574
6703
3115
8611
8030
6777
2324
3863
6552
4442
5723
4607
1310
2267
9446
9051
3384
2957
262
1560
1668
9065
8494
2631
3531
3293
8028
7699
5041
6613
7074
8817
9436
3646
6663
525
7718
5818
7431
3642
9840
6438
2260
4388
4790
5186
5734
1132
6933
1106
4030
5656
5709
6234
9874
4410
4364
1441
3780
5803
946
1536
2978
4184
1865
7426
4257
3893
2309
9902
5879
4065
2781
5759
6666
2840
9672
2494
1100
5250
5621
1943
3048
1261
7658
3297
513
4455
2264
8026
2854
2887
9012
5964
9667
2673
6627
7139
1896
9158
3993
4953
1616
3685
5385
9243
2670
5876
271
2820
155
8571
8283
3619
9089
6919
3913
2703
4057
8506
5922
9031
4207
7252
5279
1135
6084
4802
7452
3791
2346
822
7682
1182
8997
6402
4198
8205
8100
3948
8541
8672
5657
1239
8190
8916
156
2705
7595
585
275
9370
2924
1934
7542
154
4187
7159
5121
6259
837
1655
6607
4331
6302
9135
497
4741
232
4467
7929
5539
8890
8998
3707
1745
4333
9127
5304
7501
1894
2405
2042
4435
5000
9385
10
8479
1015
7607
201
4191
7201
734
9909
3805
1814
3145
5768
6237
9087
5399
8802
3184
1624
8521
3629
85
3417
9130
7356
9090
7687
5156
503
1924
5966
4274
4604
7292
5026
8901
1970
2877
7968
7241
8357
9963
5425
348
2746
1070
9163
1585
7520
3941
1004
6118
7050
6791
1505
3023
8470
8025
1357
31
9132
500
4031
2476
5754
9378
955
8937
5392
5810
7715
2451
2719
9234
7868
9785
5168
631
229
9327
8982
8013
2882
970
8955
3554
7341
9810
1016
458
4425
42
9059
8138
9714
8004
6039
721
9440
7758
4106
6508
1999
8792
6452
2522
2665
4725
5564
3054
1839
4121
6411
7400
1087
158
8708
3058
9230
5162
691
7464
1880
7216
6203
8055
9546
3175
853
3412
2905
7737
972
4547
2069
6421
1198
5730
7
2127
7268
2844
5503
1544
6828
9140
7393
5992
8001
8402
8326
4317
3840
2272
8879
9235
569
952
5596
2696
9570
1217
7930
2605
7882
5569
9424
3607
8455
5750
3186
563
7467
3065
6975
1642
5100
3243
9997
9917
3828
2859
3164
7423
1292
4236
2725
2672
8973
3400
1123
693
7161
4884
8546
7475
494
5757
3649
7906
8128
8152
6410
8084
387
7256
2626
7865
6130
2821
2273
5645
6214
4063
2131
1953
2528
2503
71
3076
409
8694
3681
756
8522
1205
1715
6061
2323
8614
3162
6295
947
2077
6540
6969
1071
8747
4808
7716
6211
923
5483
3235
636
8665
4264
7189
9935
4828
4628
988
7064
3028
1710
9394
6625
9855
3936
3943
3393
3815
2344
1863
7296
2770
6504
2758
8006
6273
4571
9489
3340
7951
652
1875
320
2079
8535
5677
7096
214
2038
2164
1419
1114
8780
6573
7117
1248
4983
2996
9928
8286
9259
7986
2243
5772
8261
8622
4865
98
2753
6829
1701
9337
5744
9599
7526
1859
784
2853
2841
5554
6739
9048
9713
2542
5370
9055
9138
3083
1857
4810
6821
5939
281
7767
3352
6107
9206
9049
7298
7253
5672
4654
5514
1374
3016
6393
9293
3822
4495
9179
4873
6080
2097
5211
8321
6074
6922
797
2379
3635
8946
3347
6275
6556
9573
7806
9289
4116
4019
9487
2336
4074
1021
640
3827
6284
6935
2137
4417
3604
7969
9953
6263
2314
802
8130
2386
2827
7269
6712
1222
8603
6844
2487
6877
6708
3362
4237
5433
4051
72
7974
2759
9082
2496
5462
7427
6881
8019
2546
3923
5787
4923
9105
3817
2557
5226
5266
1904
6744
3740
3633
2462
345
6240
887
3469
6985
2682
9901
3166
3716
9444
577
1893
8079
4075
8891
9606
1454
7210
8975
2835
5908
878
9194
4430
7344
6183
3206
1755
1159
5669
5947
5288
9719
4758
3050
321
9652
7004
587
303
8216
5123
9797
8347
9758
3898
4874
3534
2525
9449
913
8462
4705
9537
754
4418
9348
5831
3342
2994
5454
2926
5584
2391
5501
8174
6763
9060
6884
9524
8738
3984
377
9521
