2023
4257
2664
1632
4838
2203
6543
5840
5327
3891
5251
2577
5963
3309
7522
220
5142
7255
754
9862
3685
7971
5987
8255
9112
3286
5658
8460
5510
6132
7589
7253
2327
8768
9528
8984
8317
2369
1854
8887
2164
8742
7714
1084
2933
9142
1040
7189
5153
9155
4336
3688
3728
4852
2186
2384
9267
6709
316
8103
5314
7817
4839
8504
8464
6946
321
7416
8347
507
4426
29
3898
3133
8618
7199
421
1913
1230
8325
8596
7089
5706
224
4258
8923
2306
1857
3398
868
2753
6247
8440
7431
4751
3390
7434
9607
3189
1356
6143
8968
9031
3529
887
8959
5216
3149
8352
4149
2973
4122
7824
8168
5739
9763
6572
2596
3435
1367
8288
9021
6413
4567
5942
5612
5391
5747
5466
4868
6161
4358
8552
4837
6936
5720
8678
2485
4717
545
9089
9547
410
5584
8290
2672
3326
5371
7857
1300
9656
301
7770
7568
5704
4242
3647
1135
9106
6503
7499
6305
102
967
2673
7429
1085
5447
575
5369
6546
2938
7263
3664
2820
6599
5415
568
8822
9608
9520
3123
9621
9665
9190
362
1426
2376
7450
3293
141
451
3243
1559
276
8650
799
2666
5870
1680
