3562
7762
924
1831
5047
2441
1729
4783
655
8686
1151
3068
9873
6105
7240
6395
6426
3895
547
3651
7911
7822
2737
9907
3683
5025
2265
3715
5279
3628
9041
5889
6275
8293
2276
2729
5038
2104
588
5019
8798
2583
1020
3834
3391
2299
2122
5031
8607
9021
2784
4081
2044
6325
2356
7686
9521
3597
9705
2291
9349
6087
8695
5234
139
4447
6570
5389
7560
4738
4767
4378
5907
5926
4347
6070
9835
2406
9436
3619
8565
5969
2918
6550
7131
4068
191
1060
4740
9238
2650
5856
7545
9662
9152
5960
5913
6470
6419
5399
1210
6492
7767
8065
6716
9738
944
9390
775
1756
7969
2500
4549
1384
7341
831
3036
5836
8178
8160
3958
4341
7729
9230
7217
1350
9970
8084
4114
468
5106
5775
823
8582
7633
6762
7623
7580
8108
7812
6230
5263
1772
9839
8002
4907
1409
4156
8757
5904
7912
2643
3730
1127
5791
2692
7451
1656
3644
1087
3307
3837
7225
6215
3451
367
9495
9058
1111
1782
7726
2236
7471
637
3200
8992
675
7192
1988
8025
7416
6092
3043
8747
8500
8496
6018
8490
5168
9105
2113
8588
4879
6620
7878
7334
4191
9502
4711
1970
894
310
9455
2002
9262
7756
2877
5823
7401
3407
6218
4577
9471
4571
1248
7087
8682
99
4355
2165
8050
2060
3188
2365
4869
6377
1167
5497
5985
3247
8628
959
7011
3581
1418
4296
196
3794
6803
969
8672
3549
8412
5255
5742
1475
4193
4543
1142
7070
7396
2071
8317
1181
6266
9584
2334
9053
1547
2129
4614
4473
9114
6976
755
5377
917
4274
6125
2267
1375
1865
8887
7083
854
8398
9142
6224
2773
4077
4978
4430
1058
9647
9272
4848
2955
3670
8238
5344
8272
7045
6294
7433
4960
5166
9259
5330
8680
2191
1658
9842
5695
5512
6984
5096
8213
6931
4337
4872
7908
715
8775
1199
2609
1376
8018
2553
1458
5758
3757
3141
2259
3072
4011
9163
1737
3776
8647
1438
1605
9207
913
476
237
7660
9824
6026
9944
4488
5224
9989
4920
6416
7721
5480
326
7856
1229
4999
5794
9852
7193
641
4395
8969
327
3022
7273
7700
8985
5133
2539
2241
5411
9654
3532
7417
8577
6743
4578
3979
9047
7499
9051
1761
3217
7058
7370
7716
5016
8539
5258
6350
1073
7875
1910
4664
3187
8082
459
1708
1725
2611
6442
4298
3346
5666
8722
6706
4886
5151
4070
816
5764
7281
1914
8956
7925
8934
3803
8359
5471
7337
5936
9489
6659
7944
8753
3438
4291
7123
6736
770
6535
3397
7965
8274
9437
7801
882
138
9916
727
2117
6904
6352
2981
1583
9153
6145
7597
3805
7661
8756
7176
402
9585
4637
4221
9189
6188
8406
9629
2502
9813
9995
9695
197
1943
9384
9263
4977
7411
3367
1104
7612
9718
6603
7870
4124
2151
4953
4634
8311
8405
2894
6944
1650
8009
119
9636
5840
5671
7134
1413
8685
7408
2180
1118
4985
8580
3349
538
3131
3583
9699
1616
3405
8960
4162
8950
1101
6489
1864
8839
2480
1194
2869
2824
9068
1169
4801
3527
4899
4144
3606
5332
4546
7896
5235
4682
5555
8443
5221
3182
7306
6591
4884
5726
9403
3058
6918
1451
9454
4340
3857
5013
6576
9797
7282
1994
7993
6898
3684
3498
345
8959
7290
3920
8217
3911
4754
3931
2268
1676
8987
2584
9211
9237
3310
6942
644
4243
3306
6715
680
5071
9248
2169
7065
5363
3750
4489
1280
7543
340
8356
1190
2422
2056
6731
8538
6437
8778
1072
3357
5963
6367
6126
5981
5464
8385
5520
1357
489
3771
4389
1113
7399
3869
9765
5591
1491
3212
4587
7198
2563
8645
2453
1405
8351
6382
8996
1778
9757
595
4898
4214
3280
1597
7137
8059
6613
8486
6621
3378
8868
152
3308
6823
9837
9355
4411
818
8446
3745
4776
3507
6875
5604
6914
4342
4786
7680
171
9583
2188
8379
4372
1175
29
1301
9339
3957
8922
9434
9157
1070
2919
3701
4423
4223
635
1235
5109
9067
6536
2488
5474
280
3122
7384
7706
6907
2036
8078
611
5692
5843
401
4403
6559
6226
6490
6625
6037
8136
8282
1749
8348
3929
7093
4987
9684
6908
1276
5340
2916
1461
6973
4746
9883
8506
4969
9637
5619
3539
2714
2944
1506
9316
4591
6876
5125
6642
7956
7248
7528
2279
2812
2572
2956
487
3440
4870
9725
8408
3945
5394
9910
6394
5452
6043
1969
9405
4784
5355
4016
2161
3396
5874
8150
3042
5146
9409
3499
667
3446
5755
6023
699
3981
3882
141
4352
6282
1353
6847
6764
7816
6337
8766
1535
382
9183
4379
7421
8664
4010
9443
2409
6430
4811
4275
4026
5518
7414
5383
1342
4414
6185
9028
3366
5865
4032
7167
6785
9204
9651
2642
5220
2675
516
817
4703
260
9506
4605
84
6463
4513
1757
4018
6064
4620
7426
9857
1810
695
6393
9120
6205
744
3038
7356
6057
3694
5032
9449
9389
2212
1795
9380
9552
8579
6805
7002
856
1660
6146
7733
9180
5961
3816
9716
1163
6634
6981
8618
4538
416
2413
7435
6585
4949
2802
3135
9343
6397
580
866
2271
8948
6255
7321
3762
1010
6082
3923
1617
9422
802
5475
1509
8117
1677
1613
5869
1926
6522
9609
4386
2225
6554
7351
2189
380
1371
2638
3276
3469
9549
9608
4306
1751
2753
4927
7079
2726
5711
9282
5392
7647
2589
792
9388
8907
9526
929
1916
3747
2196
7585
3065
8215
4344
2456
2243
6727
8737
1681
8194
5052
1741
168
8310
6238
7344
1875
6140
4684
224
3817
5226
3576
9714
3782
3484
6999
7027
3289
3300
937
3434
3541
6203
6130
6335
2663
7992
1964
7187
5276
463
1819
1958
9351
9407
3025
665
2798
722
6745
8116
2159
3121
2754
5500
1231
5292
8784
6401
7757
7059
230
6780
2937
6110
5828
9534
6719
1615
4165
8207
859
6349
210
774
8739
449
6865
1662
7950
7146
597
7983
3458
691
3984
3304
7125
254
4778
5908
6333
1289
5716
6959
1820
9186
8158
4906
4764
9298
4768
8713
7810
9655
2375
7234
1886
1510
1976
1665
1360
1952
7267
1537
8880
2309
3548
8518
9496
6233
9829
5910
5251
3441
8216
8470
6330
5630
9717
8983
1315
1335
4419
1086
3778
4611
2473
1745
11
4397
4650
3663
3323
601
2128
1414
335
9783
9978
2141
8587
404
991
2020
2995
1408
3198
4976
6751
8604
3690
7634
5569
2975
7018
8357
349
5950
1114
1407
2715
4842
5485
2352
9169
3016
154
8079
8941
3971
747
5669
1648
5341
9244
9275
7699
3302
7837
7971
4865
6152
9825
2751
941
493
9581
2887
1870
3049
3879
786
7183
9520
9741
4558
4635
5401
9022
8902
8276
6193
8151
5082
927
6457
9535
1158
6921
1678
8886
2988
7534
6244
9117
3611
721
5999
7743
7112
7404
1074
1016
3545
155
2825
2086
13
4240
4788
2597
9119
3511
3305
2837
5269
6756
8242
5328
5159
1671
7098
2850
5877
129
5201
8199
443
7307
3658
9205
2816
9421
6578
6660
48
2693
4537
1078
1972
4461
4293
2362
3987
783
9308
5126
3414
3373
7447
3518
994
8882
9828
8220
4795
3320
514
5010
8023
8287
2608
8137
5595
8305
8920
4480
1984
9841
9302
9612
8028
9641
9171
8087
926
6512
3413
5708
6675
5042
5496
3403
9591
7419
6332
4891
7216
2110
2573
4137
5596
3563
5939
2021
3703
5308
7280
2747
9284
5679
4482
4343
1243
5324
5776
407
5459
9551
3245
5111
5989
1221
7639
3884
561
2039
2364
3528
1747
5930
4282
8567
8609
4681
2482
7126
6407
1666
6464
1591
3935
7985
3146
9707
891
8099
4060
2446
545
6932
556
9196
9160
3296
7303
3613
2892
6120
6375
3889
9326
7845
6896
9607
8459
9391
1066
7024
3148
3623
4187
5302
4536
2132
7808
7268
5453
8300
295
9649
4213
5318
6343
8260
1726
1378
8090
4766
6935
2061
1050
4759
2033
3138
2871
7696
7139
5567
798
6784
422
751
9912
5663
3398
9036
9749
4665
4283
7949
5675
6122
9488
9646
6106
3100
9528
7747
9210
4940
8942
3452
5296
8891
7380
9140
8696
7636
2102
7390
4523
2786
1999
4427
5664
7684
4566
3564
7786
2689
1849
9971
753
6615
3099
1585
2255
8751
9812
6927
6231
5559
2076
8269
7226
8867
3552
9899
392
8688
222
8620
8971
756
6960
6071
6547
1120
3486
1661
5048
8531
5124
9933
203
6129
4831
8980
5243
7148
5809
7164
4693
3608
1332
6537
2083
1582
5130
6065
3219
7478
860
810
858
4911
8601
1108
4622
8223
6891
836
9736
6826
615
8765
5814
9620
7900
8586
7001
5919
6541
169
6038
5090
3707
1327
7638
1117
7203
1905
9133
3997
7233
912
1551
2595
2523
9096
9450
9305
7787
351
4666
3580
5719
2126
7008
7889
7149
3695
9374
2604
2926
5557
4521
6759
3221
8911
5347
3728
6036
1037
5614
3181
6329
2984
6593
5435
8450
7300
4048
5012
3479
4902
3060
7113
6787
5366
2486
8427
7593
8925
7463
953
745
7719
4997
6083
8663
3379
6327
6069
3807
865
5817
9010
4522
6572
8382
739
2950
2815
546
8195
9750
3447
2738
4069
862
828
1088
833
8049
4563
8830
1584
1271
8107
2628
9625
7257
9789
2351
7459
7615
3179
1944
2749
7074
9573
7861
331
8438
738
9722
6877
5871
6669
2298
3163
3409
7096
3639
4822
4438
7960
683
6250
2840
1621
2814
3759
8488
4374
1706
323
8097
3634
6104
4760
8805
3858
8988
1603
9804
544
431
3044
5397
6820
3406
7525
9766
2162
2307
3401
1811
5005
8788
7796
9556
7640
5754
4531
3655
2472
6741
4287
8250
135
4838
3368
2317
6296
1514
7569
673
6052
5880
285
1686
7103
9871
6509
2517
1933
1863
1361
9098
4106
2657
5821
4779
2664
4675
8243
5819
8505
4182
9373
485
4648
790
6687
3331
2897
677
8441
6529
4239
5845
8068
1302
3485
6564
8102
2997
9836
4046
9668
6074
14
7163
3643
195
7446
506
8724
629
6822
679
3724
4548
5854
2397
7431
3271
8559
415
7835
7071
5213
9095
9219
2843
8527
5084
9507
9194
8388
678
3968
3152
5266
8877
1836
3691
3425
2648
8573
1363
371
9997
3091
6701
3526
4796
7791
900
5627
9360
6881
5446
486
5252
2665
9682
9846
7450
1092
2512
9199
886
7942
1153
5894
2694
176
265
4257
7238
8837
2725
7504
1017
2706
4327
3408
2107
2460
8861
8513
1736
1659
5113
4318
9268
8349
4105
3014
8491
2242
2336
7582
1009
6174
5272
6686
5898
4649
5757
142
9342
8325
1500
8594
520
1103
4066
6725
8733
6838
6378
3362
5842
6982
4493
8540
4839
8246
3988
3416
9760
8705
640
9818
8076
4235
4581
720
3915
6951
693
3130
6842
5633
1480
3386
7760
3079
7952
3766
6619
562
1100
1426
1919
5975
871
9131
2063
6081
7989
5668
9980
534
6359
7986
3178
6258
7764
4636
5137
8625
9331
3424
3992
3031
6050
9571
5438
1654
5749
7348
8697
8225
8197
3389
8248
5343
4974
2469
7713
7324
4126
5386
7594
974
1595
4840
5527
5987
1898
8400
8828
1217
7714
2491
3855
9819
5803
7754
4701
3429
3953
3989
2762
9318
8797
2785
5002
1415
5931
9150
7292
2455
1096
853
6653
4002
301
3675
4402
5046
5959
1064
9279
3792
4777
316
8080
4284
7184
7488
5015
6031
6283
1224
1580
3444
3565
1185
2344
4593
5197
9463
9782
7734
6510
7849
4339
3080
7090
3339
8503
2058
8024
4929
2418
309
8219
3966
5683
5003
6392
5549
480
8918
1612
533
8004
1237
7051
56
8553
3184
3113
6622
702
5097
9093
4260
8000
5155
5205
2787
5326
2930
6137
3298
9292
4128
9497
1447
2398
2615
6703
7573
7199
872
9540
5685
8123
1031
4300
1216
7443
7255
2614
5314
3842
5259
6062
5765
6758
477
4185
1971
8227
318
9930
7718
2080
8812
7424
5384
1247
1081
1467
4133
1206
8838
4721
827
5014
6006
6802
733
8961
1586
5256
6254
