101
2234
44
2296
9220
3456
9564
8343
1660
8080
8232
3135
8397
5771
7125
9386
8469
1947
277
5730
512
8515
7715
4603
6544
5883
9542
4609
1590
7058
7164
5546
1403
4158
1516
8222
1418
6671
5250
5974
9928
8870
9465
6651
213
2089
1229
5003
627
1923
3399
9225
133
9494
9049
3012
1785
141
8995
323
2946
3575
5692
7871
6366
8814
3774
9820
430
5082
6184
8937
5960
6285
7081
6122
6362
7259
5306
9614
4044
7591
3071
4867
4298
8531
5561
4860
6260
3990
6540
5642
506
6187
8359
4497
7619
7669
1674
6482
1143
5685
1812
9179
7973
365
7754
1405
2436
8708
3402
6479
3661
2090
5084
5630
3108
397
8895
5917
3065
2814
3433
3714
1910
7128
2594
711
7597
4337
6295
4477
8501
469
5878
8095
7666
3370
3765
7070
3386
5346
2853
7334
5076
5684
40
7639
1659
9872
7854
9577
4562
4675
7523
4750
9336
9080
2803
4499
4754
6969
5326
6027
1568
2966
4500
5181
3292
4386
988
9262
7014
7111
4644
1337
648
5906
1715
9608
75
3858
6294
1477
5240
701
4469
7101
3642
2270
2336
3151
5473
8802
2205
5199
3474
3255
7190
8803
