6896
3838
1354
2946
8208
7568
7210
3992
6771
6343
6225
4170
5745
4176
189
2081
936
579
5707
194
971
880
4086
7877
3313
2776
7506
8341
4956
9363
9593
9395
2990
7734
6341
1552
4643
593
7831
6555
2194
6455
2201
6119
9237
1001
8115
2405
1992
4059
1016
2610
3687
3495
4312
5934
3387
1465
5523
7842
3235
3562
987
8433
2172
4140
7898
3928
1524
2279
3418
7837
7222
6864
7444
2026
5614
1508
8183
3173
1433
1273
1854
8410
9445
5911
3814
5390
679
4987
7994
5078
6261
3846
2316
5560
5675
1541
638
4061
1673
8971
3926
3431
2292
4016
5906
3897
1431
814
8683
6649
2500
1487
1566
5225
6988
4688
7319
3650
3539
428
4986
8376
1972
1551
949
4756
3488
6762
3951
410
5642
2702
5307
8322
5679
963
3305
6418
9186
980
2664
9672
6868
2413
9601
4294
485
7081
9904
5864
5138
7578
4994
4510
2665
9984
273
5433
9753
3769
8976
8283
17
2450
7690
5495
3900
7602
2780
4295
766
3556
8780
7661
9389
9099
2422
8570
4883
4325
7750
4287
3759
4075
5735
728
6664
9766
5926
3833
1153
9020
1817
5192
2539
8531
7454
6240
3682
9694
8617
8353
8372
9687
1660
8310
7876
32
1557
3943
8462
3129
601
1922
8388
7432
1226
1783
368
4682
7326
1753
1233
295
7541
7768
4027
5368
4132
5944
3594
3073
4970
3270
6078
3952
5613
6984
5782
4313
4732
7139
1126
6851
4908
2717
3428
1349
7688
4834
53
6193
4006
8702
3470
2045
5694
6847
4781
6279
7954
5802
8053
3914
1208
5140
3553
3954
6529
8177
169
3667
5349
559
9717
2573
1147
9643
1337
5767
3788
9353
7507
6758
1266
5705
2270
5594
8710
8540
7811
9439
6438
2532
8265
9018
7751
9028
7038
6151
586
217
7677
9916
1573
5995
720
5789
6701
4198
7890
750
6784
3466
7552
6766
515
9191
9819
6067
92
8601
9005
5622
2342
2905
8472
1896
9122
6677
9659
9906
2061
1501
4209
6929
4177
7293
3278
1760
1386
1371
6850
3279
4828
709
8004
8895
9489
2672
9749
1032
9483
1436
823
4265
4401
667
6440
5448
4508
3514
1565
5733
1481
3084
9115
117
9280
1982
3085
1933
8230
7409
4909
3390
4800
6068
7314
5100
3783
564
6829
8495
5156
4752
4327
2926
4126
3185
5208
4897
2844
4816
3097
9294
6978
5171
507
1917
4338
4773
4792
6667
2459
6203
6474
19
4473
442
376
4830
8233
7699
9177
854
9380
1842
5541
9320
2109
5857
5563
5685
952
4610
8651
6897
1235
1686
3057
9023
4859
9161
7709
4741
9215
8656
3576
7339
1270
9293
4936
4054
7089
9768
5007
499
5247
4270
5578
4509
6976
8342
9079
773
8694
5384
8875
308
4985
1731
5455
2794
7947
4658
4839
7187
7805
2239
1423
2793
5236
8852
2439
9015
6273
2067
6961
7955
9331
833
6241
2692
3919
6506
8866
5283
1342
2541
1368
1517
9898
997
2688
4369
4977
6462
