8917
2021
9730
1547
7645
6575
6441
5523
888
2708
2004
2381
7046
5838
2767
3507
5077
6704
9605
2757
5977
2711
3092
182
8877
4841
9358
9426
3511
7577
1253
5191
5027
666
1410
2697
3550
8661
8972
5948
9482
4394
4351
9766
2351
3914
9151
9026
6297
364
3738
1215
2729
6333
4921
5251
2095
8705
7431
1427
5584
9257
9309
6940
5333
452
60
5896
2517
8439
859
6226
1559
5326
3123
6908
5271
4521
7165
2307
6494
8257
2437
9473
1140
9298
7223
8046
1236
9391
736
7738
1603
6932
1961
3311
3654
9083
1120
4304
5587
8031
3293
4165
9554
3144
3326
2902
576
7357
5338
2534
8317
8308
7605
9864
3242
1269
6040
1048
2080
8693
383
3957
830
6012
5752
3004
8428
4635
8235
113
438
4260
566
1630
1635
9710
8829
7821
2483
3252
6007
1382
8460
5240
1133
3461
5155
5631
4216
6594
385
8666
9177
4474
2953
5781
8579
895
4277
9525
1948
9980
2985
5495
2378
4656
2027
5535
4977
6358
5512
6623
5242
9526
7389
3133
9118
4842
6162
1020
2263
2315
7244
2820
7377
6815
2531
9393
146
8607
2988
563
9535
641
9282
6595
1500
1865
7612
2567
2524
5468
8642
6198
9578
9668
665
8416
2941
9025
2283
7958
6065
5730
3340
7972
3845
3900
6694
3238
5459
4089
2162
9139
7690
8503
9850
862
2298
9484
8880
8475
9020
2142
1204
9940
3192
7990
3822
5926
8876
5617
2913
7359
702
9874
5031
1831
1792
4868
5954
3088
6985
257
7564
3203
9716
7508
6671
5233
4794
4479
7322
8314
4948
4014
3912
7916
8637
4472
4438
6031
3053
2145
7342
5401
1153
7486
4199
6
6415
4160
9768
9681
655
8708
7841
2546
3213
273
2630
8277
9334
8835
4131
6397
4600
476
7235
8134
5132
5342
8575
4901
4440
6934
3247
9918
3375
3634
2022
6321
7040
5334
3828
7900
7622
4618
8408
7048
936
6349
815
9863
4032
55
7869
2213
1279
5951
9595
8138
9960
9140
6412
6473
6021
940
6362
7585
7119
5711
6605
5536
3176
4228
3599
7014
5821
1482
1179
7387
2113
8750
5111
3597
4180
6757
2110
1775
5369
6190
3060
9219
7608
7481
8489
8555
5658
5688
2927
4657
1802
3588
2987
7077
8790
9893
8976
1224
1398
1867
1873
4530
6980
5553
3431
7828
378
3057
1394
1165
5881
3720
9400
752
9110
9600
5377
2598
2313
1445
9759
1332
6361
168
6396
7908
8627
9785
3746
4588
33
413
3768
5142
1185
7003
7386
6379
9927
891
6658
2247
565
1762
3100
4114
4092
8600
5072
2033
192
4401
9477
3499
6953
6161
2846
2012
8608
4383
9688
9152
7843
6916
6302
2024
7966
9348
2322
1243
918
8202
9240
6811
780
4527
3663
5816
9398
5592
6832
4751
3947
2890
4008
6142
7686
1161
9781
8778
4705
8443
2840
2058
3338
1515
809
3463
7701
1257
9210
1981
7253
4510
428
1763
4743
8135
6391
3104
8104
3415
2788
6217
2731
840
8036
1391
2813
1401
6944
3794
9022
8376
2477
6204
561
9530
1537
4173
2810
9534
6562
724
2822
2419
3742
2587
8414
5371
4785
8279
9199
5094
464
4231
714
507
4633
9141
7915
6434
7783
4857
8551
3470
9275
3842
3279
3473
4245
5564
8549
4801
4643
2783
5116
7876
1131
660
9614
5406
7874
8103
7232
2296
1347
9346
4597
1776
3357
2856
9553
9125
3869
5882
6520
8982
4829
6931
5487
7922
2232
2072
8167
3207
283
4825
3219
7578
5393
8192
1696
3730
6837
2671
8806
3451
9148
5503
2951
3745
9527
2246
4675
9835
8605
4423
4197
7010
1050
5717
3604
3773
3744
6708
8255
8322
4982
1452
5130
4127
7852
4903
6576
3122
4920
8030
5757
2521
7712
2274
6546
2952
2486
7528
3795
7433
1462
2391
8683
8659
8310
5947
2919
1677
4446
4415
6551
1880
3072
7960
328
898
144
6772
1254
2045
3458
942
5053
8391
8022
7901
79
205
3333
7807
3267
3508
5440
3206
6431
7700
4759
1709
8647
1210
7081
9934
5321
4120
1612
2349
7475
250
1428
3761
6819
1009
7038
1111
3590
4481
4804
4209
4659
1512
9307
1102
5901
1400
3885
1832
5594
5686
2691
7827
4876
7714
4122
3174
6718
1746
6228
7929
2029
3231
3811
8043
8244
3899
6650
5201
5788
9879
1707
1484
1360
1960
474
4075
7741
984
7323
3789
8841
2130
1592
6793
1460
4128
9382
9828
8548
1052
3928
4662
97
6367
7400
621
6921
1065
4728
2946
9796
7016
3954
8595
9293
4819
1250
5373
5026
7393
2552
1108
5516
9108
6106
4035
5887
485
7226
9162
9111
8072
8227
2906
17
9418
3862
66
4715
6405
2216
1417
7744
1523
4365
4333
5795
6248
8116
6370
4121
8946
7070
2968
606
4892
1558
1010
7986
200
4420
3922
6334
1751
4625
7546
6749
7784
9616
8957
8875
5504
7413
4683
9630
5266
3273
7907
5479
8159
593
150
5397
7868
249
5990
2920
5000
748
6019
676
8740
3308
9742
9292
5246
1361
6970
697
5195
3930
5432
9882
160
3409
5519
523
259
8922
3987
5162
8840
4680
5982
3647
1089
4922
2868
238
5923
4003
5033
1480
9193
8117
6820
1608
4251
8100
9052
7507
4407
1420
8295
9267
83
202
7467
9798
9242
5941
9236
3153
9061
7231
8267
4284
1312
5133
1166
3143
639
8360
729
4959
9156
1698
8538
7313
1548
7962
7423
2601
2673
2642
2433
6786
4872
5091
5234
3487
2593
5866
6596
1819
387
967
9877
1711
5680
1478
9540
1773
7499
1499
8741
8350
4049
8855
7687
6947
4799
1471
9255
9761
4890
1019
8758
3553
9392
5636
425
7706
311
1723
6852
8837
1513
3931
1549
6664
3643
6446
1169
5175
8999
1575
7602
9550
579
9327
5597
629
4300
1455
3003
3292
7101
9489
2166
1228
91
5618
1889
5993
209
8334
9513
9059
4773
58
7801
2591
2266
2068
976
9361
52
9060
7220
3488
9211
1474
9755
8149
2976
1699
9457
1423
3182
