4413
1517
4858
9297
4935
5692
3875
2741
9052
8755
6846
8798
1373
8490
3775
9416
9531
779
8166
9574
736
2444
7885
6549
199
8518
46
1135
135
6772
8426
3312
1307
9199
4528
7479
4006
65
1599
2129
4917
2370
2158
2557
4319
7522
4730
9919
9248
8750
2078
7240
6672
5877
422
8072
9122
2003
2958
7302
1894
9015
1633
1183
4643
8505
3813
5058
8310
8888
5348
806
5378
9624
1955
8111
5064
1284
4856
9211
4448
6039
7012
4071
8358
7467
3070
8962
2837
1582
7115
2044
2994
3671
5144
6366
1086
1870
9497
4480
6805
3542
9878
6789
7004
6427
5404
5623
7415
1532
8451
8071
7719
4611
2475
4489
3715
8418
4895
6200
9828
4875
249
7072
3928
2202
7530
6129
9917
5759
4546
2961
1874
8756
5281
4983
2551
208
7168
2976
9952
3716
5223
5508
7771
8190
4166
2833
3588
7448
4475
2026
9250
5354
5405
7935
2610
4590
9072
4486
1443
1665
8393
58
4863
4404
2273
845
1786
619
8801
4124
5818
2902
7388
3730
9274
9479
2794
4755
4415
746
6466
4182
7502
1449
9094
510
8322
7442
295
609
1776
5368
7300
2345
1832
8529
1873
1142
7493
2769
2127
4951
7526
2289
7293
1127
1810
343
4500
7425
3168
8865
659
5511
299
9353
1459
1231
5533
5606
544
2191
7430
4342
4126
1349
2957
2901
1051
8596
8109
9785
6413
6458
4758
4782
8032
8820
2049
3782
8050
3838
238
9032
2004
5932
4360
4193
5192
1936
5863
7649
7196
2107
3719
7835
3709
8195
2965
2683
6682
1541
5961
7270
5097
6541
5294
3256
3814
4617
6617
8817
6451
5919
2569
7725
7688
5222
6915
4038
9942
8950
681
2440
7044
9212
1557
8791
2821
3221
4950
4446
1061
4930
2293
7540
4871
4797
8721
1632
9436
6249
7886
8527
3929
2271
8894
2134
3236
3781
8256
6287
7910
873
2560
9220
2993
19
4697
6132
8576
4986
482
4795
5108
7867
7609
4288
2104
5825
4587
5779
1924
3075
5757
4852
8479
3134
2209
9640
9069
1622
2634
439
2002
7392
5812
48
6767
9974
7851
2883
7534
8087
8642
3102
6008
2077
8982
7528
5913
3578
4380
8879
1084
9110
6576
5037
853
3438
5980
6556
7583
2805
4898
6297
33
9126
5650
4723
1854
9227
9174
1855
1978
5480
5377
3979
6875
996
7697
5437
139
2649
5839
1298
7462
3697
1675
4312
6683
7991
6085
2736
5500
721
3993
2356
9315
4044
6544
4223
9577
273
9914
9042
298
7338
9677
7715
4353
2971
2434
8039
533
5184
2642
8555
3089
7783
6308
1433
4127
9584
2476
9407
6144
2896
7816
3300
3397
2590
9144
4527
8221
3080
9535
5455
4174
1871
8273
3413
8434
2697
2597
1993
6833
8892
6529
6463
3610
9984
4784
9703
9581
2600
3712
7948
6038
4556
3566
3603
988
2199
6985
2095
7237
7747
6362
1477
2460
7737
3425
114
2290
5787
9079
7496
2810
3475
767
4857
8074
6901
5465
5063
6862
8630
