8006
4580
1058
3176
7717
1378
9688
4921
6820
1236
346
4002
7745
7737
2640
8399
3408
5547
2606
5632
8874
7437
2499
7612
5270
1654
6307
5312
1978
399
1621
2551
2508
8513
2933
6823
669
3331
6090
9507
7315
5864
1615
4617
4984
2082
7104
5118
7662
2398
8202
382
3304
6434
7448
5036
4575
8858
7158
7508
8197
3574
7372
4206
5693
7877
531
3774
9173
4281
5268
2102
2472
1296
9539
1013
1806
3031
4596
7985
7472
4696
4110
3339
111
5309
2364
3780
4943
1717
4661
682
9350
4030
5275
3049
7394
3223
5703
9808
4571
434
8370
7554
5921
348
9248
7726
8745
6946
867
2651
1834
4642
7722
8813
2744
3017
5351
9357
8796
5871
1382
7721
1577
4772
7116
5810
6152
8911
9708
5274
8083
5039
4094
6445
7518
5358
1991
1139
8588
6652
2599
4762
416
7110
3864
2738
3822
6253
8521
6577
8684
2329
8679
6719
4747
5552
9518
423
2751
8866
365
4329
8681
6478
4360
3291
2005
2106
7367
5544
5734
8379
6326
2684
1523
5206
6706
5602
3953
8491
8912
4377
935
8929
2037
278
7226
5725
9693
5713
5990
2807
3009
1268
8032
243
515
7047
3137
1602
2018
5129
6645
6015
7136
4075
8181
5346
3993
3991
1466
9114
9319
1723
1335
8781
4809
8683
2569
8312
4964
7113
4987
5334
734
7532
4337
2067
9011
3048
9540
4418
3432
28
3888
4692
2197
3561
4550
5082
5853
8358
773
7699
1965
3313
5283
9751
5262
3115
6748
1902
3486
2498
3815
766
7165
6271
2736
9582
9818
6149
875
2020
6363
8423
9789
8795
5146
4336
265
7231
1759
5279
4485
6023
3180
8352
8063
5582
107
7356
8892
401
5377
9599
3600
5879
2339
7816
7393
3133
3496
9554
9857
5777
4676
5471
3777
88
6540
8039
9782
2916
9489
8081
6915
4334
2704
9034
1618
7230
7282
9122
1868
2661
5137
8833
4152
7774
5794
2502
2808
3750
463
5317
2075
1625
479
1345
833
5923
6547
8147
166
1538
5615
4193
9369
5618
8723
1682
5826
8601
5077
6529
8962
973
6318
6982
1496
6732
9128
972
2159
3475
5454
5451
7785
721
2732
2776
2380
354
8211
6456
3791
5796
813
7700
5665
2610
1417
7379
250
513
4971
8293
1611
6303
71
7040
4688
7281
8981
5316
7682
9687
8212
9303
7575
8365
9985
7541
9058
564
984
7977
9560
787
9003
8992
2497
4168
6751
1924
1474
9000
4587
6643
5464
941
8406
9038
6621
7384
4340
7363
9647
7322
6513
2698
4868
4568
4765
786
4982
2284
7707
4871
8744
5408
9353
3153
922
2485
2734
7830
1214
3640
6039
9078
2366
2341
4666
1994
4310
6764
4815
9746
9174
9972
8304
7001
4425
9094
184
9864
2205
8919
3324
6020
9118
8997
6938
5663
4653
1177
5060
6098
4598
7792
5414
9147
1062
3961
5487
9874
3123
6291
3800
6174
5651
3062
5258
9846
5968
8741
8945
5753
4403
8901
7308
842
5328
6537
1084
262
274
9601
8425
9120
2286
7344
8519
3839
6027
6286
3217
6541
1148
6236
5961
7807
432
7105
808
9333
9411
4848
1393
9102
1070
4563
9449
3077
2222
179
4863
7122
6397
4640
8768
3070
21
3113
870
362
3248
9496
1786
7082
7647
2289
3033
9705
6703
8102
7456
6260
8505
8455
5556
3994
4907
2874
3155
2680
8566
3205
4797
3578
5832
579
3482
225
5868
6625
8374
9491
9213
3761
134
3533
5877
3265
4116
1913
4551
528
4178
158
6974
2671
1984
5977
1189
8887
1692
532
2769
2813
3200
9061
22
2022
2945
9762
1319
9112
8593
2622
4595
7195
7088
3286
3776
7139
5898
3846
6582
2484
2555
5370
9087
1098
2974
3288
7627
3565
6471
2743
9718
3988
966
6868
3620
7483
5440
9609
6068
4170
9602
6886
7121
5148
1235
2582
2901
2841
5700
9274
3637
4343
789
7895
3683
4734
1815
3767
7883
1779
7884
2817
3075
8447
6409
3707
8799
8168
4102
3537
8320
6422
6175
1758
8674
174
9020
5272
2973
1858
6845
588
7273
685
1703
3454
5496
5589
5278
5240
9923
5910
3927
3307
142
4293
5723
4881
6248
7501
3236
4561
8606
98
1686
5730
5295
9928
1711
7140
1193
557
4496
9884
628
1067
3951
6230
1092
2635
4177
6897
859
6743
4091
5708
8910
7611
1057
9313
91
6617
555
8149
1043
758
3571
3957
5951
3141
9076
6678
8134
611
8224
113
1643
2659
3592
7420
9384
260
3926
848
4534
4932
3163
6382
3098
3480
4350
2257
1191
3809
5894
8872
8436
7712
2452
5417
1589
495
6449
9569
9814
5362
7760
1260
3181
2616
3224
2202
68
9894
6613
2192
3368
5506
4208
3278
3251
563
8282
6111
3807
1632
7351
4128
5389
2937
8332
9700
9149
8767
8689
4321
3175
2519
8562
2952
9533
9980
9244
5937
9322
135
8110
4451
5959
5483
8061
162
4212
3260
3256
5729
4386
1457
4056
7698
6373
613
6466
1342
1607
506
5904
1365
7773
8193
3713
5874
2577
7087
8611
9959
5449
1636
2796
1893
4620
552
2419
1805
4495
1526
1251
1475
2157
5064
9634
4909
8391
7428
4703
2578
2134
1887
7418
9594
1785
9195
1750
4635
7797
6863
2900
6470
6871
2650
5285
9391
3717
2038
9361
2731
716
8208
2070
1969
9312
1920
3514
9947
2088
6602
7006
9406
7424
2424
7361
1034
6317
6887
8144
3398
9513
4020
2368
8861
9316
2176
7780
6893
9669
9246
3495
8842
2991
6622
7295
2130
5610
5737
1664
2103
838
3602
7182
7398
7966
5359
5672
3853
9091
6282
8198
5548
4398
5797
6600
2278
5245
2251
4837
6266
4467
9696
6690
337
190
9119
2084
6502
2840
8790
2575
1368
5303
9793
4658
8777
137
6663
6628
9167
8604
7332
1544
352
5215
3135
2253
5111
5167
204
6150
2557
6504
9283
4989
8960
5716
9664
159
3107
7347
5912
7081
4410
5099
6847
77
625
3232
3189
2460
6927
1516
4773
7677
6581
1866
3124
371
1181
6240
5789
4677
3
8977
5882
6294
8017
7071
9241
6880
2009
2597
5972
5071
451
470
2641
8738
1849
427
4893
3238
7860
2673
6749
3908
5641
1359
268
3566
3694
3222
6047
3237
443
4714
7713
3805
108
7403
5570
8041
9191
3266
9732
490
2656
7869
4922
2789
1174
8567
3726
7329
6285
9758
6579
898
9903
3577
2745
1745
2361
6624
7703
2904
6229
2045
7033
4577
5235
3296
2124
8033
9612
4123
9081
6626
4022
7528
3527
855
3420
4573
3297
7855
4518
1708
6609
2337
8188
8456
950
9320
4600
9293
8007
3041
6861
6795
6277
2003
8444
5626
5140
8256
7160
3463
3366
1659
986
4357
4679
6400
3190
9222
7450
4602
9002
8429
5088
8136
1170
5386
1372
4143
1990
7980
1660
9409
8073
5631
2356
145
1781
7092
854
8336
970
6378
3354
8974
9965
9860
3228
3412
4983
4304
9838
6666
1919
280
386
7815
5016
2550
8526
8124
7330
9232
3008
2688
1375
5676
5052
6349
43
1012
1065
5900
9822
245
5171
8821
3799
2474
8702
9790
7100
2621
651
955
7395
752
8410
929
4132
5357
1950
1108
1083
2011
3023
8160
2168
9781
5085
4167
1493
176
2596
4651
8297
577
14
6058
670
444
7444
9939
8307
2180
8036
1431
6292
6107
8114
6223
7161
1881
5439
5575
6105
8405
4323
6640
6237
1326
7971
3072
8303
4446
1315
9039
2050
8135
465
7495
5848
4817
8964
9615
9792
3022
6185
2513
2217
361
3143
7241
8411
3262
3103
9833
501
3507
8597
5816
3005
6390
8119
5911
3999
7484
370
1851
921
9084
2503
8213
8298
6056
9637
5341
6462
1297
2405
3627
4381
8344
9111
7738
7056
4745
4813
1290
2627
5361
918
9505
2786
1129
9390
5767
711
2307
4691
3612
6593
5493
6043
5660
6420
8715
5001
2820
5491
300
5509
6168
1721
8967
3885
2213
6186
9855
9464
6034
7976
7947
4898
8686
3105
4569
3333
2943
7025
3239
1517
8439
5766
6330
323
1886
8847
5511
1078
6901
202
3445
930
9224
9488
4590
8031
144
49
4884
2466
6814
5125
8645
6178
2785
7644
5175
9666
6635
104
7915
5394
533
6085
9226
616
3997
4835
7345
9763
1364
9375
5073
769
1219
6888
2430
4365
48
5607
5954
6639
2696
6969
6725
9107
222
522
1273
3109
4501
559
2113
796
7878
638
5421
2019
8323
4906
1884
1957
18
3873
3916
666
6598
3025
9927
6007
807
5261
6299
7759
9744
9731
874
9794
4107
8935
6484
433
3935
9654
157
6788
9438
7934
3430
4228
7070
5338
4647
5086
4351
4878
3299
4811
2607
8839
1770
7016
4352
5667
2963
7366
7580
6768
2554
6102
5029
2492
8351
5257
2853
3711
5153
4007
7278
1366
9843
6215
3892
2780
2196
4639
9346
5332
4313
7237
6865
723
9930
4055
8038
9826
815
8123
2436
4093
6464
2560
9891
6854
1928
6909
1323
3664
9984
8867
556
132
6341
9315
9045
484
1079
737
8025
7765
7389
1194
1554
1973
8612
3375
8843
9127
8485
1662
9067
9512
9295
6165
7275
7409
7673
2367
7786
6123
6912
1702
1103
3883
4626
4052
5696
9848
886
1377
2391
2370
7546
7954
4794
5369
2128
3526
472
4740
8120
1419
59
8271
2057
6067
7038
7824
25
310
6827
4400
359
4232
1091
7837
4137
6844
4004
4308
5906
486
6632
8882
468
3702
1550
4202
3312
514
643
7770
7255
1435
6421
7725
2153
57
5106
771
4524
9412
6789
7863
9221
9351
3747
626
1910
6032
3305
5164
2831
3850
6212
9648
1889
938
4556
493
4857
9139
8748
4738
993
4917
1344
4387
887
251
7533
3257
8725
8609
778
6216
1752
8889
3050
2013
1795
5208
8215
8969
7156
7052
7303
570
322
8709
9152
2245
8113
1310
7090
4970
2066
2132
3433
6935
4808
8223
4078
1775
4385
4805
6773
5934
114
7021
5368
309
4127
4344
6346
4709
2932
9575
5942
7189
2207
376
7053
1405
9135
9025
4961
2041
719
1202
181
4957
9719
3085
8166
3290
6758
2451
5409
2000
5391
4017
9062
5896
8209
6696
3322
8891
1862
4183
7636
2393
3862
8243
6387
7551
6697
6360
4087
2587
42
9193
5426
385
8966
8286
3897
8493
5054
4548
2803
6073
9230
6874
165
8191
1568
7466
5907
1423
5664
3944
4852
822
2410
9563
5401
9778
9298
3922
4908
8300
2956
6135
9919
4880
615
2512
8231
5173
4860
7997
774
1698
2288
1240
2230
9236
7382
662
5406
4540
2276
1112
2939
4407
827
3384
3326
2583
7223
4614
1467
5124
6812
1961
3464
9169
1089
9587
7692
267
3742
3243
9286
4001
6190
7460
1537
4895
3428
8807
8996
5811
27
8355
9788
4920
3202
7214
2714
3310
6940
9851
328
676
8481
3013
4965
4066
2193
5022
154
2315
6904
7173
674
6631
2086
3083
7988
1676
6324
1187
4332
6143
8375
3292
653
1907
6220
8443
5678
4402
1923
4793
1145
1976
4073
1585
4588
4702
1810
7793
8309
7719
3760
2413
3861
1825
7606
3893
8687
3938
7809
8218
7968
8585
6853
5239
5539
12
1433
6762
5698
1015
8809
6171
2470
9809
7946
5967
8459
1283
5608
5301
1339
5521
8437
6255
9145
2389
6232
9330
7102
9902
2667
2602
6733
5020
2448
3037
8898
6972
8751
7431
3199
9890
3560
1305
9524
9547
2007
7564
4031
7894
8766
5011
2359
1138
7019
8750
4294
6342
705
2781
728
5014
4325
6571
7353
8294
8128
5333
1699
4940
2727
7511
7769
8525
8403
8498
6553
592
8267
9414
5603
1744
3631
1710
2670
6505
2016
1473
6189
5569
6304
7280
3921
23
8712
3757
8373
9089
4443
7455
3732
8022
7813
9673
1570
2527
9866
4393
7577
8080
7535
1017
3473
6225
5404
1525
1875
5635
7265
1897
4482
9993
320
7783
2612
4488
8820
285
5310
6620
6670
6809
4298
7041
7115
834
2730
3899
4945
5513
5978
3451
2209
6155
6655
5776
7831
5596
5586
2440
7439
7103
2060
5836
