2226
3753
1101
8390
5173
718
777
8501
1615
8888
1109
1463
9181
7849
1015
2019
8471
7372
8313
4925
4631
7036
273
9582
7880
6315
4321
5717
6262
1235
8509
308
6934
4915
2700
7290
909
4216
4507
8652
2239
9504
9147
2929
268
1612
3283
5439
2149
2044
1341
376
5461
331
4561
7173
4272
4557
5486
8069
3921
6392
9248
6270
2350
4200
1900
3140
9743
4793
2015
7484
1047
1220
7456
3029
2969
8018
1377
9765
7237
4436
7974
985
7660
5156
4137
7034
3752
9839
7122
8985
813
5501
2294
3889
3521
547
6891
8724
5374
9776
894
6772
9464
3566
4921
3735
1084
7206
719
8997
5443
823
7211
4398
265
5324
2224
3625
2931
2713
5442
3572
3843
3399
6364
3737
1501
7640
8957
56
1027
1034
8245
6325
759
5218
9733
7632
1907
3844
3279
486
8530
432
6822
4700
6726
4753
6500
129
9334
2978
9603
8728
8130
1214
1409
26
8735
8978
6625
2306
573
7077
3556
1302
4778
8436
7139
931
8578
2972
2418
7477
3868
8453
2307
4388
4887
2554
6141
9171
1438
1368
8165
4060
8122
627
8494
2974
8196
3426
7233
735
3836
529
3968
7081
