2395
7902
1389
7524
3373
6586
8406
5169
9205
4085
651
7523
8756
6513
2161
6618
8832
3541
979
5613
2276
4306
6469
6451
1634
6012
4235
8356
9342
3680
9263
5678
7065
5399
293
6284
5555
5835
7331
430
6106
3195
5866
9691
1616
7552
3042
8789
2366
4455
3351
581
9359
8352
974
1292
5574
2971
2916
9836
1139
9751
6103
294
2343
5441
6236
9824
6403
5419
9142
3448
5927
8654
751
5307
2319
1484
9023
6584
5166
7124
4777
3946
7167
2761
9306
9536
5102
7345
4141
2776
3322
4676
6132
3212
3731
5474
7196
5305
5650
3287
672
7752
8425
5008
7436
8158
9874
4991
3324
9424
500
7747
6123
4934
5595
5622
2539
9469
7410
6272
8481
3091
9027
2970
4902
3165
7555
5988
6307
3825
7797
7012
6842
5247
1602
1780
5709
6633
7557
1763
1382
8373
4277
7952
876
4233
5853
5563
3709
1176
6688
1464
9952
7727
4583
3350
6876
6812
4538
724
1609
4969
6773
5071
9860
6488
6478
9791
8892
8590
3662
1465
6711
8391
9958
3488
7046
5584
4847
5288
253
1685
517
1506
2562
3058
31
8242
7648
4234
1089
9846
1181
736
3688
5573
3752
4330
703
3800
3482
3035
4506
6228
5892
4616
1873
8381
7619
76
1747
8939
8147
4178
3388
6095
6196
4281
655
9808
5884
4139
3990
9642
9743
1416
7556
7267
8948
4693
2089
2829
6724
1293
8681
6031
1149
2738
1497
1159
308
6644
1776
2436
8780
4773
9687
364
5626
8426
9348
3243
3120
7805
7392
9600
8196
3537
2826
1116
6682
7925
3151
7407
5956
8689
2196
7602
7654
3751
7964
6439
2351
9367
9495
8714
255
8807
9364
5645
865
9293
3716
7733
9530
475
6496
4065
8895
5478
4585
9415
9588
9370
1987
9336
1833
6040
4284
5047
3701
9396
1865
9229
8307
6808
9228
9736
4857
5948
8138
5649
8578
9854
7417
4978
1743
5119
9456
743
7391
1614
9408
9819
4532
6220
8628
7336
3084
7440
9678
4563
3810
9831
6049
9866
5512
122
6257
3821
8752
8591
8215
5401
4134
5189
8955
4152
9886
8974
6831
4655
3707
4300
7547
5629
5437
5375
3841
510
9940
8994
406
2449
6108
1877
7666
3201
8489
5147
5440
8880
6725
3463
9519
9224
7820
90
7595
120
3622
9650
4781
9219
3179
4980
1540
687
2706
891
8945
7069
4480
3759
8107
5172
7384
7215
604
7720
3649
2113
7526
4196
8739
1666
1108
9246
5216
7987
268
3767
1418
8993
2596
1171
3177
4018
8322
8837
9128
3992
7323
812
7683
1061
8684
8006
3727
332
5813
5344
1640
9162
3562
2925
4973
5817
3643
3897
2372
6319
8256
6900
3893
5726
893
532
8410
664
9987
6390
5049
526
4241
1981
2340
4536
934
8918
1555
9983
9059
1584
7855
8544
6751
7658
7991
7904
298
8332
5558
2750
9381
5531
7684
9305
4831
4395
1428
7239
4766
1224
7845
6213
3369
6721
5405
1520
8477
7868
2438
8096
5494
229
398
2709
1791
9871
4520
2567
2548
319
7495
9135
6245
2193
9701
4107
36
3736
50
5379
6014
1051
7714
5005
333
1753
7459
9580
1588
7448
2627
984
5969
6967
4389
5644
5177
2432
7080
5114
3531
1016
8077
6345
3104
6288
258
9557
9919
9412
8748
488
8039
4426
5373
9317
6309
2162
114
6099
3790
8827
9296
2864
5392
1366
1771
6960
3457
8010
8773
7366
6565
8586
7006
6502
2303
8085
1517
8031
6630
2427
397
3261
8043
7510
3066
5203
522
727
1476
4649
721
1509
5745
6468
2525
6550
4922
2655
4314
9132
8683
6258
7861
9385
2465
3077
7927
480
154
8765
1246
9912
9
4600
588
6341
1513
8806
4344
4143
5528
5057
8930
6845
7933
6395
5618
7252
9777
4425
6799
1576
6767
498
9918
2462
8304
7573
3648
2541
7121
2285
6259
5703
4008
4760
4996
620
5064
2244
776
9339
8537
7577
4746
5088
7400
7452
9651
7430
8353
7019
8506
7432
7206
1853
1560
8204
4815
8025
6971
880
2568
291
528
5608
8533
5453
7266
6222
6606
7397
3591
9986
5126
9738
3786
2918
3480
7034
3895
8372
4720
5633
2024
6116
3444
2009
3901
3033
1202
5699
4218
175
8641
5385
6615
5137
9887
1067
7044
8604
5304
6187
3478
4374
4321
6048
7486
5356
9349
9085
6535
9206
9193
2452
4923
9966
6923
9409
79
1062
5179
504
9855
9875
2693
5861
3532
4227
2833
599
59
9932
8070
9480
7473
4016
1230
505
5908
1898
7412
9652
1727
1317
7554
7984
5214
2087
4498
2082
2353
8992
4249
2302
9025
4445
5093
6899
4342
3175
4096
1284
8550
277
5761
7896
1152
9976
7740
1807
4731
5657
4931
8295
4005
5732
1667
1628
4434
8222
5792
1625
9037
8161
328
2446
1686
7353
1281
4768
8588
4370
288
1760
5684
4323
641
8747
6016
7103
5367
5238
2840
9625
1566
607
2595
2753
1286
2619
379
2821
462
8574
7449
4975
8299
1158
6616
5971
9444
6791
6313
4485
8354
2326
2233
366
1137
9279
702
6875
9572
7386
7465
6648
194
7349
1097
7339
5482
2795
7270
8905
7549
6929
8599
579
9942
7694
6472
3546
7255
3257
8137
1129
3956
1716
3857
1459
6870
4501
7527
2817
4464
2252
3168
6593
1264
4940
9764
9361
9629
8989
2574
2055
5998
1198
9389
1182
89
5039
2247
9284
6305
9398
7445
7460
8214
927
2134
3467
7273
6690
7760
8176
647
2900
1199
213
3061
6036
6158
8141
3484
9401
7072
4493
9859
662
5848
4994
2461
86
5337
4869
8540
1212
4710
8933
209
8435
9407
45
2544
902
7558
6530
8964
3693
2590
8244
9799
1722
1871
1147
6340
4554
2114
5325
7546
2668
9527
9633
3996
4262
5032
1443
4278
2300
2119
8957
1274
6749
1376
8788
9615
4013
479
320
8538
1675
3984
7945
5524
2599
8076
5489
7572
970
8252
7011
1454
8116
1641
3979
8883
8504
6579
3855
1662
8927
3060
9170
8907
1214
8003
189
9909
6828
