7172
2712
5768
5224
8044
4942
2088
984
5791
8925
9647
9123
1327
6455
4882
9390
1598
753
6214
8331
5592
5214
5941
8165
7109
855
656
4920
9344
1519
7821
4341
1740
8325
6013
6002
7060
437
205
6976
4766
6438
5213
7388
15
6601
6891
8337
5356
2012
6639
4993
9843
9983
88
6700
4686
7215
6855
9932
8942
8789
3123
5719
3052
6937
8524
5711
5826
622
4481
8138
4135
9832
5148
2508
6834
7626
3737
5113
6319
57
8911
5844
2944
4618
219
2796
6233
7544
4231
9999
4284
7256
7030
7168
7373
7694
8869
7045
9640
6230
8777
5950
9236
4116
9017
4818
576
9167
6997
2662
5905
2685
9270
6947
7804
7572
2994
2613
9736
5803
2725
5143
7019
4334
5865
8051
2117
7858
5039
1001
4273
354
4846
8232
9981
9121
7151
9501
646
1714
9301
3348
9160
76
9233
9291
1527
6630
1971
6322
7681
1247
3805
7027
9788
7114
5671
8361
112
7179
5612
331
5133
5932
8677
1827
7889
7441
1351
1775
7486
9164
4850
6092
3194
3171
2793
3387
1854
6480
5428
9719
4986
3451
5694
2764
6527
6585
6589
3436
5953
8970
1325
7886
4845
7159
7630
7128
9606
7905
7385
5546
4191
4739
3463
411
136
6342
9531
8657
3694
5121
2147
3953
3863
4947
7664
4267
6203
4523
9201
4071
5924
7890
7336
2316
766
1886
3500
7782
3253
3846
1131
4622
2478
702
6344
3507
6035
4133
2069
6540
3564
2109
5986
6109
2730
4682
154
5756
5676
6722
4872
2061
725
1328
4992
7478
7668
6916
5554
6878
1228
2895
5147
6753
3614
8688
485
9078
14
69
9673
5234
989
4939
9564
3539
5977
2423
5558
8786
7793
4061
9135
2122
959
1785
1167
907
2541
6056
9892
3055
1507
3495
5368
5919
9977
9495
6986
4126
8052
733
7594
6860
5595
3323
4908
3745
3243
6731
3215
5824
2908
9702
8335
9199
5249
8081
10
8635
5250
1253
244
2811
1075
2477
4652
8559
413
6486
6535
150
9050
7526
7737
5793
7358
8512
4283
1822
6854
5255
7189
2151
8582
1884
137
6295
6838
3695
8056
1110
5559
8903
7253
9313
921
3232
779
2279
6393
1530
6004
5880
8689
9288
1865
1759
2695
6888
1616
5021
7466
8109
2488
8326
483
7235
8885
8587
3208
8648
3911
3170
6552
2565
6385
3592
8388
4696
1338
9541
2172
8393
9858
4401
149
5708
6491
854
1252
7038
3786
4132
510
5145
234
8386
810
7952
6706
5706
3912
3124
690
1181
6570
1068
8516
6610
98
9149
2757
2297
2890
8431
5625
4402
6987
5434
7139
8718
5811
2828
3521
5084
906
9306
7875
1746
8726
8645
1466
5500
4058
975
3738
6232
2394
7383
6516
3788
1723
9863
4256
5418
1500
8369
2600
9810
7595
5284
9269
7111
9453
4045
8725
5179
5731
9902
5009
1470
8498
3450
7638
3178
1479
7941
4843
3610
1057
7830
1553
1856
8861
7684
3151
3162
9005
2751
9850
5665
8045
9510
586
7873
