1315
2394
2162
1587
618
7608
2368
4765
9123
4954
4274
7961
7960
4204
9537
3472
4607
8968
3693
6112
3540
7649
111
9216
9099
8632
4322
6546
3192
8372
9551
1829
468
1397
9113
7786
4788
9497
3648
9587
9689
2361
6650
9648
737
6842
4296
277
1269
2689
6524
3224
3589
2444
1817
2640
3742
6685
7756
7403
9787
4238
7226
6490
7830
4952
1061
4676
6887
3531
5987
1192
2024
8021
2667
7600
5118
1654
3546
7412
6066
219
8392
1419
6508
8976
9264
9691
3636
2725
2186
1369
6930
6595
8157
7431
7733
8300
7716
3671
2273
3908
8875
4985
8836
7772
5232
4625
2365
9488
5536
2338
9893
6648
4414
1427
4304
5677
1988
4245
3973
4836
2020
3495
6966
4878
9023
6644
2336
8115
4218
2599
9157
9178
7391
4965
8252
5113
5966
3900
3928
2567
8044
8073
3789
7987
751
4789
4381
93
64
4234
2674
8783
8508
4733
2721
9031
1796
1188
135
8960
2672
9010
8317
8945
5813
7143
3527
6398
7151
5023
6183
719
5211
188
8121
280
2739
7816
2149
4751
8548
5702
6366
2726
1426
6272
5029
974
1129
5186
2112
2836
6611
9365
6251
2681
1372
9530
6440
7435
9957
8207
7619
6689
8513
9263
3877
1914
9567
7029
7732
371
9764
7385
696
4291
770
6117
6662
7947
3005
7438
2554
326
8888
3710
4819
9850
9642
4565
7654
278
1147
5021
7256
1242
1671
335
1385
9869
4584
3738
6179
8595
7254
5849
8280
2572
8204
1586
157
1715
9724
799
4816
5647
6724
5442
9638
2068
2543
7030
4828
2925
9847
4150
1636
7056
3438
5302
4407
23
2907
1722
6298
3316
24
8728
3868
1253
6737
7410
4835
5064
7879
3779
3435
6691
4057
6851
7806
3465
7003
6554
9588
4779
1767
5654
5644
1932
5856
7758
688
7059
4838
2691
1259
8746
8449
1851
195
9374
6601
8085
8281
300
5306
7126
8937
3594
9482
2031
1710
6169
3047
8381
3350
8801
9566
578
8479
3225
6982
3171
7638
7569
7755
495
1149
2412
5456
8866
7444
766
5592
8947
2476
7636
529
9592
9919
7062
6693
3278
9130
7448
6437
873
7807
3086
7630
2123
5230
6289
3732
7488
2671
60
5833
9845
3056
7962
9401
2822
7383
3539
2938
2
5890
576
8969
9146
3295
4698
3535
8470
8156
8060
7241
2438
8458
9140
8613
820
3630
7968
4871
7673
8334
3750
9659
5120
1626
5191
4544
387
4520
6664
8288
6168
1820
1835
1471
7288
2172
5493
9805
7916
6924
1504
9411
7248
9966
2970
752
2503
242
5402
8406
6672
5817
8915
6388
8590
2673
1296
521
2296
1867
3031
8199
950
4874
2864
2287
6009
5895
658
3027
3571
4487
4005
2716
1747
5805
6870
2185
8981
4420
1608
3767
5723
2527
2259
6597
9211
2419
226
1404
2510
4802
9859
7598
2638
44
1493
3948
6453
8694
6550
2557
4032
7103
904
1678
7556
6960
8830
8691
9035
9546
1078
971
6620
9145
2216
2908
7880
5787
9585
9492
1534
3446
1928
2676
7231
2304
1770
1699
7613
6504
9785
1898
7006
4583
1960
136
3991
230
8818
8901
6252
4476
6216
2322
6883
4548
1672
886
1158
2764
7287
5528
3407
5081
7051
7904
4815
7120
8574
7245
7692
1157
8752
6555
720
3049
928
1352
2201
8687
8906
9141
160
6986
9100
5971
4382
3659
9126
2810
7802
223
462
5618
3899
8215
7028
2962
4402
1177
7454
6527
5463
8162
8486
8467
3343
8459
1353
4163
1725
1833
5219
6865
8733
386
1228
7392
8302
7774
7897
385
5796
258
208
9932
4444
5433
9645
2512
5542
2912
5762
1648
1512
5151
7308
1484
9732
9429
8324
7411
2456
8233
7890
6023
216
6775
895
1696
6503
3517
2461
8870
7982
9713
1179
4695
7366
6296
104
3690
7458
1664
7210
1668
6013
7478
455
7518
5947
1908
2323
3593
1529
3942
5410
6211
4250
866
4577
8444
1143
7422
5878
5365
4782
8249
571
57
7940
5267
1025
859
1631
5681
5551
9169
1322
457
8022
7876
8523
4050
3209
4844
6827
9918
2675
935
3762
8794
3927
8833
2720
8232
3246
9337
7140
6569
6912
526
465
5651
2966
1860
7944
2686
8241
3554
4159
7024
7946
8390
9584
3706
7306
5069
2013
5048
8441
8896
9625
6470
6785
8086
5590
4881
1889
9774
6769
2540
5388
9579
5000
1685
382
2364
2141
7804
716
7201
5033
8757
1347
9692
7570
6062
3731
6202
1616
3988
4627
9520
5697
4056
5934
49
3741
5477
8380
4000
5078
8795
6715
5676
2291
3299
2768
2188
5671
9626
5580
8703
2748
3935
5617
9516
4787
5579
9598
2316
3974
9698
4684
327
3134
497
5784
4873
5860
2819
5362
4649
3895
6086
282
7985
7395
1156
5218
4169
2069
255
5449
8593
1257
5843
1015
1052
3968
4730
4015
9299
1541
2122
4997
8442
6596
8089
8266
805
8347
9072
3114
3065
2604
4970
2954
7902
3697
1925
9578
791
3944
8114
3505
2943
3842
1273
2006
1349
9528
747
7704
8402
8473
7857
8626
304
5093
8485
3326
8284
905
913
7219
5423
2080
3034
3259
389
5146
956
4926
9768
8695
7507
4914
1535
2417
6103
6468
151
3485
8998
5153
6536
9190
4226
3194
433
4358
2534
9109
3183
5494
4092
5505
2050
3778
9138
5464
5391
6573
1944
28
3614
1392
293
7941
2803
2250
5623
8540
3660
2446
9838
7707
6669
4729
79
6396
6158
2701
4775
6928
6061
1842
3169
4781
9422
211
9562
6314
2032
4425
8994
8803
6939
7605
3574
1499
4931
2504
8024
834
3491
2234
5546
7452
664
601
9540
9565
2023
8388
6205
6176
6726
2608
3685
5101
4611
3839
7886
3305
6654
83
7959
2788
8977
6343
5209
5139
3076
1888
8537
3333
199
2402
4869
2818
2075
3787
2897
8850
8536
6891
577
8851
6276
3664
5251
8820
8461
9147
5597
2641
2650
5993
7236
2246
1956
9400
7869
4454
6269
6363
184
937
5907
5053
1282
5839
7548
7616
5962
7988
1216
3261
7333
1140
4106
1330
7467
7870
9258
5685
11
2010
9341
8465
6944
1439
9342
9518
5853
748
1090
830
9114
4670
2233
4228
4805
7046
8559
5912
9971
4759
4665
1135
4493
2328
4210
6021
7631
8805
2384
5658
7353
238
6337
8411
119
1411
5678
6275
167
4709
2126
1620
5400
351
8401
3419
131
5256
8725
7519
247
3857
998
1596
6263
8173
5159
4948
8026
4880
9767
1657
5594
4070
5720
8931
338
5753
6700
9943
7273
1545
163
2227
7200
3770
5646
8575
5030
1997
7170
5006
9017
2988
3425
2253
9101
8006
6852
2134
1474
354
5129
9447
8555
3248
7788
5160
6448
7513
9978
2964
9712
6386
1503
7379
3351
3602
7726
2549
361
2683
1893
1074
8925
8366
2684
3443
5171
4375
6332
5025
21
1121
2008
6102
8983
4353
1951
6959
6978
158
1233
8512
5359
7155
3059
3503
2829
4639
7593
5417
5556
5236
3603
4254
544
7773
2326
1815
3845
8954
3759
5150
7617
5468
5607
3884
2831
2785
6193
9182
8753
9550
3017
773
97
3996
8059
5109
8435
8289
6629
2443
2789
2387
8025
1265
4509
1553
2658
6471
3777
6706
723
966
1872
1348
2519
3254
3162
319
6542
919
4096
200
5810
6953
8530
952
1748
7681
9367
2491
1104
1364
9470
7950
3375
7107
8808
8123
7817
2388
9817
4517
7632
6271
7472
1601
9267
7921
4460
2493
7327
5790
8428
4843
7282
771
4530
4599
5368
6638
4355
9349
2824
2138
2696
1162
2226
8863
6140
6428
1407
7542
9522
5187
6971
6014
2670
6136
7526
7532
9402
8155
9594
8254
6551
2524
9321
5489
116
5930
8460
2366
6052
5690
1373
1043
3696
566
6541
1531
901
1575
5777
5092
9828
3403
6029
3219
4653
1731
7540
9108
1882
8999
5022
7439
9696
1055
551
6549
6896
4909
9954
3605
7789
2352
6639
78
7768
8147
411
2101
9006
9996
5032
5019
5252
3514
6975
3941
3893
6766
6123
314
3358
3586
3596
840
8003
8274
4603
513
4943
4272
2795
7334
3009
3368
2380
2657
7252
6426
9235
9818
388
369
910
4030
3132
39
4081
1402
9640
6290
6450
7719
8802
2393
3923
5207
6096
2835
3263
757
3881
6676
8502
2950
8692
1839
1614
6727
967
3686
3808
8573
6940
3072
2070
6919
9982
5130
3380
9181
9253
4918
2719
3061
3629
5761
4601
1989
2244
16
1256
8409
4566
6330
3250
1244
2420
3822
783
7275
877
6707
2892
4431
48
9193
9759
8198
2814
1979
2307
2160
6024
2038
101
232
9335
6206
5864
5014
8490
8367
714
2986
479
8210
3573
5736
579
469
8177
7250
7700
4405
7180
7626
925
4951
7433
5274
2561
306
9075
6811
2576
8185
3113
9822
5035
6909
2479
7894
8221
4528
9024
9947
484
70
8689
1368
8970
2229
3764
1646
3800
2098
7586
1014
6926
5899
2804
5752
8785
1262
555
983
4104
7782
801
7430
7421
6167
951
7827
9531
3025
3482
9055
2646
4953
9325
2090
9128
4553
4101
1906
9047
8978
7274
1864
7690
1173
2324
8405
2630
1698
8031
9720
8009
6511
7314
6739
4582
9729
9908
9152
5978
3687
5531
1825
3141
1346
6280
7342
614
7425
1546
4325
6699
8804
7634
5377
5239
7184
5246
3998
9557
9317
2653
428
5855
9525
4041
1729
3294
6384
3766
1455
7938
2586
6310
4818
443
1845
9903
120
4456
3345
2427
9093
6628
4762
8329
1887
1973
4960
5491
5443
2094
4235
5609
3173
6212
3618
4989
7534
4109
3489
6961
8149
9426
5569
4618
869
6438
5958
6598
9955
3385
7172
147
9214
6606
6320
986
7989
9071
434
1334
7850
8796
6405
4648
9914
33
8751
9536
3146
52
2959
8876
522
4796
6734
4357
5291
4396
4398
871
3174
7238
7749
4913
4696
9935
9028
3088
6925
3130
7187
4899
1040
7932
2422
3309
2147
8939
5738
7434
5653
8481
781
3810
1530
124
4746
5060
7063
9432
9000
8294
8928
6326
1625
9877
9666
3044
4111
2839
6886
481
8702
5992
442
5672
9467
9410
589
7190
1955
8657
9161
602
4982
7846
4748
8257
4289
6221
8078
2910
9198
880
4760
4855
5740
4065
7699
6899
2242
8929
3655
3280
6372
3883
7097
6003
7991
6191
7795
3550
8019
6652
4688
2378
534
7566
3349
9207
8849
6073
5337
8036
2051
5990
5123
3121
3911
166
3566
9650
9746
4295
5554
4038
1606
3297
7798
8679
7855
5161
3384
3846
7048
8541
2622
1320
7974
2794
6747
4365
2625
2869
252
8814
8378
3290
1007
7339
3915
1995
8877
6844
8534
3688
2951
3783
138
7701
7196
8410
5235
4742
1930
2173
9535
918
9137
8387
4741
2984
405
9156
9362
5656
9841
4373
2495
144
5716
6249
3159
5
6294
9205
6856
5909
1108
3362
9334
656
7998
6962
633
4683
8179
1568
1408
7684
7441
2558
7895
9825
1768
3466
9440
9646
2887
5244
8420
6232
4540
9063
4293
4367
7459
464
813
8447
4011
3463
7826
9545
5336
2998
8905
1774
8660
8924
6881
5155
3666
9891
8630
5733
741
5071
5088
5446
6427
9067
3152
9664
2600
3512
2099
400
302
9259
2918
5355
7571
8547
7442
4587
3372
8253
7068
8052
339
1933
213
5588
2404
8726
2687
7217
1828
9931
5260
8273
6088
8135
1456
8235
9468
1919
2196
1950
1100
2309
8535
3084
8815
6556
4181
5994
1148
6521
3314
8658
1415
5367
9116
2180
2204
4020
8403
8529
180
9721
4341
3035
4484
3861
505
6274
2923
6786
3713
9366
7878
5112
2564
4842
580
7539
8218
2437
812
3657
90
2508
5182
7232
8807
920
3869
8568
8619
2559
2730
9606
6841
2261
8778
6377
4243
3885
1004
1210
7561
1172
606
6362
4780
8748
1638
9800
6631
8000
543
7963
5414
1118
1012
7468
3188
9673
4646
5816
8497
9127
2337
266
6974
7307
7668
8028
5942
2369
693
1505
8900
8011
9766
297
6864
3537
7793
41
7709
1020
7883
1389
2705
7920
68
