2790
6751
2393
2869
4007
2082
9340
3415
7241
7593
2424
6733
1268
3332
5853
5344
6924
5016
9172
8809
3840
2101
9258
9089
9374
4797
8579
7543
7798
8306
5813
8248
3249
6524
1091
9336
4391
93
1161
3236
2851
1535
6368
3552
1559
5815
9700
2629
8372
1106
6568
1636
1048
1709
8748
6048
6087
7864
7946
9777
4290
6850
1722
6434
7502
2606
8778
9125
8089
6376
3914
6104
3208
7051
943
1480
2765
4854
1463
2383
1815
7763
5337
9729
6337
1969
240
155
3853
3330
7324
5493
125
4728
8175
4634
8834
221
5809
5748
3648
6236
5124
2545
4492
387
2621
3470
3699
6832
3607
2243
4016
4610
7019
835
9250
4522
7548
9644
6246
9075
6757
1426
1042
3977
7506
2607
1263
1464
5403
4592
48
5942
8624
8328
9800
9476
7257
6272
4086
834
6691
3964
6697
4758
826
5806
5409
1795
9437
6842
347
3456
5947
4161
7281
6139
1159
3845
3219
7099
999
9279
3711
8167
245
1548
6701
1754
8798
7924
444
1420
9606
5610
2918
4694
4089
6429
5797
804
9861
6067
2120
9314
1197
8281
4471
1015
6047
4965
6864
5549
4374
7381
4937
5017
8007
9788
698
4960
1369
6563
9745
7514
3214
5554
8011
6814
2117
764
4978
4714
1523
1876
9834
3243
6332
8796
1576
3247
9635
464
9140
3615
414
8067
7093
5803
5870
1231
7367
5377
5005
1989
9139
7079
2712
9822
3589
7042
7290
936
8242
8
1577
6884
8226
1136
8173
4420
3005
3093
8267
2879
3041
5162
1870
6452
2418
9044
2710
9427
7858
5603
2591
8865
6125
5784
8531
1236
6978
1825
6350
4898
949
6309
6316
7138
9281
2661
1452
4335
8301
203
5128
8983
8318
8713
2236
86
4506
7235
4300
7699
6986
1770
5222
1081
939
191
6683
3750
1601
4350
2143
132
1951
4985
8841
9184
7144
2824
6738
5911
702
2515
5546
5169
2800
5203
8091
5298
6559
2005
594
1988
3598
1935
6135
7080
6713
2510
1052
253
1130
8280
5066
7632
9787
2637
9042
5006
3381
5058
3018
8736
6062
8892
8818
9309
819
4459
3937
3419
2492
8859
2746
7678
9391
8931
2764
4658
6996
3010
9163
5132
8536
4715
8257
3221
4829
4830
5065
2658
8707
7147
54
8927
9226
4801
6867
7291
224
153
798
4527
5053
4085
9056
9517
6344
9023
3969
6454
568
6994
5568
2505
3199
8560
4539
4531
7314
6782
3557
8402
2459
648
248
2878
4782
393
931
3510
1620
886
9220
8327
2739
8567
4415
5954
6533
4892
4800
6781
4102
8332
9178
8236
545
2657
4355
853
7288
3644
8636
5632
3107
5179
2292
9727
7256
4090
1917
1954
7557
1144
8115
483
4500
2205
2133
8342
9349
647
829
2680
2055
3647
1303
7
2221
6730
235
5580
1656
5509
4578
8373
563
4482
5746
3124
8183
9864
7896
6874
6935
7889
9169
4695
6729
8299
766
3448
948
2839
5455
5346
9803
3811
4641
3919
1125
7127
4299
5292
7805
3416
3910
3319
9381
3123
3233
3843
9320
4792
4882
9137
2162
2352
3113
5572
737
7345
304
4032
5044
5555
4862
4772
7932
5709
6685
9795
1082
9698
9855
8365
4493
4925
8756
97
3479
9459
3879
344
4178
1941
4927
5221
2733
550
1981
43
6857
3602
6235
4173
9809
3290
8292
8278
4029
1448
7777
7023
6684
8655
7911
4004
9704
8254
9843
8030
805
1246
3981
2115
4742
7905
7643
9294
6767
4573
8965
2718
7087
8894
9792
4205
1563
7831
686
3751
1633
5430
4354
9366
8081
2416
7334
4889
9921
693
1793
6085
7837
3503
7505
3346
5881
5140
9754
7331
2104
3593
1297
6769
1609
8704
7029
9915
4805
9840
7821
9171
5952
360
7727
8891
3821
2836
6439
6554
8549
6539
4524
3442
1269
1368
4671
3917
6431
1499
2738
3172
9563
8659
2841
9243
6798
6967
4971
4151
4038
7496
2333
7595
4083
7875
6468
2787
9092
3157
1356
7788
5991
8259
997
1514
3294
6823
5934
8870
119
5104
2905
4717
743
9720
9047
2884
9741
1310
8290
4520
2017
8734
4061
3309
5667
5838
395
6191
3640
205
1483
4533
1020
3146
2780
5068
2676
3253
8627
6314
7064
9345
9291
6501
2889
5400
9426
58
5353
6689
5820
1921
3661
9932
1175
9529
6200
1987
7484
9853
8141
6764
1773
4291
9628
7294
6261
8654
1976
808
9114
2731
7750
7137
4343
6725
8993
3090
6893
4693
6591
1715
7230
2757
586
7933
8438
6073
3997
1465
1280
7626
4243
8666
6660
9764
3264
7859
1008
1846
3036
2253
3097
7292
1402
9379
9505
5183
1438
3495
6143
4582
22
847
8180
3832
534
160
3047
4396
1660
3724
5641
1271
1039
186
419
7537
5243
8613
3186
89
1417
3933
3003
8010
531
7089
6169
8825
4135
9142
1176
3450
7631
3638
7642
4924
4066
9747
7356
8908
7672
6328
9244
5590
8651
2523
7753
4975
1874
3530
9793
4912
5047
7955
5671
1074
1468
7401
530
3546
1630
6928
9863
8376
4633
497
5396
4371
9460
7666
6242
7085
500
2208
9989
8928
584
6066
6853
1716
1294
5653
9769
5812
1856
7445
3287
6044
666
1108
397
3038
3258
1685
3801
6786
5754
3812
8667
7582
5192
8781
7646
3192
9375
6096
5120
620
7424
9710
9330
4214
571
4879
9270
2826
8968
3867
9907
5206
6351
7171
1044
9261
82
1190
1840
8555
9623
633
7102
9038
4969
1850
5157
637
8990
4446
3468
3755
5486
4917
4233
4207
6400
8826
206
8045
6642
2040
7440
9048
8255
8565
3193
7489
1824
9363
1360
8261
7431
4289
3882
2965
523
7980
2022
3377
96
7578
3860
4434
566
6363
2774
3139
9504
9558
9403
4559
157
7994
5804
2410
1021
1822
5979
3091
5787
8686
5188
4170
9496
3790
8598
7558
3391
6131
3298
1228
806
4303
1119
8339
1980
8265
7192
2705
8657
5604
5769
1474
6881
2312
3161
519
8847
1491
7616
7323
1338
7939
3364
2436
9816
8176
1377
8938
