8798
8043
4293
8592
1788
8766
7375
8157
1064
7243
7408
5771
9737
5008
358
4478
8449
5963
3485
823
1349
6524
2950
9536
5649
6175
9068
3662
6566
4104
4145
7284
9046
6656
7694
8338
6555
5093
8184
4787
8900
6471
9354
1553
7922
2791
1957
5774
6468
3884
1770
769
8946
7596
9117
1623
7917
6968
9984
6869
9544
6976
2359
6064
4049
804
2065
6363
4278
8074
8983
7682
2594
2445
5493
9168
6159
3669
4229
617
5567
8921
5289
7901
9370
5404
2648
398
8881
3510
5417
1116
6956
6886
1261
228
3797
1425
756
3907
276
7425
7527
4908
92
1586
1904
245
6963
1931
5616
4641
1025
4916
8813
6004
6839
5232
7606
5320
9331
5096
7020
6675
6960
6156
2314
4302
958
6917
7601
4045
5015
1992
4869
7194
4274
4006
4042
1313
3741
1188
9827
4817
7580
3384
7764
8527
7060
7304
1302
6040
9328
5411
3387
965
7571
6307
1644
1342
4102
8956
4160
457
3673
3529
4466
8165
6016
7908
4267
7432
8032
9883
2521
2605
1037
4354
6920
5606
9079
7392
4467
4165
4334
9763
15
2596
3602
145
7897
1968
5050
8254
8891
8626
4191
2354
1186
7268
9645
7253
4285
1997
9906
1566
3623
2396
3373
3894
6534
8362
121
9668
6102
8744
8578
311
8367
2805
1808
1562
1256
5442
5205
3269
9237
3191
7923
3087
7307
1753
7848
1737
9996
6987
5688
2980
42
2681
5234
2910
5358
696
3801
4673
5942
8193
4481
3407
9069
6284
4806
7484
9881
6954
870
4221
113
5558
1113
1766
3943
6628
9744
1267
7181
2168
6342
3976
887
9923
5309
4794
1832
5502
4832
4581
3833
281
9667
7105
8749
4492
7898
6425
5776
2072
7127
1294
8414
2546
3443
2265
1696
3933
4693
3706
4389
1253
825
993
5841
5183
8761
2080
7574
4656
5429
791
5522
3823
1765
746
8208
9280
7936
644
5798
8234
7735
9299
6304
3926
2442
9760
9338
9944
4110
7234
6239
1205
395
103
4961
6266
4950
8980
7945
578
9483
2369
809
4282
1476
3273
707
3371
7952
6735
4058
349
8972
1209
4114
9976
46
4535
7200
6699
8958
4584
5478
8773
4230
3486
8844
1782
1173
558
1872
411
2674
2760
2203
3546
4741
1767
8066
4954
6100
3055
3689
6758
533
8634
7320
4004
830
9402
9916
8327
6753
3505
6420
8461
9261
982
1926
7576
5039
6390
9247
5882
8284
9729
5247
6597
9076
1451
7761
8351
5996
5419
4287
4358
3458
4308
4980
8377
8264
6958
3759
9133
8192
2647
629
2336
5707
6596
3572
5962
3994
7595
5657
4558
2251
9665
9487
6341
2313
5057
3381
7495
8415
5964
2095
8723
6315
822
30
3376
8252
9672
4761
7436
6903
8551
5917
9327
6680
526
45
774
1911
294
4425
6261
2199
7666
1258
7132
626
2945
850
9809
6812
9722
6623
1395
1723
347
8929
8910
9957
4279
7902
8269
5072
7689
1147
5134
9321
3229
8639
1918
4210
2428
5900
8398
5440
7264
5423
6648
70
1226
3453
8118
5372
7886
2240
5796
7766
8059
5972
9880
8302
7589
8049
4305
9738
8647
2853
7244
1136
5744
7467
4547
4630
1074
9323
4320
5919
6908
4887
63
6815
5716
6506
2279
2838
7656
2188
5568
1040
538
1112
6185
4054
4826
246
1888
9489
5725
6108
849
6556
858
9131
9319
1399
7708
1324
8159
8376
2563
3360
2946
8643
1855
1764
2467
3889
6614
2236
2512
5398
7281
7863
3693
5694
9377
3890
4281
3254
9107
6684
5850
3105
5833
8317
7299
3315
9463
7736
8718
8720
8712
5818
1674
9236
2391
129
7855
4468
6721
7844
9490
4597
1700
8738
4357
789
241
5783
6293
3399
4860
9865
4314
6781
5357
8065
4091
4437
1894
5267
8901
4530
6148
3912
3484
3200
3843
6910
1388
3871
7160
8390
4311
1851
3789
39
9066
8672
779
8547
6615
4338
360
5696
8898
1557
9059
6336
2486
9591
9339
3321
3347
5937
3699
6763
4093
6883
6689
235
6430
7100
9598
2212
1054
2897
728
1309
5184
7486
6907
5203
4543
8837
1377
9891
9318
1512
5492
9256
6091
8493
1351
749
38
2162
385
5541
8977
619
7804
8371
810
5879
8340
1641
8563
5866
5981
8383
5534
6769
9913
7677
6500
9745
8187
9537
100
2576
4957
5652
2657
4463
8137
5924
4414
4712
6584
2629
4330
1937
9115
4503
8141
6264
3891
3445
1544
8430
5370
4375
5884
5164
9395
1670
451
9659
2726
3835
730
9170
3417
117
4288
9120
5947
912
2842
9092
8846
717
5894
6350
5939
4697
1662
9796
436
3972
5566
2591
2266
5824
53
1519
4793
6814
4540
8689
4814
9992
8335
3163
3005
4162
6484
7638
6487
9890
5352
667
1150
806
3601
6796
6817
2972
5622
1344
909
1167
3085
9204
5842
2776
4216
7405
4771
7842
242
8830
6318
7609
2495
1257
1958
9385
9430
6957
1266
8166
8748
3175
8561
8154
7602
8370
3310
3054
1450
4556
2905
7466
7069
5375
1498
7738
1364
6349
5623
2211
9114
2688
7340
8538
11
7227
6750
4373
5170
367
1107
3906
1570
2046
2561
9485
7621
7956
3530
7721
4036
2597
515
4064
3649
7959
3582
9922
2925
6911
1944
3656
1090
6111
8257
2784
1392
3250
484
7781
936
2719
7091
8270
899
8793
9185
4244
337
2259
1905
1050
3262
3680
9317
5889
8770
9673
8555
3640
4739
4256
9437
8294
4089
2721
5042
614
3260
1009
4052
5713
940
8553
1328
2389
4813
4998
4098
3478
6681
8263
6219
3144
6593
6590
8698
4384
9167
1131
6998
1561
7665
5470
1124
2427
9997
5967
5037
2504
7830
7396
8474
9313
8835
4807
3292
7970
7559
3858
1430
8481
37
4508
6557
4109
9780
4690
8979
9475
1333
6206
4323
4740
6598
1621
7961
603
280
3828
1281
4651
3213
6828
3468
1100
3690
3762
5142
6678
7785
8751
8128
1743
1300
135
2328
4126
9413
3524
3932
6764
4317
3039
3910
2974
8619
4601
1241
6154
2390
5914
7044
9714
8292
3986
553
2058
2339
9128
7628
4328
72
1588
3463
9579
5806
567
4613
5887
7336
8777
6391
1461
4047
6744
352
6775
4265
6013
9284
5840
9788
2453
9950
9888
8728
640
3727
201
8471
7440
3228
1286
3723
815
5945
3761
2860
5448
5334
9797
1796
4370
34
6258
240
9846
1195
6746
124
4696
1284
3866
7915
2808
6434
4819
4590
6201
5081
1427
6823
3298
2136
7498
2637
3605
534
4898
2812
8808
2921
1973
9101
3508
795
7443
990
9332
4396
4883
231
7698
1650
3473
4233
8648
1794
5535
4136
2832
7048
2923
8405
6325
3951
9648
3936
4977
8897
9476
4271
2545
8627
8794
634
8704
7296
8305
6287
6158
6514
4938
4118
5635
3267
8516
110
4566
1169
3795
5018
7690
1712
1864
2269
9901
7660
8531
6382
6346
8513
8114
6081
6435
5989
2606
9182
2862
7857
7455
5294
8196
3008
3671
2272
8828
546
7973
8144
2158
4096
7066
330
2420
8384
2256
5157
9400
7176
1390
8852
55
6999
5226
4223
7321
9633
8485
2404
4063
3
3157
7847
5691
6099
233
269
9012
5551
2196
8610
2501
9674
8039
1646
435
7906
7277
8594
9016
4092
7607
9094
8248
1678
322
6445
160
6140
8767
745
1061
6766
1083
8329
2490
391
7695
6384
6477
336
4702
6282
5505
1677
8433
8822
7412
2538
2375
6665
3763
3378
3626
223
3095
8311
5161
9574
5854
4053
5650
7565
2588
4922
1082
4374
3167
7345
8072
8291
8149
6378
1975
7856
8067
684
6393
8802
8937
6200
3169
475
2157
833
4163
3941
4729
6567
962
3686
2016
5150
2934
2742
6931
6123
8883
3035
563
8559
6757
5266
1028
5201
9552
6879
1970
6443
1145
9132
8815
9638
9905
7717
8037
3132
8576
8875
3124
5413
6912
6802
586
2316
3367
9473
1263
3339
2749
7854
244
9300
3792
5159
5880
3738
1380
5385
3182
6577
3963
2956
8970
1172
8392
6065
6710
258
9570
3140
4750
3296
4899
1120
2167
8670
9364
6810
6262
7557
215
6313
2370
4604
9671
6128
6644
8001
2952
3561
2622
3073
975
2800
9298
9799
6701
167
4510
902
7646
3958
7095
8890
4057
6868
5060
1092
3196
2994
8309
195
9378
1460
7442
2075
1525
6441
382
1242
4322
8321
4403
5886
9876
4266
8055
6343
9634
9368
4382
3984
1499
3532
65
9577
9268
4321
8532
1775
7619
8768
9048
1974
4176
2766
2071
5363
2028
4830
4919
2854
5182
5009
4080
1075
7631
3925
4941
7630
1852
2846
28
668
5230
4667
7487
2306
6736
9885
5004
755
174
6873
6398
6933
4318
8545
5960
7428
8286
1516
5206
1012
5646
487
2861
6458
3475
3156
3768
408
2755
2051
3243
6522
6939
2406
6305
5572
6523
3363
2104
2804
8963
5599
1915
4507
4744
4785
2217
971
5576
8213
433
1745
9847
3185
9863
9055
8991
6990
2920
3991
2037
1321
918
3845
7218
106
2927
6241
9308
1506
3396
2685
7696
3501
2822
1177
285
7404
6426
5620
2826
7278
4931
2248
4190
2652
3880
3242
4499
6906
9040
327
9105
2507
2026
193
7158
9356
1424
2705
3227
1047
3903
1946
1615
4420
5449
8816
8861
3760
4664
5601
6417
2690
5380
642
7084
8023
7449
4650
570
7178
8868
8520
7880
8939
3304
4187
7199
1175
7651
3769
3423
8085
3223
4622
7112
9366
2680
8842
5590
6682
7632
64
3358
9871
5526
5890
1101
8155
9678
1951
5412
6433
535
6520
5306
7620
6023
3998
4164
5809
1015
3539
293
7702
5584
9148
5138
4751
4720
6765
3560
9532
5198
8618
9425
5484
5155
1102
2661
7840
9161
1435
8876
3460
5054
4090
5344
302
664
6504
1724
1035
522
5757
7774
1862
2676
8575
9565
3498
318
3921
8845
6890
6090
2981
3821
3219
9543
4340
9315
8240
4753
6984
6811
7275
2635
3776
9083
4464
3401
3988
8235
7777
7653
5369
1373
4178
4309
6870
7815
2477
3007
2818
2190
7119
6439
6242
4381
8726
9731
2995
1741
5278
9952
4224
3416
181
9739
8792
6215
6881
6977
7582
5075
1411
2525
2134
4500
997
4728
6949
2730
972
3997
929
862
6902
373
8358
8635
6408
6511
8854
2841
8896
1781
1699
1089
6551
9423
1805
1154
5629
7866
2031
9118
6383
4201
5480
2147
2764
5025
9045
122
7760
2914
5626
8873
5940
2982
3886
3422
8169
9995
5562
1415
5779
5948
7298
6919
3698
5858
1341
6831
1204
2880
2335
2794
3024
2184
8923
1518
5580
1066
8476
9494
315
6536
3675
7330
2082
54
7386
847
5405
9955
8784
5808
3995
8209
8780
3779
3617
1865
2470
8464
4858
5287
6846
417
1710
2607
4723
3257
3756
5318
9573
2559
937
9629
1883
6149
703
1369
1896
2580
3920
9936
7226
3574
6380
8671
8579
5115
1801
6690
6546
4570
1481
7107
6635
9419
1886
3067
3301
1960
5570
8993
3585
3751
68
5540
6163
2261
2232
3278
397
6992
947
1854
6994
3491
4356
4625
5877
8048
455
1582
6671
6751
5926
8620
4231
6646
1947
6322
1559
71
3109
588
9958
4130
4796
7903
1203
3869
9899
1656
2340
6552
859
413
4016
7054
5132
8733
9179
5974
5609
964
2030
9075
8241
5257
5414
8041
3420
8978
4773
5957
7421
738
6039
5986
9613
7349
1736
7184
9049
807
8535
7461
1414
2384
8058
9427
7586
8502
5225
1056
5178
7212
6788
2368
462
7141
6862
547
9486
4292
4212
1187
5520
3379
895
8791
3534
4913
7575
3166
711
3419
4936
3707
1340
9860
1031
8140
3440
4179
9882
7285
4987
1738
234
1213
844
6444
5166
1979
2057
8139
183
8238
3415
4615
9859
2979
5321
4992
9963
5659
4822
3841
4509
9056
874
9394
8765
7261
9267
3853
6777
3188
9542
2944
637
2815
5531
3112
4757
1541
5943
8457
6866
7139
5445
2208
523
7216
9470
9057
6718
1367
8207
2376
4205
8098
8450
2017
3318
7867
8495
3778
8528
3642
7102
3210
2565
6915
5753
