4850
1495
7290
4866
8143
9277
7313
6159
3673
867
8367
762
2466
5154
8554
960
4931
9500
2518
3636
9760
1343
4682
7637
3725
3111
663
8091
8093
1494
2662
1036
7905
3248
4783
3370
5961
1816
182
3639
8263
4182
9574
5706
2958
9358
5979
3923
2343
6854
9379
8594
2978
654
7241
6756
9344
2149
3966
1949
4405
7874
1691
9199
1399
1443
2575
6383
8218
7418
5728
7246
4378
477
6662
4409
658
1749
6782
8282
8127
9841
964
5219
6769
5587
3558
8307
5387
6872
4238
1053
4327
6483
149
8603
3328
810
9830
3048
2397
5942
6424
6470
6605
7234
1128
6744
2528
5512
569
646
7349
7469
8339
2310
2639
3592
7587
5367
9656
9266
5061
6615
4458
746
1264
1188
1902
9313
7254
7999
1925
4173
2302
5222
1033
1041
9930
5005
3502
7692
5750
1732
8775
2763
8877
8968
6186
6416
3619
6386
1871
3599
9232
9899
6865
1316
3642
1379
6094
6083
7909
154
7329
2761
513
5107
6948
8049
7227
3836
4057
6257
6221
4569
5542
6817
1836
554
7391
9694
2305
4637
5169
965
8069
4065
7834
9335
9604
7036
3959
8992
9847
6337
5134
1488
2412
7872
5058
3410
1861
6724
7468
6472
9819
4861
2803
6125
2490
4091
3151
5266
1446
2818
4116
9548
3083
4490
7299
5473
5929
2851
6838
5378
8686
7550
6305
3819
8174
9363
2733
4559
4432
2197
1000
3143
2732
6641
8999
6043
1408
1656
80
294
7214
5768
406
3408
2135
8738
8704
8636
911
1721
2353
9976
7796
9281
8306
974
5301
2987
790
6327
3479
5403
6788
9389
6138
1543
8314
4786
9748
7301
808
2423
7883
8100
6287
58
5113
6178
3251
7072
1267
9011
1746
9163
9937
1025
4464
5001
8398
6772
888
5428
7343
9590
8455
8593
2094
7042
5314
5252
6368
8268
8443
3763
6150
1342
9404
6870
4791
2212
9806
252
76
785
7975
687
7487
9543
186
9953
6707
7723
1503
6081
2333
3188
9114
2331
322
9104
2945
4558
2797
8768
1090
3554
2513
2164
257
6261
5306
250
9821
2917
2918
1682
9731
9981
4407
5493
6367
4161
2257
999
4426
3158
7275
7875
452
2106
8755
8906
4111
1094
6819
1162
2496
5968
8838
2581
1647
6104
8430
6616
3473
2475
3556
9921
1318
5637
440
8281
7737
7943
8336
892
8688
3085
5346
5090
3662
9789
6384
2648
5845
9318
3805
1627
5317
6778
479
2358
8529
2541
7773
4917
4406
344
6237
8904
550
7524
119
9333
8956
4438
4313
8974
8834
5098
197
1639
7429
8733
7618
356
1322
2608
3653
4666
3915
1119
6376
630
3769
5020
9236
4652
2529
4239
951
488
5198
4722
3406
3245
325
4871
1758
4282
4461
5998
8852
7333
9041
7749
1008
1261
6107
9650
8735
4385
4047
8474
6871
6486
3579
7176
2580
1185
9074
8264
7077
8304
6292
9334
3990
3864
8415
2971
6208
9726
2613
8567
9680
6920
1034
3894
1780
1341
8462
3521
1897
6447
