8222
7148
88
723
3450
4982
9957
8790
831
2376
1242
6824
8850
6805
7521
3749
1146
7983
3946
2762
1430
984
8615
2968
1457
8308
7169
4075
9906
3707
6632
4035
4998
3299
294
2670
2856
1223
4460
9160
1609
5385
6245
6999
1014
6494
6586
383
4046
9913
9554
1783
6671
7063
4160
9361
2778
3683
1133
529
3940
6430
5244
9876
8347
1062
3693
5331
1500
2702
6590
2159
9819
3845
3927
4388
260
5467
9268
3737
9666
5339
9642
1314
6055
9585
9633
6137
9962
5422
4268
2205
2551
9737
6890
6818
7120
6296
6602
3154
7210
3088
2282
2245
5133
8542
8074
8170
9878
379
4253
2449
8682
8825
1896
5248
5659
3147
3646
1046
4115
9961
6180
3710
7501
2803
1374
9805
2936
8919
3245
3388
4444
490
4932
7484
1196
3351
4012
2831
2636
6554
6239
3378
5593
7693
2095
5434
2536
8844
2352
4692
6889
9873
4187
8155
422
266
3420
6712
7550
5035
8719
7472
2967
8706
4723
8244
1814
2613
2272
4916
9388
6856
2879
2596
8463
8143
3559
7906
6505
1692
7613
5261
4463
800
9327
86
4976
5821
8710
2422
3861
1899
3625
5699
8382
9788
6141
3769
