5040
6944
3082
6171
5752
6735
2167
13
6986
8503
5003
6150
2612
5386
3033
1182
5896
4732
3151
2549
5648
4465
5120
7699
3109
5061
7392
4109
894
8341
948
4030
4045
1558
3548
1647
3089
2201
3737
3304
8268
1788
2047
3855
8906
2330
9360
9990
1515
7787
8406
9146
7151
3218
2714
4926
6253
3418
7218
3631
9504
6523
4277
6357
7770
8395
8432
3428
7895
6094
6331
746
276
9357
9247
1131
1454
7701
4530
1600
5198
4711
3949
8144
5894
7986
5991
5417
7275
4627
937
5562
5625
2156
2776
7168
2841
99
7992
6066
16
994
9476
6866
6910
9803
285
9762
2124
5678
295
1613
9478
9420
464
6649
1648
7792
5340
9053
3760
4975
5989
7822
7204
6721
1858
7783
3611
7439
4965
9958
56
4924
3178
700
4969
5724
628
8289
2031
4218
8399
2646
3866
7954
6231
2920
8566
6973
4425
1693
239
2891
122
4847
2454
9305
6414
3326
9633
9166
792
8496
5075
4176
8517
5651
6678
280
6116
8112
9251
6127
4795
4872
8623
978
7627
624
4952
9747
2623
825
9885
3762
2762
7200
8622
6786
8713
2351
9940
8740
5557
8452
8030
8664
8046
3885
8808
2806
8150
8811
6837
4125
5800
8773
1644
8176
3093
1377
4670
4342
1971
4830
3849
7746
1017
7443
4639
2182
8287
3312
2821
9327
8210
4604
1494
6782
9112
6144
4780
9912
9187
2789
2063
8882
4776
1898
1859
6887
5542
1118
3851
2947
4690
8449
7298
5009
8543
6238
1023
2128
6341
5671
3952
6247
4836
4387
2348
7706
3742
4266
2586
7289
2205
9014
1398
4864
9345
4289
2364
7185
7724
5161
1683
8548
46
2967
701
7291
2717
224
6568
7045
3729
947
4736
5854
6433
3507
7067
7696
6967
4883
8430
1316
1977
2434
6855
1570
2889
3702
1879
8480
6560
8110
5350
5738
6793
7874
8934
2286
407
2373
2863
7614
8499
3287
7896
5505
5207
7796
7778
8062
9344
3114
2651
2617
5345
3927
9244
6386
8002
2847
9582
3701
9064
3522
481
7666
3969
1696
4084
4790
3092
401
5489
3596
2754
6704
3563
9569
9269
2462
7456
6663
673
5856
3971
2296
5049
1129
4231
9954
5078
965
1949
9704
9645
2661
7719
1198
8577
7358
2546
4323
3814
6228
227
3788
5791
9369
1697
189
8359
5135
4119
1568
5256
7982
2318
7848
1535
956
5709
1645
3965
4347
3959
8403
6642
9929
3292
745
1420
4697
6957
2078
4355
4314
9572
0
8166
2323
1874
6963
4329
1369
6922
7999
7877
8206
601
7164
432
112
5963
5471
3950
504
2779
5992
8252
9387
7890
5030
2637
3906
8438
7756
111
9042
6156
8777
4234
5965
7987
660
1376
4918
3402
5665
5349
3879
8108
3978
2288
7867
2129
517
6145
6264
1752
9052
2285
6788
6713
4343
7930
3941
3991
1147
1274
3567
205
9939
4824
8632
2694
4686
7720
9122
2878
8875
1020
7296
3350
4141
8580
3231
392
9720
2268
6351
4460
809
8780
625
