6682
8382
457
859
5041
3955
5445
2675
5097
6158
8694
5630
7431
2541
9670
8767
1009
7584
4867
2942
9627
3643
2542
8865
1919
7976
7915
4053
5364
1710
6823
8174
2878
4169
4986
9147
2457
6109
5974
9207
8625
3046
1789
7717
3231
8631
7463
6397
6734
8687
3553
6391
7748
5439
9599
1857
84
2156
5093
6693
8480
7420
221
8627
3044
6953
4870
9145
8056
5132
1511
749
3038
8113
4932
8971
1408
8486
8669
9063
8095
282
7082
3947
6085
3822
2830
4346
6160
8928
2720
7546
7462
350
6515
452
5356
5242
6871
7332
8291
6597
5498
8063
8695
7694
970
8604
8352
8775
1389
1732
7019
4016
5176
5945
324
978
6045
7164
852
8553
2705
2836
2561
9188
7526
4322
5713
7906
1238
3995
3028
5423
9414
6030
6503
8790
6968
9846
9772
6338
827
8819
8277
7849
9858
1154
4140
2677
6979
2940
1048
7258
9536
4532
5882
9775
3006
6200
9420
5726
7867
1156
7388
9048
7285
7850
8636
7871
6468
1152
3054
2262
751
80
2276
5368
1165
4771
6068
3500
5283
8670
8746
4940
35
3755
1766
7400
2394
6062
4298
8612
5647
6094
2398
2784
7713
6352
6673
7165
4526
58
6052
2468
3278
983
7604
3081
9321
4522
8592
1658
8140
7073
9092
4463
4591
8516
6542
2957
3590
3348
984
3314
7279
1162
4920
2066
9415
8058
8212
1035
9373
9377
4962
8183
5982
7289
1771
9838
7067
1522
7167
2376
6261
4576
1763
1114
5841
6626
2496
8736
4397
1977
2189
4127
9095
6268
4471
6140
8076
3533
4511
2851
3254
2534
346
8359
4245
1029
5046
6507
242
1333
3154
4285
1042
2499
6009
3235
8010
3559
3917
2431
191
273
251
9228
7441
9997
7822
1703
667
1203
6883
7736
2888
4583
7680
8231
9796
9389
231
4111
5904
3277
9433
4087
360
7626
222
3912
8917
3182
1188
6483
3726
8828
1204
4153
4703
3655
2760
6021
634
7755
3220
3484
958
4299
7751
4401
8456
132
8522
4159
4604
4859
3037
9154
8622
8325
7076
3684
9650
9694
7378
8696
6396
4099
9909
2068
5030
2020
1497
3022
1272
4437
7061
5858
4276
4194
9813
3326
3246
7712
2681
3343
4524
2295
311
151
9771
5873
7093
5360
1585
550
6906
8836
8506
6811
3914
302
3413
1681
2485
2271
5589
3293
2923
6332
3845
3358
7839
5310
8864
7069
7993
4922
7006
5123
2505
6618
1711
3076
6851
1267
4542
1712
7528
9579
1443
5760
9506
8706
9605
8786
8416
309
8282
6465
4865
3733
5305
9097
679
3374
1757
2458
2522
7304
5827
1256
8770
2082
4733
1521
4700
6965
2383
1248
4115
2899
4179
450
3787
5058
9031
2168
6219
217
5893
3229
7487
6705
1168
6890
9303
8088
226
4797
3527
3375
240
9296
2788
5635
6400
9738
8995
4505
1635
378
189
8487
2161
6222
5547
8050
4186
5535
1123
8533
6475
4614
8193
6556
8213
974
3169
5933
674
8201
1459
7779
5023
3888
