9291
7722
7970
1754
8807
7641
3823
8447
1104
7558
9955
8441
1136
4272
7397
1939
3560
386
7699
2117
4574
8204
4480
9047
9144
779
1458
8683
1198
2329
6135
866
1714
7330
2153
7728
6288
2825
5034
5
2937
4713
1865
4514
3234
2840
4606
7581
2997
8041
2162
7091
2786
721
4924
1452
369
2351
420
7168
3396
525
1770
2835
9133
3191
6844
9095
827
7885
562
6751
3294
3267
9272
2343
2712
8927
2239
9499
907
4234
1859
1221
1285
7902
6230
5714
8339
3547
9652
1668
8122
349
4501
9279
5731
8234
3312
1251
931
9200
9768
5234
5109
1952
2656
7784
8347
8664
7395
9788
9741
1505
6891
5201
9559
6744
1170
7171
1245
765
9878
7789
5260
991
3193
5475
4172
4185
8385
2281
6893
3393
2547
8926
8879
5711
4182
9471
6112
9766
6414
9812
9452
495
499
886
42
7869
707
7990
3988
9249
8229
5841
3581
9549
1385
9338
2206
5696
2360
260
7205
8743
3108
9064
8207
2826
9634
1795
261
9515
7094
817
4938
1341
3965
2291
4178
6939
5932
4168
1527
1951
383
8865
910
4190
6571
9630
8468
9783
9807
6863
8420
5193
4458
7804
1343
2683
316
2295
5417
5385
9363
6795
4679
1113
923
4422
957
8353
5289
5705
9685
7836
7107
2551
2448
6299
2317
8081
9409
3786
9366
9594
6204
5036
2847
4794
5509
5494
4734
185
5386
5218
4181
1477
700
2756
3530
188
8241
156
2417
404
1427
3627
4754
7678
4209
968
6073
6198
8487
3970
7149
7373
2016
1547
807
7400
7634
9246
4580
1732
1816
6731
1498
7055
8984
4711
8511
1710
8569
5815
6388
5502
4810
2405
7892
4375
303
8837
163
9672
7648
5896
5616
5921
5245
1064
4565
5147
5966
9458
8566
9108
845
3844
3800
7961
9901
6207
6256
7460
3503
8199
8067
7739
5017
9932
7504
1971
7686
2625
8909
5085
2702
686
488
5493
9764
9125
7188
4885
228
6290
2302
9918
4324
2418
1907
9354
7580
8358
2492
3425
8316
7287
4656
4524
6424
2400
2528
4441
6169
345
1062
4908
5390
4492
2034
9118
8148
1196
2519
4348
7597
1207
6307
8767
6764
8491
9598
6358
889
7068
9327
982
517
2464
9928
3305
4451
1883
5300
1616
9753
7620
9573
5070
8383
6569
8967
1177
3329
1070
8107
5309
1559
4601
2668
1171
2043
3584
7611
5874
9492
4845
7401
7718
1812
1197
5598
9284
7798
1511
1968
4628
8397
1566
4128
8105
4442
7635
9679
355
665
3225
6684
6154
1019
3553
7160
6291
794
6455
306
3226
7346
1326
2888
9233
2934
3091
633
4900
6817
3284
8102
7001
828
3087
1325
2188
6211
6212
6860
4677
1366
2731
7712
2571
1143
9181
7108
9578
9958
8074
9713
3641
5400
4158
9645
5112
8469
515
5552
4223
6787
566
1922
4649
2709
1733
4946
2304
2839
5290
7653
7661
5883
408
4048
8380
5228
8103
5929
8016
6951
1687
8458
8393
3405
5733
8690
4200
5020
3538
8628
5690
3314
3546
4278
9972
9846
735
5037
3356
3125
7912
4542
60
5239
7419
8492
8783
8452
8058
9127
9572
2748
6003
5343
4808
1294
7856
5422
2920
8205
3937
6487
8156
3291
2462
4798
5968
223
8880
6117
8904
245
6960
3623
5366
2663
5699
9576
2574
2185
4544
9172
719
4082
836
6053
9029
2092
4610
5729
9529
596
7142
8479
5498
9324
8518
7089
2437
8029
7590
5986
5959
8860
8167
7169
438
2198
7385
7848
7247
7333
9677
5877
7881
7502
7850
2810
1157
2957
3826
39
7958
9365
4688
3925
4966
7966
1359
6581
6041
6979
9013
851
5301
6786
4829
8808
2967
149
9454
1182
6847
3917
7311
6268
8843
2158
3416
7660
2680
8968
924
1689
9079
2190
664
3471
5933
7879
5407
9322
9738
4115
97
3179
5049
2184
7239
3033
4570
9699
7087
4907
3337
4491
9540
6515
2836
9979
6298
403
3951
8165
5083
6677
6086
1146
5263
113
6793
9128
53
1747
9654
147
2139
3115
4152
9571
3264
5424
2623
7673
2809
219
2638
9989
3185
3478
5365
6612
4930
3751
9859
3771
9862
5440
5357
9915
4078
4387
1536
5262
6871
2186
2637
2632
3343
7998
6664
1966
2473
3012
5319
5765
6739
8656
2079
2114
4359
3165
7359
4323
5339
45
8185
800
2032
432
6638
7457
459
3211
4171
2221
8809
4733
1340
357
6321
7337
7248
5536
3463
5304
1432
4978
3209
8274
4989
3644
8960
6071
7159
6698
4463
9087
7972
1217
9386
1833
1441
9747
6385
2083
8321
6884
4460
6474
2762
8861
5940
6889
179
7864
2537
341
9994
9143
1254
2438
9518
9096
8741
9176
9658
7586
6296
6559
9025
7646
9407
9771
2918
1502
6635
4418
6701
992
5746
3726
5040
9728
8038
8857
5938
1564
1151
5344
6887
2163
8063
127
6246
4438
1874
5293
8983
200
9433
9015
814
3196
8432
6453
20
7434
7307
5634
3398
1822
5243
5427
143
2539
3098
192
8088
1133
5957
4530
3289
7708
3859
2643
5630
7764
8352
6902
1382
6998
4549
3169
8851
1273
4666
7967
9539
6106
8991
5444
2999
9767
7657
3683
8671
3231
9678
8218
8259
2328
2792
2024
9710
2911
8386
9605
9568
3085
7493
7769
1028
6162
7740
4229
2466
6810
729
4162
3895
6057
366
2054
934
3082
8597
3453
6187
6937
967
6566
4575
9439
5404
8796
3200
3277
4385
1827
6850
2383
5931
8159
5605
3545
1643
4993
2661
789
9196
3345
8670
5566
856
9707
5619
4083
8517
6333
5749
5663
1049
1524
1266
4661
2880
750
6164
4012
5910
7576
4197
1648
1688
3801
2793
9754
3718
6942
6931
9729
995
5388
7659
5720
4109
6855
2612
588
2482
9402
1425
1863
975
2001
7312
6650
410
3645
4263
6032
6892
3338
4717
5098
4712
102
5512
3691
7288
7567
8929
9748
3648
1304
6454
3911
6226
54
2434
2022
1776
6523
4386
7772
1380
1944
8616
6076
5256
5379
3175
9182
4884
229
1190
4033
6653
6406
1491
2628
9752
472
7947
3232
7232
6377
8212
6874
4858
8559
8740
1433
26
9431
8814
9020
3420
3368
2750
3387
6029
9051
7828
3528
3006
5844
6895
3508
1508
7138
7134
2101
587
6348
5286
9902
4862
4839
6400
1749
6456
8780
692
155
4856
1830
2214
387
725
1807
7897
5950
6503
1938
4358
5086
57
1520
55
492
5558
4120
723
933
4742
9472
7605
4350
7552
9313
8266
2763
5117
5651
5330
8848
5528
2710
9049
5395
9819
7876
4660
6578
6464
5732
5144
7463
6128
635
9303
1344
1540
573
861
2854
7075
5329
6671
3109
1845
7838
9367
4440
4831
9225
1759
2657
2292
3782
5914
8428
7609
5030
4987
3579
3407
1074
1913
3495
3114
6272
8568
8444
4771
1836
8288
4937
5306
8765
880
9084
5299
1730
6082
2315
742
3762
8166
7891
3355
4114
3102
8548
5668
844
101
6241
4991
7654
6686
4634
1981
6626
6235
7155
8149
1800
8211
3099
168
7469
9926
3540
1034
5272
7240
4478
9247
7491
3582
5394
1037
5758
4205
3460
7971
4003
6325
4995
9295
1894
5801
1612
5054
6338
2294
3734
7680
2202
5141
7042
2472
2687
7441
7745
6341
9508
940
3455
2199
6269
2207
7386
825
5784
1201
9671
486
2954
741
7152
895
3504
7255
3529
2812
7268
2423
930
2505
4097
4846
2509
6060
9921
7059
5715
6434
4777
9221
4179
4340
9682
2416
9119
3852
4267
1495
5725
7479
4830
8438
7550
8061
93
4593
6947
7031
2764
2187
3319
9837
3811
6398
5458
2743
4699
1095
4652
6644
1100
1560
5518
5433
7540
1946
1746
5311
4302
9415
8294
82
2961
226
4892
36
1582
7173
8482
3587
8890
1750
1576
7253
5074
7184
8127
2606
5827
2436
4789
1499
9380
5944
6017
4959
8449
6429
4487
551
3275
1145
6440
3487
5275
2739
4219
3148
6727
8675
5783
9495
857
417
5978
5939
2486
2518
8247
6143
5892
285
6221
8158
617
214
3058
7144
8815
2075
1206
3245
7388
3621
7299
8141
8825
5261
8649
9456
805
3236
7125
6545
7539
9019
5943
4258
1240
1802
3706
3494
8824
6409
1847
184
5689
3605
6666
4640
5270
3107
2546
5560
2058
5124
3982
2047
1647
4868
1855
2707
763
6952
6697
9288
3247
696
5167
6180
730
3934
8906
6303
9488
4215
3885
7695
9650
1544
4281
5088
9138
8646
2922
6747
6438
1092
8477
7938
8889
822
7667
2946
3473
4085
9010
9056
2890
2129
5998
7612
7767
7922
7685
7703
7371
7690
327
4466
2801
8570
1005
9579
9163
5828
9614
8638
3116
4268
5039
8260
4621
6420
3825
677
2192
2424
6231
8309
8198
3931
2172
6458
2349
2964
8411
1214
6450
4604
2068
8169
8073
1870
4373
8812
1176
3026
4750
4020
3287
6461
2133
1792
2559
71
2178
553
9297
2449
6102
8556
4028
3903
6865
1149
9880
7622
7623
1596
2677
2906
3580
4639
536
1751
3480
1102
6716
6054
2095
2109
9574
777
248
9965
524
6970
6062
3389
3559
4581
5489
8874
7996
848
7314
2759
3643
565
21
5378
5146
9491
4517
5145
6641
2264
4199
6527
6275
5488
7489
5609
1120
3757
8161
4052
1764
4482
2679
7796
1955
3063
8784
3939
6481
5568
9379
132
1549
3435
9823
2695
8394
1825
8215
2752
9537
9132
7794
5606
6185
7738
7285
5393
3230
8602
5200
6682
1413
1760
9908
7779
506
7562
9011
9254
1595
2498
7519
2648
435
2042
6989
540
6037
7859
1077
689
7816
2951
5863
431
6205
8623
9154
3612
9300
4430
608
6916
4485
8515
8696
5895
2373
1472
9612
7582
9215
778
4130
1683
4814
277
8003
6943
4668
5781
1428
1009
9223
7438
3313
190
9039
7908
860
5802
112
8747
7976
4137
8367
8272
1744
9203
4436
9643
9582
2149
7860
1222
4103
6890
8311
4690
5830
2267
6161
7034
6988
7254
9978
600
1756
4068
1493
4322
6649
935
461
4827
5549
1067
1725
8408
4778
9280
2738
7313
8443
6706
6513
6621
2258
9938
8534
8564
1272
3189
6543
5457
6619
3122
3634
1363
521
7130
2413
4498
5015
7515
4949
4192
4073
9619
1857
5248
9894
6687
2232
5080
2388
3486
210
7071
371
3732
3333
919
8686
2411
2814
5864
9445
9667
3950
3601
7929
6881
2011
5713
8271
722
3746
5514
9526
630
703
3383
9886
8872
9351
9992
1191
7157
2282
2019
7500
6451
2861
2653
5439
7218
9907
5276
8087
1783
1980
6647
2700
5548
7529
7410
5208
6072
6823
1650
7353
122
3603
4111
2586
5266
8391
601
4911
7731
6363
3135
3848
1994
4000
1429
5973
3670
6096
5464
4801
3585
1108
6851
4643
4249
7382
2354
9329
9474
5305
9441
6254
4635
2306
4796
2730
7771
5823
4694
9963
2925
4364
3608
6500
6645
8876
8044
5740
8829
3045
6152
7422
72
4758
3712
8541
1060
1956
5878
2226
5140
2878
3357
5496
9105
1578
621
2230
6981
7980
8280
6124
5574
6050
5652
8350
645
3409
1224
4732
5298
1004
3960
494
9624
5898
2540
9100
7834
8015
2971
3243
4833
5333
6376
4378
4673
5007
7687
8619
5153
182
7321
2798
1218
8842
5542
5857
6145
6551
7730
560
4432
1165
6095
6469
2659
3424
4057
9130
4398
7257
4362
7484
6977
5170
9948
9404
3701
3764
5187
1371
1244
6465
4518
3075
5756
9319
3699
6668
4823
8292
5597
1920
3418
4488
4914
2845
7490
8150
1422
1408
2560
1373
4282
727
1018
7927
7468
2645
7243
3362
7365
1188
7018
1476
8022
1928
7720
9359
3955
4113
6336
6371
9984
1691
9350
3030
9947
3613
5618
7137
5051
5397
9239
1620
9134
5539
1967
388
3805
4002
1355
6882
3133
3286
2901
7810
4139
1381
6220
8106
5573
3365
7670
663
1435
5189
9784
1775
7830
407
6158
6170
5175
5655
9560
1079
5230
3318
5253
3824
3898
4349
5778
6347
3251
9829
7665
2530
212
5323
3920
5812
2121
382
2705
9664
6940
2898
6726
6964
4667
