3414
4990
4404
1436
6861
541
6385
5083
5789
7283
8249
6572
5712
3945
3997
9126
8222
3558
5291
2886
7083
8905
1622
9097
5943
2626
9886
5413
5672
8615
2849
9259
5833
3627
8659
242
1735
614
2743
5097
807
8508
7466
373
6663
9843
7713
7914
3275
5325
6845
4566
842
6137
6256
899
8930
6724
9555
1981
9575
7024
3995
1359
1581
5586
5913
1690
236
6320
4620
6246
6291
4855
9571
3244
5595
2000
1019
5389
6811
4219
138
182
5056
4772
6975
4149
6163
3845
9609
2435
6916
3169
4997
5646
997
2651
3483
9451
1109
771
2721
4114
9349
6374
144
9172
5354
6788
2663
975
5730
7671
638
6515
9026
9883
7352
9467
8169
3725
5058
3778
9985
9123
4422
8537
4862
4724
3721
8421
1416
1940
669
2629
2605
1948
3221
9889
2713
9364
3878
8656
438
5915
6045
262
3249
8276
5604
7007
1334
260
749
794
100
8827
1434
2339
5349
1462
5749
5283
5175
4850
1932
4053
3941
2606
9642
7008
4118
6465
4515
2859
9151
2615
6869
42
2981
7686
5332
1491
4100
519
87
1052
210
5692
4942
9248
9802
5830
8286
4877
7775
3037
7111
4853
9808
5903
6763
8394
2060
6343
569
9271
6963
9799
5851
66
8657
4560
9363
5762
6111
3240
4778
1837
2824
2249
7243
4573
622
9463
8645
6859
5836
8325
5517
571
337
4651
1031
7817
1661
7990
1353
1587
3496
396
2463
2076
2098
4581
3903
5770
1004
2471
7048
8157
6420
5689
743
9139
4270
3613
3009
5171
2659
9483
1850
4341
6335
6306
5758
9393
4264
8742
2131
5752
7195
8555
5288
2136
3384
3599
4697
583
9548
1390
1676
2195
5575
3076
1550
8695
4441
7695
9094
577
2729
9950
2660
1430
7629
2885
3524
9981
8280
5010
2881
8721
9851
7050
3159
3912
8007
755
5727
8299
991
948
8528
3286
5004
6310
6627
5252
4610
804
3781
9919
6505
9462
1623
7808
2163
3440
1574
1668
7064
1193
9531
2693
265
3966
990
2396
4567
2868
2410
2485
1988
9033
7362
9765
9676
2263
5707
1598
2875
2254
1
1597
143
1782
5718
9161
1274
1771
1857
2552
650
8520
6439
6510
3834
8868
7673
8214
5698
5768
4912
1712
8554
6632
1421
3549
5289
2021
4490
6265
8934
9621
4804
9323
6832
7798
9469
9143
5049
7191
3406
4379
4589
3612
6400
8882
4316
5137
2609
2937
8975
3316
2642
1459
5581
8022
4299
3807
5932
7223
281
8326
5769
3012
8112
3581
220
3177
6747
5365
2764
4373
360
760
1252
9987
9132
4826
2419
6129
8706
3412
434
422
4555
2272
5739
2235
3024
5603
2784
7832
8604
9055
994
4865
6665
8757
3508
9910
2022
8240
3909
5537
6570
4321
5329
9645
1056
9680
7272
6950
7434
8963
859
8521
1123
7000
7703
674
3131
3289
831
2067
4050
8531
3897
9870
3229
7601
5154
7261
7150
8385
4406
4815
7103
9682
9679
6199
6700
6589
1769
2319
1830
3927
6997
5649
6441
3051
3315
7722
2569
477
2684
5031
1048
226
7078
19
2507
4609
9841
2717
7512
777
1620
5214
3434
2233
6427
2766
6394
7802
5044
9416
5942
4787
9867
2359
5772
8847
7276
2616
4199
8291
1740
5201
9838
943
8297
5476
8096
5958
5777
5109
6678
3078
3994
8127
1677
6317
4636
307
3666
7861
4045
4523
269
2092
1241
5716
1330
2055
2750
3577
9256
4717
9968
6834
2363
7533
4293
5600
6735
6062
8917
2012
1174
8189
1017
1487
9148
8190
1255
8365
8409
1959
3017
6668
356
5650
9970
1024
4732
2664
369
5067
7851
7723
5156
4851
6794
8982
7254
9060
4638
9948
8907
5723
8865
1559
4454
6955
3204
9942
4687
8669
3636
2950
7890
6215
7630
9325
3109
1119
24
7077
9020
8516
3821
4434
4872
8817
4420
5219
5920
7161
2975
556
2448
6321
9116
1621
6104
7454
7720
668
7784
6295
8061
7624
6619
6098
4163
9189
3110
7260
9692
2611
3448
9507
3307
4981
2033
6365
9771
4111
4083
8449
6361
5887
7688
1556
6230
5202
7051
1210
6303
5453
3360
7836
5722
5094
7304
1810
3809
5356
4824
529
3298
9852
2407
7206
7232
436
8398
3359
3106
6628
9770
2489
1906
247
5336
2501
6268
8339
2790
7175
127
2095
1806
6375
3494
9725
9875
4016
1829
783
7040
9485
9327
677
9703
3631
1678
170
9549
5601
6770
2815
9776
9479
5925
6106
2565
139
8245
1120
8713
5313
5540
4924
6255
645
1516
2321
517
1437
6645
4392
9342
4591
9194
5359
8716
131
7010
853
8569
8785
1021
8327
4751
2200
7968
2153
8978
6655
8155
838
7340
1821
3479
6259
7182
8915
7205
5115
5877
8071
575
4890
4837
1249
6969
5401
3919
6922
3818
6338
9779
4839
171
9217
5262
715
2712
3872
7824
9665
5035
8067
5973
7136
6850
8720
764
1148
6366
3038
89
9057
8132
7119
6567
4979
6643
3728
683
8846
8601
1654
8223
2174
6322
1169
5573
4486
1392
2799
6484
1938
3452
7701
945
801
9828
5779
6030
3634
7964
2610
5274
6474
6906
7645
7038
3729
6715
772
8660
5377
381
3324
3688
8925
5347
5858
9984
2073
80
9673
4247
3207
4327
7865
3836
4553
6611
459
401
7126
2069
4895
5139
3488
4736
815
2168
5819
5427
8997
3766
4570
2323
5521
1192
2587
6603
1424
3227
2147
7876
3188
4456
9736
7724
7928
8354
6813
3455
7859
3435
4693
8812
5426
6494
2270
3860
8253
6949
6768
3291
6798
561
3464
5976
156
9101
1246
4774
8560
78
6769
3347
448
8696
8197
870
1656
2466
2088
5419
3080
7889
9320
6714
9409
4209
1761
9915
7330
8792
7736
6712
5033
4231
4348
2700
5128
3099
7093
7258
7740
9704
795
6140
9242
8334
460
684
9668
7790
6985
9806
9002
4245
1697
5979
5443
9503
6980
3501
3097
2808
8014
1936
3825
3506
8351
6812
7502
4635
2349
9702
2316
2058
1165
4923
1618
215
1614
8476
3527
