7228
1143
5629
3788
1196
4292
8898
9928
3149
7432
1351
5341
8976
387
1375
7933
5355
4233
949
4045
1480
9951
5637
6879
7804
2383
5407
6824
1484
7282
6609
4575
924
4240
4546
359
662
3968
236
545
9842
7254
2979
7788
6269
2552
9108
2122
3637
7520
8127
8341
1847
4154
9094
4518
9795
9811
5612
7025
2619
854
5432
8954
9234
3064
9874
3224
9518
5199
6151
3929
3619
4819
5920
8908
7463
2036
9722
3425
8545
5029
9469
694
4090
2501
4033
7277
9577
5559
821
7754
4737
7523
829
3575
994
3456
4439
1350
2035
9452
1944
1736
6996
826
2350
8754
8305
1277
7980
1411
1451
7932
2
6116
9570
4234
3801
330
2558
5598
190
9300
9136
9775
3676
4715
5423
516
8742
9138
8858
4182
9326
3278
8838
5088
1945
7961
2073
8143
1122
619
6204
8335
3165
8745
2348
2336
400
8855
2707
3056
8734
8853
7293
1226
2851
6148
8644
2182
9841
2338
957
8969
8301
6011
6546
457
4882
6010
4383
8915
3110
5844
6567
7693
4815
3941
3806
3432
7126
5762
8653
3662
2027
2217
8390
3658
9258
940
8276
9119
7246
3362
7999
3769
8431
6536
9114
6128
4857
1566
6494
9061
1756
521
5268
3566
478
649
2788
4682
7114
3660
5693
7879
363
9385
6071
1109
1007
5013
5772
1803
1396
1221
6404
9144
6356
9312
2046
7146
1207
7919
4064
4009
7137
5418
1438
7271
7764
8146
4989
6370
8152
5994
6847
9829
5875
3725
8697
8153
5911
4718
2844
8379
9678
3810
5802
4907
1907
3294
7528
4005
7295
3122
1874
6133
5047
1175
6006
8114
6610
1455
993
9019
8161
7004
5977
7343
4652
6256
3862
5518
840
3195
9825
6393
802
4610
4908
2967
6724
5164
7121
6296
6242
8035
7391
4350
4284
6828
9494
2887
2381
7721
8284
7396
452
8634
6425
8026
8053
44
8117
6426
5778
9836
6853
544
5721
942
9955
1971
4381
8122
69
5930
5022
1625
7865
2124
8509
1869
8704
6123
3764
6413
1305
9401
3902
3986
2745
8703
6926
7543
5893
3849
3856
5315
4262
7373
5903
8957
1583
498
7383
6790
2356
2809
3477
9421
1474
9183
3400
945
9275
7095
3707
1006
7487
8805
5659
6587
7704
9704
23
5606
8283
8789
1997
4841
7289
964
424
9976
5485
7954
638
3071
3354
4410
704
9550
3544
3076
9075
8355
8486
2715
2064
2754
7799
4862
1620
3198
7791
5346
6725
3446
7341
6808
8279
1728
8534
8111
8676
2287
3233
9455
1703
944
7040
2908
4773
4275
9308
4550
9594
3793
3271
3001
8581
892
1979
8983
1445
4156
585
9488
2472
7893
6469
4923
8924
3540
7572
2538
3684
2019
6537
8889
8656
9804
1804
2548
9688
9743
8113
4312
6590
8293
2208
9599
8506
543
1696
4235
3934
7478
9056
9662
3116
5825
563
7480
8065
4489
9691
5369
8154
6178
3644
9386
4450
8715
5968
562
4444
8085
1932
6480
7837
201
2001
465
1249
4827
1565
2298
2438
997
2999
8728
9260
8611
9293
6155
3819
1195
1278
9924
3585
5822
4030
898
1850
2948
550
6959
8024
765
4930
8015
1155
1453
6904
9530
1922
2130
794
5175
5961
1614
1185
1283
8462
6952
8084
9126
9616
8475
2984
321
8231
6621
5063
5663
6205
1123
1714
8989
2884
5329
167
8422
2010
6159
6705
637
9613
6103
2407
2301
8478
6768
4561
5836
6276
177
7465
9597
9369
1159
7337
4633
8191
3977
4504
280
6217
4694
1775
7719
3155
7065
6373
4369
9993
8687
9612
353
9348
4756
4902
405
221
1257
1934
7411
6380
4795
7405
1250
6933
1834
1559
4564
3798
9221
8287
853
4948
462
3368
8737
2730
6095
5348
6838
7546
965
115
2119
1142
1705
3205
5032
5367
8714
4268
2638
7240
5503
8590
5281
5183
8890
6474
7684
3014
540
6986
1071
7080
4171
8483
6232
8052
3670
2333
6161
628
3759
9463
5272
7714
7979
3055
5779
8917
2574
2677
7717
6315
9374
5620
2869
5776
6599
5298
5277
9170
7882
3677
4926
4817
2186
8295
5343
8700
5714
4525
6576
5907
623
7261
9803
4828
5051
2727
7237
6585
6605
3333
5730
6153
4289
3049
2716
1544
4395
1584
3292
7676
9574
4875
7227
1546
9480
4316
6868
7828
5244
8967
7081
8495
3616
7540
1073
2989
1498
1245
6539
932
2453
5467
1648
3463
2793
4521
1506
3923
6257
3256
3309
6839
259
4597
9164
7042
4689
1823
3534
409
860
3491
205
2384
762
6448
3613
1798
6570
6817
3872
6167
7216
3695
7280
2581
4092
7313
3551
1842
9321
3012
5848
838
5167
9536
889
9685
3536
1068
4118
3050
7944
9084
2673
1051
8909
2686
8608
4967
6780
4004
2359
5098
5168
126
1429
4968
742
2768
5046
1769
6770
8986
2138
8367
2373
6876
2413
2068
8724
33
8190
7608
7924
253
9123
3723
6883
1139
2812
2314
4294
427
1640
7795
8442
5541
4860
7881
9731
935
3900
3232
9426
6460
5644
3939
1993
9587
6442
5181
3447
2265
9834
8271
97
3578
5146
2176
3843
6245
6884
2126
1304
6397
2723
7670
3048
1186
3640
6528
9185
9435
8643
1864
1978
2925
8294
2085
2928
9988
3151
4404
7189
9478
9383
8180
6
6677
2279
6827
6188
3382
959
4516
6527
192
2642
7880
3757
4111
1813
9564
5086
7369
6214
4752
5368
4589
3274
4434
1675
5987
8014
4473
5052
3650
9786
4552
7743
3206
7565
2108
7292
7917
4060
1666
2329
5018
4941
3608
5305
3441
4754
8585
5636
848
6603
7922
5899
1354
8278
682
2871
9141
5411
4793
4931
7844
3971
2269
5529
8465
5565
4758
9625
9053
7575
3740
1298
2221
3241
2047
2915
3727
5498
3431
4437
5054
8311
2175
4377
2370
4898
6056
3344
8249
2422
4330
9071
6825
5877
2096
2483
8222
6122
3461
6991
354
8823
8517
5672
7192
4472
7338
4155
6033
2494
4362
7836
5291
8344
4283
8088
7256
9295
7378
3678
1560
285
7900
5319
