2057
7810
6677
3130
4035
534
3348
8201
739
6420
6634
3077
2200
1579
4354
8783
5662
2927
5673
4145
7436
444
8210
1124
8579
9388
5876
2700
8363
3407
3995
3051
9045
1031
4277
1617
7716
4497
3032
7222
6467
3525
7348
979
8814
2138
9936
1239
6373
5940
943
7356
4251
1890
4914
2376
3394
3524
349
1403
1856
179
8769
7146
9187
6002
3576
91
464
1954
6920
1666
3109
5281
4231
8299
852
4336
6968
9445
9177
702
6814
8634
1996
7818
957
5756
8752
8028
4401
6222
1193
6473
3179
4058
9270
4987
5561
8306
3780
6009
1690
6317
2087
5593
1534
6950
1185
9790
7760
266
3182
4470
4147
9533
4830
2464
9957
2452
4993
4090
9698
7587
3304
8828
7878
9106
8322
1307
3612
2734
6066
5728
6831
2191
8006
6205
3420
975
2758
2381
9865
966
4863
9943
4049
4766
1063
93
9602
4743
2552
6579
6476
1813
6742
9535
1819
5843
9620
9821
7366
2382
548
904
4788
831
288
7455
5495
1346
6535
374
6689
9603
6341
7590
3596
1224
4834
2624
3339
1234
967
6419
9319
7200
6320
7680
2807
296
6613
2765
4372
3297
7728
5406
7069
8719
6554
7080
3171
605
5696
1088
726
5389
7324
2563
7844
6237
9973
3319
8138
6619
1014
5136
9473
665
4648
2707
9105
3194
6230
2824
6724
9888
1610
7025
4371
6680
8667
7477
839
1486
1060
4627
7199
5686
7276
6783
398
5165
7272
3936
4822
4053
1186
3514
9508
7556
4783
8868
7152
4686
2528
2930
4587
1439
5226
4567
7164
9565
9577
7179
5202
6275
1024
5343
2942
9121
4569
7082
9991
4764
3366
8312
4556
4475
3728
1220
932
9662
4711
143
8316
9634
8916
6210
7300
4051
8030
803
4324
3859
6792
9433
6156
5735
6426
5056
5334
3521
6369
8881
18
6835
6927
8469
6333
3648
2433
3851
8732
98
1368
2692
8197
6676
8651
5397
3169
3552
7626
7957
9823
5423
1199
2177
2858
4221
2141
922
8850
5522
5904
2043
3719
2129
9901
2524
9437
7312
5478
2721
3700
9795
7959
5525
5692
5922
9047
3453
7743
3106
1043
4546
9963
9466
734
4599
245
956
1038
3363
7033
5785
8514
9724
5112
9449
249
7494
1281
7996
432
567
9156
9258
3887
4861
9518
3864
6070
7741
322
6180
8190
7895
1607
3611
6394
6912
1557
5218
3547
1723
4020
3410
2264
8620
5782
8291
6894
3818
6393
4124
3469
6896
8076
704
9062
9669
56
8799
9829
7154
9241
9940
5562
3741
4273
1258
765
7367
598
9637
8261
3530
5638
3101
7090
7105
6195
7781
133
818
139
2726
5133
7431
703
6044
9452
3400
3353
3313
9913
5881
3771
1338
5504
611
1303
4309
8083
6250
293
9972
5044
4932
2436
326
613
9085
3787
9315
7185
6051
6518
8494
887
1551
2831
2207
5131
1671
234
1247
9330
3323
5122
2217
2335
9146
4660
4817
3733
273
5187
9318
8864
5463
2849
7309
2406
5834
8484
2699
