7854
3436
1100
5580
5928
5987
730
1988
2716
2213
6841
4607
3235
6783
5836
8702
4369
1009
1275
1233
9650
1186
2079
9383
985
1116
141
8145
8780
118
1699
8866
4418
7970
9421
1955
8729
3403
933
4035
5231
1817
4798
6100
7292
7116
5382
2895
512
315
2312
5376
4508
5589
6146
5595
6922
7214
4746
1138
1327
6036
7073
9328
38
9465
1481
2372
8479
9420
9061
8562
4958
2078
1692
3561
8898
3787
7387
6084
9871
6117
1391
7098
4313
6943
1472
2737
7567
2393
932
4036
491
8444
7141
1917
3592
2151
1375
7825
667
2809
3627
1936
992
1000
5581
7903
7728
3936
6566
6112
1297
7123
2090
1532
6327
9032
7584
9886
1792
9400
4599
2030
3046
8584
8984
7490
2388
2799
6430
5959
4498
8069
4359
8688
1457
383
9772
2277
9540
1237
868
8530
5785
7134
6603
8779
5464
7315
6287
6149
1190
1163
8683
6586
7897
2096
8563
7341
7244
62
9792
3027
8090
7995
6983
6150
580
6512
3910
4007
4651
775
3581
4549
5619
1867
6567
9207
7824
6821
6123
8148
9629
3995
3610
5475
3509
1020
1567
8370
2174
5851
4730
5899
2310
7961
6845
3478
4191
3343
5659
519
4503
6369
7599
466
3399
2760
7101
2584
8514
8168
4783
2188
9101
6007
2230
1140
462
6452
2010
430
7619
2858
1139
1510
2953
751
267
3882
3054
8311
3924
2664
9108
9146
4606
7784
8354
496
3997
3506
8527
2818
7250
3179
2062
937
2445
6807
7381
9341
8871
9712
9797
2003
6418
3493
3094
836
7636
4553
7462
9469
7072
925
1301
7332
7989
4540
5845
738
3548
2212
2967
7090
6739
6259
9501
1494
3954
1590
6019
8480
4897
4340
8180
8446
8672
7603
9810
9841
9052
7496
5176
2618
9493
1978
5759
8214
2786
6223
5614
6683
9766
2147
1878
3135
1366
4909
4703
8138
5033
2533
7450
6373
4421
6424
949
8961
6790
3259
9443
5055
9849
281
2438
908
6436
8393
6248
6004
7515
4099
7015
9881
1597
9281
9359
8375
699
3683
8295
1347
3743
6113
3449
2460
8174
5887
7726
4382
2471
7369
5732
4337
5149
6372
6417
5627
4221
1816
1124
7470
2990
3239
9864
6776
2291
3327
8034
7468
5432
3452
2662
8107
8417
6039
4174
8627
15
8787
480
6217
8834
1983
5403
6854
9233
4264
5667
1148
8384
9853
7298
9982
1697
8360
6743
5734
4023
6546
2701
8911
3668
6010
6071
4668
2951
2324
3656
1194
4847
1418
4835
4693
9743
708
7053
5862
6826
680
4545
9370
8160
5122
6055
7754
3482
1631
1120
196
1196
4384
6236
7407
8469
13
4814
5588
9994
8454
7154
7826
7780
8089
692
6083
9178
9408
4188
3059
8516
1258
2142
6239
4987
8647
7094
2231
7554
959
8097
3771
9221
4605
4193
2379
4464
6883
4739
4198
2934
3230
2706
9278
2366
6646
8618
6090
7561
8186
3328
3553
834
4628
7429
5165
7222
5562
2470
1223
8049
9015
3782
8750
8648
6975
2412
3507
145
7176
2603
8995
9241
3237
915
6553
2156
7673
4869
1863
1479
4904
5500
5381
1790
1498
7507
2242
1413
2592
429
3840
361
9433
9479
6853
6188
3919
8114
5161
1785
1897
3288
3701
9640
370
8006
7513
4845
772
5984
3527
2826
5798
345
2718
3458
9561
8050
9260
2422
1473
2936
3428
737
1964
92
37
9656
9075
5743
4517
1086
8294
6509
3258
5036
4093
6130
6341
4208
2877
6410
3906
971
2367
499
5081
59
8319
4404
9246
6667
5357
4829
2300
5131
9749
8709
6809
2694
4751
7850
2867
941
310
7159
6194
2387
7753
4707
1101
9935
5384
6419
3911
9304
3908
9231
9980
1791
8759
674
9031
265
9637
4699
9662
3616
5711
3454
8489
3660
2474
4495
591
6540
2994
3588
2975
6295
1758
1602
504
6950
2325
7404
535
9969
5426
3140
6707
2168
4393
4671
1088
165
4998
6614
4633
9392
2571
3191
7787
9550
8007
9830
2757
7112
7170
7617
5704
8929
7685
3033
5443
3792
4291
6916
5083
8544
48
6153
4445
2986
4674
2005
3739
1652
1633
4660
3698
2897
1092
4236
2266
6160
116
1137
3594
2958
7238
7652
9996
8877
1795
4530
4967
2498
9263
7051
3311
4833
3064
533
9326
6517
1415
1255
2761
8201
884
3243
4326
5607
4087
5294
1127
9767
8098
9744
3580
5620
5936
2103
9419
4484
2558
9047
1156
3909
4960
8845
5012
1611
9808
4991
6805
5808
2385
3786
2507
9563
6628
9778
6457
8372
8189
8008
958
2028
7811
9356
6881
8001
6514
6177
516
3714
7400
3723
5629
5864
3673
7653
1038
2633
7885
9571
7234
3558
1580
9788
3444
4256
3944
4734
8111
3547
5100
7884
4184
6106
923
5300
9081
1930
7881
5791
6382
8358
2253
3733
2221
6388
7272
530
274
3134
5925
9527
83
3149
9922
369
6349
3677
1896
7474
7252
8206
8865
3850
6991
3737
1228
2025
6616
4627
5583
2616
4303
7873
7043
6450
8238
7744
5295
2800
8093
296
2536
7596
2023
7140
4355
6925
3166
9452
7269
4716
1760
870
5507
4411
8651
9305
7750
6204
5913
4293
6157
8722
4139
3119
1554
1591
2298
8035
1753
1520
5647
3832
4314
4758
1326
4206
443
2831
9066
7997
435
2670
3071
8654
98
7949
5315
9902
7906
2814
8622
8483
7688
3578
2525
3369
3848
2598
2167
877
6607
8853
2856
1047
4237
7054
1741
8336
6362
912
4290
2070
7008
2630
238
5280
9070
5120
3008
4781
8883
7287
2436
6030
3689
7437
7857
2577
1393
3096
8398
270
760
857
5958
2956
9424
3350
4216
2056
211
3296
35
1901
2233
2774
4425
911
4535
1786
5694
5004
1392
2076
2649
8917
9275
3039
5727
3774
7086
3540
4154
2546
8281
576
790
5166
6109
3438
6501
6946
5931
5587
301
875
1612
4803
1961
3477
1439
2949
8505
503
9382
6931
531
1980
5760
1752
6161
1476
1087
4346
6694
8243
991
336
3959
5103
2335
2057
1826
7357
1028
1948
8260
5560
7509
8320
3564
4822
3378
2007
9226
7402
5745
8686
9266
6784
3142
5068
7872
8232
8935
80
8534
2060
7865
7007
5097
5075
2902
7031
620
5409
7021
5069
7111
436
2018
7527
560
2050
3420
7550
6817
7223
222
8698
9909
5729
1660
8002
8786
2623
3945
7186
750
9673
745
1763
5335
8531
2396
8083
8451
2915
9507
5071
8390
812
3682
720
8352
6467
5856
6593
1269
4933
5088
1912
6057
5015
1280
8403
6487
4430
4509
5501
4761
5032
1358
3645
1154
9752
5876
5281
4919
4784
9167
5080
3342
6352
2804
3691
9593
5189
4728
9404
4978
9974
6059
9588
1260
1733
215
3286
2323
7735
3731
8811
5303
6862
7807
4952
3496
4702
9827
4974
7376
8216
8146
7816
9638
6740
427
9303
7231
3505
4354
5344
3320
2243
3022
4360
1422
2674
2828
498
4176
4358
8732
3297
5348
7836
9291
8194
3358
1891
5437
7290
4347
8879
2346
316
7082
3439
7055
5528
8942
5258
4752
4801
6413
8109
5946
5742
9078
5890
3529
4990
6947
4531
4887
2993
948
9496
4872
1951
5685
1478
4440
7838
3229
2768
9803
6444
5733
8325
9058
9932
976
7805
8221
9537
4135
9176
5204
6857
8082
9499
2973
8414
7641
1410
3017
7528
9565
4227
2210
2365
8475
9112
7288
9418
3979
4942
7253
652
6092
1216
8373
7197
9361
7629
9397
1500
6689
2113
7078
5971
3609
5530
3006
2998
3290
9019
3019
4927
5710
9657
4215
966
8225
450
3983
2837
5623
9072
9088
740
8120
1082
7593
1045
2128
2770
2930
929
4953
8259
9681
9340
3073
7042
9622
2146
3822
4292
9069
1839
588
3992
5008
513
8691
6284
220
6363
8997
9164
1538
7372
6213
8856
1835
1537
7156
887
4705
5737
1076
7502
4242
4178
4891
4885
1802
9293
8890
7558
6048
3384
6483
6332
9773
7309
9041
2580
9518
9707
4015
8849
1460
2467
808
9214
1868
5140
9084
293
6175
6722
2094
5582
3961
4232
6894
8868
1412
7028
2280
4794
3618
5256
200
8812
2860
2589
1176
1312
5642
9846
6426
3525
164
6744
4857
7564
3144
3852
2139
9865
6306
7354
9087
2675
5877
786
6730
4666
8463
7191
9791
8456
7686
7299
7589
5365
9137
3086
7553
8241
5787
1593
3937
3012
3366
8892
5259
279
1931
8652
5312
4774
3624
8302
3694
9387
7237
4132
6120
2424
8951
5976
6364
3368
7938
8341
103
1286
6234
2542
8185
8452
4610
7856
5873
2621
3744
4597
8612
7347
4073
1198
9661
5237
7337
568
2754
3108
5374
3133
973
8937
793
8515
8323
9667
4079
2462
5005
5686
9235
4550
6201
9327
3361
4259
1068
7801
2112
9194
6485
3210
1105
5535
4608
3990
1719
3099
458
3037
5469
6496
8594
6536
6548
9474
2588
2629
927
8789
624
1762
4266
5719
7803
5755
1477
5327
6692
5821
5491
645
5683
4301
6634
9190
341
6980
1446
3835
1308
3222
8478
3798
2581
3556
1083
9093
201
3842
1959
928
7538
1754
1452
9914
5927
5421
9342
3712
6954
8132
1750
4140
660
8642
2281
282
3661
357
924
8112
968
8065
2854
9534
4338
482
1132
166
446
4959
6556
6842
4617
9153
7169
4436
7729
6650
422
2884
5433
9647
9218
4609
9934
3671
4957
7741
7209
5678
7303
4110
1090
8736
6645
969
8828
7508
4427
6386
4406
1745
9262
6627
1749
3304
3487
8450
2686
1859
9867
4944
6928
4956
1715
707
3534
9799
1361
817
3886
2347
1986
8388
2480
3443
6555
1508
5145
3551
7642
6241
9365
2793
9142
3980
8383
1421
8992
1736
6249
8270
6773
8248
3758
7889
1757
4615
6687
8377
9745
9734
8933
3950
3601
8300
4399
4175
7127
262
3084
4770
2556
3253
4516
4126
6277
6551
6949
3530
7305
6380
2389
4921
729
9199
9360
5197
2518
6535
4951
2892
1007
5151
5557
2073
4332
5098
4170
8894
7993
4449
28
882
2691
3494
1015
7199
8766
2378
9374
5368
916
8963
6182
5504
7818
2264
517
9043
7877
6515
1170
4672
7978
9906
6383
5985
1929
9713
2200
6318
9279
2749
7590
6771
871
5466
8056
3763
3622
99
4896
7762
4489
8673
1155
7859
5132
3322
7984
8187
7674
1680
3446
3970
5944
8643
2672
3066
6560
5092
567
9991
3652
2486
60
5427
6265
6274
3421
2952
8813
2606
6400
4263
8310
7061
2125
4349
8962
851
942
5130
5484
249
5257
2859
8934
4459
6402
8037
783
46
8623
50
2944
1398
4258
9053
3500
1062
2683
6998
1810
6311
5020
6972
4922
3442
8009
601
5542
4619
6990
3346
411
9339
8897
9918
3424
3568
8718
6933
5705
9462
2066
9310
5879
4584
1689
7886
5510
1376
6654
1074
6101
8589
477
2719
9674
1640
663
3634
3264
2191
5448
9145
4721
8587
4643
3227
8975
1098
554
7525
347
2531
57
7585
8609
9170
9010
9832
4065
818
6727
4030
7124
2464
2797
2358
3337
8073
9148
481
2842
1030
7136
8188
6792
5923
5679
7719
5969
6407
8412
696
6713
187
2041
3300
6559
6342
1716
4647
5502
5361
5290
9003
2350
3164
5657
7875
5632
3584
6285
3114
2193
9562
3846
8127
6199
9631
3002
743
3205
3967
3589
2541
7499
5998
8047
1352
5065
6355
539
1536
5882
5277
2450
3903
1831
6335
7319
2918
2593
6214
5082
7410
9430
3831
8075
1656
7560
2687
1370
2479
1006
8440
3100
4365
7353
9250
1727
2848
4574
6050
8291
600
762
4462
7463
9608
1032
6297
9316
5232
161
2811
9306
2123
6641
4745
8761
2697
4335
606
9344
5305
5783
1262
8381
4410
4828
5488
3793
8508
2255
163
994
4732
2133
1833
7570
1325
8322
9938
5536
8330
3709
5041
2091
6302
4669
9009
8176
2530
2805
9977
528
9528
5730
6923
6286
9141
5806
1203
4548
7122
340
3617
29
2260
9916
9900
6655
3876
6066
9056
5699
1349
520
5948
7079
2495
7273
4611
1356
6272
8875
5239
1056
2304
2709
3703
9941
4130
6166
