4117
4894
2555
2319
8044
6075
5079
2927
7194
7881
9069
3708
6358
4235
8685
5656
4329
5816
4509
9333
7499
2243
7996
1740
1491
4154
7438
418
1342
853
7921
1527
9155
6435
7360
7143
2846
9946
3605
5612
4533
5123
4932
4581
5517
7160
9746
7956
7246
2004
3252
7509
4373
8016
285
4882
4545
1232
9129
9984
5293
9790
7176
8413
24
9066
8227
4241
6707
1427
9100
1190
5152
6337
2399
4939
7673
8260
6853
9524
1135
1118
5130
1824
3009
2117
6043
4693
4480
7473
1344
2750
2460
3505
7252
3425
1974
5738
6740
7948
6051
831
349
5285
6264
5690
559
8713
7964
6612
8818
2255
2442
5118
420
9175
3907
9765
8845
1356
4468
9301
6984
1183
6743
5326
7042
2795
5168
7890
7203
5634
376
6875
613
8117
8944
3312
3663
9497
7402
9060
1101
2203
6190
6750
817
249
6609
5465
3326
5432
8123
5715
2609
6313
7675
2972
1915
1892
2865
1517
7433
5391
2633
5423
5192
302
5473
4288
5010
902
1688
1662
234
7423
3955
1523
3532
8873
1962
5787
8752
1621
1254
4377
2768
2475
1496
5368
8003
6954
2174
8664
8488
9796
8623
645
6899
1418
