1298
7318
109
8390
5836
3555
3833
7187
1255
7601
7621
4027
3635
5635
1539
6262
6162
2105
672
6131
5042
4316
2651
348
3541
2758
3640
219
1223
8445
7561
6192
4611
7394
4867
710
5420
4516
8551
8747
7868
2582
6229
7531
2697
5544
8437
8481
8008
5200
6267
3087
9050
317
9498
80
5901
6426
58
5450
823
2934
4060
1279
1339
2576
3812
5106
8415
8416
5917
9580
5028
5130
4922
1968
4238
3212
9385
1915
6051
7808
5208
9059
7872
999
9541
2834
4815
9031
3470
2069
9697
2376
194
5673
9800
9195
9422
3902
1653
4550
7284
1021
5169
4847
5463
6727
2752
9252
4148
6588
4055
3450
4595
7276
5455
7411
2807
2439
2119
6394
2005
6077
2203
416
8633
691
1268
1903
831
6803
5325
5027
7666
3807
7731
8757
7092
6737
1380
7514
1156
2575
9089
9217
8161
59
4302
5727
5140
9883
4293
947
301
8131
7754
4587
5950
1571
5669
7350
2992
568
1901
4240
7369
9799
1534
8317
696
4301
9184
8034
4749
4730
6576
4803
7459
1446
6952
1270
5554
9337
6849
9003
9737
9123
2565
6752
5051
7429
3146
7119
2437
5231
4603
7070
3544
4949
6492
2476
7487
5911
2220
1535
3895
7126
3686
350
8438
7719
6199
3834
7795
4120
1876
8998
4983
9306
8485
8473
5377
7591
6695
1646
2900
9989
3278
944
8313
5967
4581
4448
9401
9434
7588
9731
609
6475
1913
125
6780
2536
4973
826
5347
1703
8565
3763
6754
2994
4012
9857
3607
7549
7659
3634
6760
2718
7130
7551
1793
4917
6986
2294
3362
4276
7225
3281
4331
1685
2326
4758
4835
164
454
2857
3801
7071
5785
5606
9146
3790
7402
6559
2061
8638
3233
2714
2538
7540
9048
5128
5196
4370
1940
6474
9356
8325
3283
3839
6307
4864
1884
6735
8596
4186
6369
4072
2406
3068
8440
3726
7398
311
421
478
149
9795
796
4035
4694
4727
1724
1899
699
6567
8334
8343
4084
8306
8170
2213
1496
155
7098
1859
9467
951
2917
6985
33
8991
1012
1965
151
3039
8822
6677
442
1667
834
5484
2854
682
7970
2460
2858
9279
4599
8117
8505
3643
5527
9187
9033
5379
6602
5793
6116
6026
1014
5304
856
9953
5555
1040
8063
3560
8012
4195
7266
3016
101
5904
4173
8919
6480
7345
4849
6846
260
9554
3598
5014
7975
1934
7449
6157
4092
9278
3724
1377
8851
7192
1358
839
2765
6523
6547
6020
7245
2178
184
2704
8165
1319
9018
6221
9947
7006
6233
6614
8972
5627
8516
356
1421
7658
7001
6063
8380
1049
2599
1800
2438
6500
8651
9940
4534
9847
94
2433
341
4407
1925
4791
5473
7467
7671
3373
84
9190
1649
4672
1128
6885
5143
6541
8353
9549
2603
3987
7078
7213
9717
9433
3089
3305
728
3246
6074
4231
5833
344
1952
6002
1342
767
7875
5834
6575
8800
6800
1580
8294
4788
6180
6976
8295
8743
554
3789
5061
3912
835
3371
1164
5305
8339
6214
6225
2010
9891
7813
9322
3334
1820
8995
7941
6014
844
6258
3835
2494
2678
5496
8348
1262
360
6017
7167
3964
7304
2021
1404
4244
9946
9687
6355
1489
4282
6991
8720
5958
7409
6856
7832
306
9791
2877
2914
9127
5525
3032
6769
5689
521
8047
18
2693
9280
5309
9284
7288
5784
8099
5791
8564
935
1975
3475
6202
2734
5545
7553
1171
8243
3836
5494
1992
4385
4429
9216
9784
9378
8602
2762
336
7472
9695
3871
4583
8585
4491
298
9834
3176
3633
4709
8159
1652
7247
6901
8328
9997
6797
8457
1894
9802
1626
5665
4465
4971
2822
2616
8901
6159
7390
7374
3443
6936
1017
9265
5426
9349
3623
1676
4699
1805
2056
8219
7922
4831
7012
5108
2749
3463
338
8772
2022
7921
1684
9729
6084
8095
5859
1802
5854
7415
9685
4392
8042
5147
6109
3540
365
9153
3685
6282
7978
4656
7844
8559
2247
7977
5157
8587
8547
4503
7945
1736
3411
1991
6288
3498
3961
7000
16
3896
466
8048
971
5438
1029
7373
6619
535
1796
3584
9915
8891
4263
3949
2042
6907
9335
3600
8552
9179
5648
5674
7940
1783
2558
3160
7029
7469
1766
6778
3291
8465
5725
3602
6615
1922
551
6009
9647
9932
6738
5345
4735
8299
2109
6882
589
6324
3393
5522
253
4995
2204
943
4912
9414
6126
9631
4044
8733
2809
8081
2422
8470
2362
8123
537
7999
7804
5012
7912
700
649
384
1492
7420
8093
821
3931
8025
6138
8886
8940
4691
3767
6435
5472
8241
3553
4678
3215
3399
9880
5667
628
4658
221
3779
8710
3929
3586
6062
9332
5643
5199
4164
1679
1426
1003
6900
7846
5731
496
378
2346
4214
5059
4857
8776
9411
9424
2974
5422
5322
9923
5075
9505
4782
6045
2121
3211
2147
7431
3662
5089
7136
5601
9608
5616
6341
8780
641
5190
6916
8400
7784
6011
9512
4241
6154
6173
1768
4688
5819
7135
3969
2386
3249
829
4209
3813
854
7165
4197
5295
7290
2155
7798
3991
7124
9956
6050
8342
1173
978
5638
6705
4322
9476
9324
5191
5328
4495
6224
6353
733
8606
6558
3125
9400
4251
2727
8539
7020
403
6995
8903
9381
8178
5910
42
1917
3693
1961
1186
3629
8789
8487
8300
1050
6700
6646
1143
3723
6711
3285
343
3881
8375
4194
8110
2032
28
592
1439
4923
9241
7817
7542
1206
1842
2343
1121
9682
6485
7620
4594
2503
8251
5713
7076
8861
209
9862
7108
3504
2826
7403
1921
7242
7395
5773
1225
2649
3000
3824
5404
5586
3245
2087
3381
3464
1300
8326
123
5590
4690
4865
3055
9432
7401
1942
1069
3986
9648
7570
5906
3326
5047
4107
6878
1668
4526
8709
1764
2041
720
4801
5105
8862
5536
5506
5133
26
3904
1510
7593
1249
4327
8167
9453
7706
7073
8142
8726
3522
7120
982
7155
4333
5843
5227
1367
5656
1757
7050
1061
8291
5539
2270
5663
9842
6091
3573
3474
257
1948
572
6376
2071
4096
5716
6886
275
8247
1864
901
4876
4671
5927
5230
38
7554
3823
438
1356
9132
453
3013
1306
5242
2663
761
8181
620
4154
929
635
2261
8540
1432
3210
1723
7018
5291
1129
5503
5630
8089
8087
7971
3775
1221
1471
8434
2587
146
6031
1560
5883
4390
1662
302
1276
3660
6733
7581
8853
1704
7162
1192
1037
9291
9021
4159
3641
4914
1294
8312
4827
9635
4986
5110
3097
2150
9396
2226
9563
5850
4629
9657
7419
1286
5980
6747
4953
5274
3891
8610
6471
1190
985
7264
3690
6540
9124
1449
4064
9797
6081
1458
6468
6464
9198
4853
9258
6963
5175
6535
2666
5202
2677
6250
1517
4368
6408
4395
3859
6814
4778
5417
4085
1978
3797
9143
7918
9256
9643
3594
3104
2571
6663
211
4704
638
2660
5416
6828
1419
8959
9283
4228
116
4637
7976
6815
9987
7294
986
8206
8502
8522
9098
7727
928
4956
8635
9040
4725
2811
9024
9212
1701
6832
4252
4109
9762
5352
7150
3581
9330
9088
4544
3963
5672
804
7625
2724
506
8960
7794
9273
7670
1086
2357
9041
5152
3192
8239
3507
105
5734
5772
1567
2098
6227
4048
1787
2598
1441
8020
2262
229
3760
3123
5792
4948
6061
3860
7777
5252
6035
3619
8184
5250
1700
4890
7766
9548
450
4297
8303
6111
1635
9644
9850
7822
3583
7313
437
9313
5228
6731
354
1584
1159
6794
4743
7044
3260
6461
5781
5069
1048
8347
6786
8287
2134
160
4513
3251
4150
249
8271
7673
2521
6482
6959
9317
1209
9681
2398
8441
1402
3164
2557
9117
4419
3702
3768
8315
5992
8504
1323
9724
3175
428
8193
8923
250
1844
3651
2375
8568
4003
1984
4140
1714
7200
2824
3066
232
8428
4396
1710
6740
7219
1289
118
296
9650
8157
5392
1220
7512
2645
8967
1388
7495
5886
7959
7275
2580
3331
3500
3798
666
9267
543
8910
571
4081
5847
9415
7466
7518
4185
2267
5489
430
5941
5529
7501
9038
7511
3682
5880
9752
5991
9719
3387
1371
8696
3735
4137
2239
9840
3803
8708
3697
3718
7660
2873
2927
5996
7308
2885
9323
8029
3243
2555
8855
1373
178
8137
6665
8771
4859
7751
8645
6049
5869
9869
3837
3796
3749
9826
2710
893
8987
4946
9758
6366
4070
7039
9532
2566
8367
540
5932
6150
6923
6883
8838
5805
5653
3925
2136
5657
3979
1328
903
8040
8419
8439
417
487
3289
1440
5210
975
4623
616
5993
9958
871
4663
4954
8246
9649
4740
4279
781
8144
1587
3894
1053
530
8062
549
1616
1433
6920
7233
2271
2023
5999
2830
5294
6941
8550
5380
7605
5589
7321
4726
143
3957
3804
595
8582
9420
707
401
87
9206
8604
8575
6190
8654
3337
4787
9789
6253
9387
7866
3004
1583
4988
7956
9295
8731
8370
1765
5515
329
2574
8600
4481
653
7748
7138
8985
3831
5272
3419
4281
8155
5359
732
5885
5341
5476
8916
8258
6439
198
9593
7370
5374
5652
4806
8484
6195
2628
972
2997
7204
7435
8662
5949
3780
3810
1889
6172
3002
7337
1046
7764
29
6306
8917
9667
7830
3083
3306
9962
1140
6631
4931
651
837
4013
1512
4432
6743
575
748
6326
4004
7677
9824
4996
1302
7650
9584
1826
7942
3875
2838
3408
7575
1214
37
2836
3352
8237
5167
1755
9691
1376
2655
195
4620
4397
4211
6525
406
3683
5523
8586
5124
3307
9921
3196
1910
4911
3872
7418
3721
3577
9090
3551
8835
8511
8546
228
509
7695
3876
3030
5046
498
6279
4364
2405
2949
5336
8807
1774
1267
2440
3150
4126
6424
6346
4161
7309
1185
85
166
1042
1781
2946
6796
9546
7541
1233
5721
2534
6889
2646
6656
9231
6183
6884
7463
4207
3620
1457
1201
9282
5487
2937
7733
3303
6322
6605
1504
2987
4290
5334
6247
7515
4842
9663
9750
2551
8146
4182
4564
2177
4105
7488
522
1447
9651
4551
4531
5088
2626
1405
4447
1896
7023
1791
2802
4023
4569
4984
6732
2567
2273
4966
6787
41
4773
4962
604
8150
9063
2806
794
4605
4873
7892
1111
7239
8556
2640
5526
439
5256
4580
256
763
4216
9111
8112
1141
7724
2453
2868
8900
4875
4200
9493
9913
3759
3163
4226
2330
1851
7314
6789
2902
9910
9908
5286
5164
6113
8013
9427
9827
9036
8933
2698
7217
9358
4535
5308
827
5845
6153
2673
9303
1993
1207
3079
6093
1161
3120
6888
1245
7144
855
7607
2029
3191
9819
3182
1617
1324
6939
6193
6318
8435
5264
7353
949
9094
6420
8734
5409
7807
3109
2712
2542
4571
3157
72
3060
7516
2185
5475
5849
3155
6402
2731
3299
8676
8225
5960
8687
4066
2622
310
5520
1870
1250
9487
3818
2839
4295
27
7428
2509
3204
1836
2963
9707
4223
4117
7064
6305
8464
3638
8260
3282
6359
3063
3465
1706
545
7960
6511
1254
3626
2748
1761
4601
6163
1362
2139
3550
339
516
2258
7932
5126
4527
1148
2419
4592
6592
1218
9531
9006
5591
8217
2123
7172
7628
3666
9618
6373
3275
1709
5087
2135
9969
1743
8663
7143
1711
8121
2295
2728
8265
5284
5956
3933
40
8404
8964
8491
7482
7332
6687
1235
6767
2775
6858
1788
8660
9589
9339
2027
6998
8963
8210
173
1608
5299
1211
6041
3085
5
2388
2982
3047
12
8166
76
7689
31
7761
7847
5464
8569
7796
7109
4929
3663
9865
7746
4563
5552
714
7416
4651
3268
5300
4960
656
4698
9689
7906
3914
8282
7178
4609
872
1309
4799
3098
1115
1469
6078
860
6161
5694
531
5568
9704
5268
6412
6827
5578
7327
742
2610
9320
3700
2851
1994
8692
1162
4470
3261
3654
9183
9639
2972
877
8051
3430
5119
4723
5692
2782
4661
7083
8793
8982
4402
6942
8640
6248
3389
1273
6514
1734
1394
3006
9521
3899
2672
9134
5183
1591
9771
3664
8208
9014
4468
9547
4323
9361
7094
8784
8631
558
307
2127
1278
5787
8202
4722
