8498
1599
5342
811
411
6575
7297
5856
8455
4009
8623
1879
6310
5518
6333
7640
6498
383
3250
7668
9692
4860
973
9243
4233
8538
2730
937
8320
7104
1310
4452
3621
2612
1493
7219
1073
3449
2891
9406
6868
1398
247
9592
6567
8431
6002
3655
9980
2602
9430
9867
9191
5124
6481
7642
9942
9710
863
2361
8395
9982
3036
9160
9024
3666
8330
5341
8963
2947
3987
3559
7135
2190
4309
4657
8115
5015
2191
5349
2587
8298
3337
4741
2746
8504
2878
693
3370
8536
4392
842
5185
210
5041
7345
1492
6755
3000
5701
6148
4088
7130
9060
3902
698
9444
908
8311
1222
9702
6005
9777
4325
8630
360
8584
4805
5203
8032
960
6598
2989
7449
8908
3220
2584
47
445
8127
3981
4818
8159
9691
4439
5924
5179
1855
5553
8488
8167
1730
9040
6419
3746
7035
5893
9797
5113
7349
8137
7624
6554
458
6844
1559
5988
7455
1615
1813
6886
9181
7967
1601
604
9549
3345
8849
2797
3896
4015
6981
6935
4463
2491
9663
8294
5226
6150
6269
519
126
5158
4916
1690
8262
5617
9633
6069
3341
4648
3131
5405
7170
5267
5586
1714
2812
6553
4596
