655
6282
5390
6302
2769
7399
3695
6524
7806
6188
7043
9327
5352
1304
7644
6
3959
4539
1129
697
5332
3849
2947
4554
3449
1027
9024
809
9308
9135
721
3925
7600
6121
9474
709
2838
7223
1824
1550
4739
7049
1972
9125
7
7963
6480
167
1011
1147
4639
3861
8110
5684
7466
5827
2597
3051
6866
1529
4063
6475
6671
9150
6899
8215
537
164
4309
8974
3652
4974
2183
255
9237
5164
6186
4928
8418
7319
3854
9760
4815
3572
9326
213
408
5606
4644
3428
2416
6034
6472
1878
922
4429
9768
1191
5344
6075
3186
460
1110
4517
4740
9713
8268
1244
6172
6209
5274
1995
9492
5505
8071
5382
4806
1419
2005
4311
9223
8119
8432
5736
9160
1766
1265
1330
7839
1456
7934
3807
7179
8825
6168
5857
887
814
4825
9940
8229
4312
1433
4287
8053
8328
3582
4877
8803
4334
4037
5549
146
1593
483
2678
502
1810
9717
9394
9995
4944
9413
2387
8838
5455
7470
4217
1467
3799
9368
1408
6923
7529
4106
3839
416
2744
516
2923
3328
7008
2512
8747
4233
4982
5941
3099
2514
8787
602
885
3696
1361
2072
6581
3977
6845
6594
5330
4506
1410
5962
9688
1741
5567
6983
634
92
6440
40
8925
3750
5729
36
7045
8864
6273
4688
7646
7605
2089
1947
8731
1665
4505
2302
3151
4803
7356
5504
2733
7427
8488
9114
8291
6413
4170
4488
9123
4502
6872
7842
9501
5671
7394
4592
4192
3747
1561
3160
2263
3411
6574
8843
845
7121
2841
83
3264
3559
9751
4166
3701
7421
4375
1834
3453
5568
3754
534
1543
8904
7920
454
1515
4167
2593
2582
2162
8936
8473
2259
866
7034
8519
4002
6894
4773
8242
8932
3479
821
9875
9021
2547
1363
9338
2384
32
7673
2944
592
9807
5807
1017
8954
8991
5002
477
7208
7375
4206
1305
2529
1492
99
1144
9889
4693
7813
8768
6306
9078
7303
2003
1977
4686
2347
3761
6921
3566
5490
1843
5191
9269
8368
9881
8419
3745
3341
7973
7231
5710
1745
9256
6534
1093
955
9667
3751
9115
2185
5914
5479
1628
5687
2491
942
2173
6471
6299
2230
5359
1840
7109
9504
6742
4596
3132
2736
7510
975
1862
9208
741
9336
2576
1816
7615
5220
5740
3656
5225
8812
5186
4089
3568
311
7660
3421
9110
7279
7211
1451
6249
5176
154
8889
6150
6269
9602
3767
9122
3126
8806
403
1555
6567
4889
8664
6849
7651
3060
3833
6939
4250
6705
5970
411
8256
7071
4532
7348
789
2903
8971
2622
4954
7502
5319
5776
6602
6593
6214
9510
9774
5898
7967
9761
8995
9039
8476
8355
2304
4645
4635
9090
1951
1585
2778
4423
9665
6719
2231
8948
1006
2690
4966
8863
1722
3232
5773
1292
1608
8342
1743
7353
9196
4925
4604
4115
474
2043
1789
7636
1686
4737
4831
8593
5817
5500
7126
7969
8718
6391
8106
1981
4583
7295
7192
7551
2218
2189
1846
6665
9577
953
2067
5378
5949
9409
6122
4967
7580
497
5133
6922
1685
9395
6103
3880
2823
7834
24
9922
9897
9425
773
6595
1133
2874
9444
4683
8225
7226
6044
3429
6054
6696
9462
7089
8957
6179
3298
9819
6500
6024
2517
7546
2713
1735
521
3889
4430
2811
6988
886
5075
9644
5235
3524
5553
7849
7108
198
7227
8946
243
8728
8424
5292
7846
5608
7039
4820
3480
6138
3485
4595
9754
6929
9296
4566
7229
5373
5822
2871
257
3136
7206
9313
3914
7825
2066
2701
9105
4356
5297
7172
4859
88
8208
2712
6093
8176
234
1774
2314
4882
1159
2039
8087
7859
6212
1355
1220
3804
6262
5142
5946
1560
3035
2447
3683
5276
7284
936
3472
6069
1539
8830
6840
4438
6406
3204
358
7481
6924
3897
1933
596
6455
8763
7953
8790
9188
1393
834
9964
1163
8051
3084
6950
734
4987
120
6117
5129
2750
8136
8688
3969
8861
5060
18
2673
1823
4388
2860
8287
2949
6795
723
2816
8388
2029
5218
9153
174
2323
1509
7889
2882
3834
9357
3601
3542
8526
8890
8048
2847
9317
5456
4337
7334
6623
9930
5317
750
446
8798
633
6958
616
5778
9716
6755
1031
3362
7344
8883
2367
3887
6366
2680
7901
1891
7301
8724
4738
3184
1065
3245
1012
1125
7996
244
459
2924
152
3266
6551
4775
911
7756
6082
5313
7451
3045
6277
7017
5471
2201
2530
1219
7985
882
9304
3908
1980
1347
2283
2188
5464
7965
8381
9792
9587
3748
1672
6146
2121
5665
8866
9003
5595
1866
8063
7909
1207
7655
9407
4852
8557
9468
9042
4458
2351
7987
1228
4827
8024
258
1161
7038
3855
3075
9690
3011
2272
3100
6347
4113
2099
9670
7805
4798
7630
9350
642
7127
166
307
7848
1505
9535
3257
1010
9309
4059
8616
4103
5834
1919
9545
8117
7099
98
7507
4642
8129
3110
3867
1167
1870
5798
7446
352
9074
2435
6163
2376
2921
3637
9635
5786
8862
6589
8474
5037
3554
277
350
973
1308
4072
3784
7827
8858
220
8908
7817
2354
341
8642
1927
7378
7729
9461
5680
8310
3958
6085
1899
7140
6903
877
4530
3573
2355
7337
5190
3598
625
7006
2872
3281
7755
3864
9349
44
9862
1675
4958
5734
1655
3950
5929
60
4297
925
9429
6330
6136
1122
4854
4721
2337
5202
5978
1080
8167
4620
4282
8523
4247
6365
4185
4114
2758
9144
1759
6428
1998
1784
5590
6378
3999
1067
3079
859
7460
2644
8115
5722
4249
9720
8730
5888
2028
3960
6356
4973
3463
7566
8065
7536
8414
6234
5013
8875
4199
4450
7711
5732
8027
1720
3720
9361
4906
737
9817
9360
9864
4873
2489
1472
1569
3596
9503
3348
1806
813
1533
6621
1112
7915
2239
2682
9710
9228
1805
8505
2565
8273
9266
6648
6878
5498
6396
4135
5679
7016
3989
7521
9137
2997
7598
996
4061
9970
8509
5255
5669
7308
707
1670
628
967
6938
6530
2877
9451
7141
764
5296
5866
65
666
4702
5810
8429
3263
8675
4687
1883
7796
8799
4007
7239
2260
9939
4454
698
2070
5629
2538
362
5670
5299
4582
4808
1974
960
5656
6041
5889
847
4187
9203
1635
333
1106
2721
9692
3131
7225
5719
9946
4669
4209
3078
5858
2925
8434
6106
4364
4862
5839
3320
6016
2886
4501
6674
8279
3585
5124
9739
8264
794
365
4622
7871
7147
6533
9215
7317
1960
8525
3828
6337
1403
3230
2242
2836
515
5086
4314
3686
1481
1235
2594
9614
3314
2735
4278
2738
9787
5398
4258
612
8743
1354
5964
5600
8029
79
4826
335
3739
4588
9079
3776
7804
7716
1366
2112
1267
9937
6202
2804
1141
2450
3790
1681
5280
6577
3128
1084
4418
5674
9597
3334
8398
1525
5819
5473
8515
6493
571
5460
2237
3067
5631
8615
9548
2317
396
8292
7321
6309
7070
7527
6804
5763
237
35
7339
5179
9366
7083
6701
9564
1982
5395
145
9297
3817
3258
2266
2705
1748
4823
9236
7161
5354
6999
5201
4849
1973
981
6424
4178
8817
5931
1669
4412
2053
110
1107
9702
4129
3623
3309
6624
2720
7541
3407
3250
2965
3940
8212
3675
5657
5953
9139
8887
9277
9290
3513
2058
5576
3934
6911
7262
854
4695
3164
5266
8440
7922
3812
7500
1603
8947
1484
8498
291
4951
3002
1243
6310
4107
7291
6979
9173
7800
8377
5417
1300
3403
2240
3756
1812
9499
8030
5748
2942
2632
2378
672
896
9779
7368
7723
4759
2668
3028
4725
8815
6182
3531
2346
1143
5617
6392
4122
3426
3915
2483
9594
8093
3648
9712
5074
4957
6196
8108
7159
3825
7861
6937
3324
1913
5052
2639
2990
9744
1343
7430
6706
4879
6824
1337
9585
2714
3085
6279
8214
3082
8753
109
1047
8746
2301
8945
1811
8295
4589
9092
9211
853
7195
7956
6855
5928
3224
6644
8123
345
7715
4140
169
660
118
5011
3138
6427
6934
8639
5998
4457
7735
6556
771
7962
1884
6757
2793
1164
9615
4308
5027
31
9439
9759
2285
7984
1782
2647
3402
766
391
7892
4173
9529
5017
6441
8547
4432
7616
7586
8491
4959
593
554
4455
5271
3221
63
2875
6552
4606
6550
6504
6897
8609
6508
4619
889
2728
1391
7129
1646
1885
9554
6769
1120
1563
7367
5753
7560
4274
9089
5014
2761
4376
7975
5072
3791
2543
2281
1294
8153
6572
8393
8451
5739
3370
5552
107
19
5627
9333
2320
2012
4677
3178
433
4993
1944
4219
4218
3493
3209
6340
3995
48
1633
7190
5310
8788
137
6246
3561
7247
5556
952
7477
8591
3477
3778
451
5012
7812
8536
7635
2153
1954
5517
4869
3758
140
7688
1082
5381
8135
5768
2865
3523
1489
9287
5253
1
1508
5340
5383
3437
2019
4228
1727
6158
5353
9194
3105
314
818
8064
7264
7442
5240
1151
8919
9841
3621
3069
2540
8881
9821
3109
533
3422
1356
9265
6333
9691
2718
6759
8445
3890
8101
5421
9411
1579
5930
2467
310
6761
580
6261
2959
4145
2590
9860
1062
6459
527
2013
9888
1290
1148
9563
3567
5971
6498
5349
6527
6002
7942
3066
9920
9199
6364
5604
946
9831
4881
3626
3395
8886
5482
5004
8706
222
4280
5322
5394
7567
9282
3707
2652
9911
3882
9857
4305
2935
7145
5163
8521
4617
991
5833
5859
3286
5208
4722
5173
2370
4071
4871
7431
5169
7666
691
3215
5187
3072
1074
5947
9802
9905
9648
2501
7886
2596
5911
1025
7896
13
2181
1534
1516
658
3404
6672
7961
5015
7306
8748
7614
6787
7737
7654
9459
2710
3763
9778
7331
7629
4493
9244
3895
5159
823
7603
4663
7610
61
290
1532
3942
6875
507
3982
2745
8038
1336
7050
332
965
9836
4008
5677
4495
606
4984
240
7315
4657
6352
7052
5755
3166
1629
450
7327
3338
7090
2399
3961
3342
5611
6606
4486
2640
3587
4489
2889
6678
2978
2566
1131
5229
545
3383
3107
7358
1733
1928
6650
7542
7978
844
1115
6204
1621
3824
6065
2123
4186
9994
3873
7504
3482
2638
5499
9687
7883
3315
2411
935
5182
3903
6094
5301
2030
2693
5653
9555
5233
1589
899
4132
1146
8676
5702
2904
4481
9498
2687
9662
4931
2835
4157
366
9568
80
1013
9169
1624
6728
4584
4941
5049
846
148
9724
471
9152
915
3534
7968
9531
4568
4563
4942
8020
8555
9158
8894
6460
9544
7142
583
2044
7063
1008
8760
1512
5108
1923
2753
9316
5829
9295
6620
4544
2611
1760
6453
2513
7443
6791
3684
6076
1687
3377
2079
7750
4992
8563
439
4988
2692
9028
4331
1705
8433
8300
74
705
5370
3043
9917
9686
2659
3737
9482
2226
4895
1023
778
2255
7196
7816
9299
1238
4191
6165
5156
5963
4636
2488
4368
2397
1459
5597
6776
5812
292
2853
9815
7853
4004
1155
2088
7544
9063
209
4816
7235
6619
4844
6760
9682
5327
3218
1983
7081
1527
3345
2139
7322
4272
4105
7885
8973
2972
7273
2394
1189
9625
5800
338
5969
9101
4593
134
6426
1549
3467
6605
714
9052
9375
9976
2796
2339
1643
9808
7252
9388
9098
9134
3508
1718
743
7217
8094
1519
5843
3401
1908
2428
5554
8697
662
6793
4970
8987
8079
9680
6985
3973
5980
761
5033
1319
7289
2819
6074
8370
7907
2907
9674
1768
3964
9669
4769
6160
4324
2757
7136
3024
7524
1026
6348
6794
59
2531
6353
1389
1493
6045
9902
1186
8399
6828
2520
7982
8986
3213
760
6860
4795
7253
638
51
9598
618
2809
7138
344
7371
9845
4866
4853
5598
5968
9923
4995
8680
3857
4609
3836
6709
8962
8479
9201
6292
6410
8202
3330
6877
4229
2980
5281
1863
624
9703
5989
1314
7475
5614
9339
9509
5365
7498
8277
9191
7585
6834
2537
9156
2214
8023
5643
309
6882
7414
2135
3570
3520
3916
1341
8164
8671
3769
1198
5788
3757
1912
7946
3894
9790
9435
386
4641
8656
6905
6542
1717
5762
9010
2138
6162
9140
9572
8427
