1264
1460
129
7139
3359
8124
6386
9150
4930
4694
9778
3726
2173
7605
481
3026
7486
8462
7957
9395
2263
6865
8103
4150
8669
6412
9
1761
1949
3486
291
6708
7227
6376
2649
4565
6337
5154
6699
5253
2266
2338
1897
1926
789
8464
6003
7440
9517
5354
4640
2904
2489
4723
5945
201
8968
5348
6799
494
4737
8565
3723
1301
4971
7042
8404
4429
7549
4859
2557
2898
6967
588
5982
4992
9827
1554
4424
7981
5467
6179
7068
565
2006
1470
8126
7604
2315
4183
1117
5355
6123
4879
786
4741
4295
4206
6161
4897
8154
2161
8144
7666
5189
7050
5324
8150
4887
2205
5435
6016
8892
3939
7265
4108
2441
9563
3531
2423
664
1261
8684
1854
6564
7791
3849
9220
7332
2033
5944
7725
2305
4591
9207
1194
28
20
7908
2954
952
7567
7753
5680
7023
6859
6729
7785
3319
767
1197
9179
9154
2329
744
1400
8817
4195
1904
4374
5849
1399
885
7094
195
24
951
9320
2281
8854
4985
6469
2547
4570
4457
7942
8032
8802
6559
8796
8938
3712
2940
9764
1148
4122
9802
1171
8122
2092
8240
9834
6045
4025
7282
3007
5261
2219
5224
9267
9785
1003
1272
6901
8881
6485
9524
3636
4322
8242
9312
8139
90
5286
5799
6087
1414
2034
7466
2460
7620
4958
9350
9833
3496
67
1954
5994
6710
6514
1572
9995
6392
7136
5442
7062
3680
5301
6803
335
7088
9198
1353
8043
356
1853
6948
9987
566
5121
4731
8418
8310
2935
5753
4119
3823
1092
1699
5922
3274
1809
9537
1180
6234
2863
1269
1778
6407
5762
5112
2977
6322
7893
4143
8195
2069
5533
9348
7975
7557
7331
8640
5929
38
9123
538
2591
1790
5726
1079
5188
9991
8476
4492
8975
1469
3288
543
2801
2322
3384
5476
6141
805
5279
6916
4777
4121
5320
3471
5136
2023
4754
6269
9467
8735
2809
2619
2226
7391
2734
4794
765
6296
3762
8033
5652
5079
2479
8047
8766
9382
5025
7485
5670
3597
4022
9646
5880
890
1728
9416
3006
8731
6651
9960
4905
2331
4288
658
2674
2792
5822
1640
143
1971
9234
3543
1782
1283
1142
708
7669
3392
1720
9189
4650
8487
1501
604
8498
1628
1942
2073
267
2972
5458
2195
3500
4368
1644
606
8716
7336
7377
6892
3895
357
5593
4688
5327
7119
939
9740
3221
4888
6739
3482
325
2565
7101
3255
7195
3249
6041
2087
7807
1898
6088
7594
238
3366
5115
9100
600
8468
7078
2495
9502
5122
1446
6308
6744
9380
3407
6255
61
8297
2386
3324
1119
9585
9036
6049
4343
4112
6334
1575
9666
5711
4785
2458
2523
8410
7297
2496
2076
3618
2146
9141
2653
1976
5874
1584
1581
4674
4260
3593
5309
9832
4267
9944
3963
2246
5859
9052
4327
4791
1072
9582
7271
6382
4676
1037
617
3386
7736
6212
52
9939
4999
7342
6329
4541
8683
1789
2095
4041
7610
3242
1464
8694
1829
2604
3246
3787
2157
4501
4109
