3745
3134
8017
6878
9655
5732
3691
6894
8482
9394
8300
6919
2469
6140
9350
1768
3009
6930
3566
771
6449
6207
7192
664
1941
4024
8815
9991
9153
7927
1979
9775
4882
8158
6009
5824
414
2709
5618
8645
4806
1353
696
6747
4119
444
3369
2186
5923
1364
9679
4318
473
3412
5080
2765
4027
846
2911
2613
1540
1850
9934
6972
1976
8654
177
640
816
5954
917
5021
2918
7042
8562
3498
660
4567
7408
9058
1411
2202
6276
9554
3430
3685
27
1707
668
9414
5625
5739
3934
1714
5983
4071
3550
4427
1170
6947
8627
8873
1785
2334
2869
1167
5797
3470
6251
5339
9951
6950
8726
8864
1684
2612
3490
244
5751
7627
9036
5262
7434
9369
6298
5784
1297
9751
4765
5253
8400
7885
8529
607
8639
6222
1586
9251
5908
6088
8469
6184
3016
9799
3111
4312
4558
948
1237
809
2414
2130
7986
4178
5293
327
1625
7612
8116
4524
1847
5699
4458
3006
3938
8308
9703
767
9627
5132
9660
8936
7505
9341
7472
6002
2476
4712
6219
1412
6443
2253
7068
1019
4659
5868
382
151
3033
7365
6540
2004
1155
6300
597
6318
7299
8293
5496
5124
2897
8493
424
3158
6854
9304
5870
4435
8172
3394
8376
5428
6703
1277
2100
9129
6580
267
2657
1773
2493
1916
6640
7570
4126
4747
3339
1123
2771
7239
6737
5653
8788
1612
9558
2684
2339
5632
1362
760
2830
6984
773
264
5643
1410
3090
6089
6628
7127
5535
9300
8576
2171
5058
5567
2345
8078
8774
245
2149
9240
9506
4586
2559
3532
7803
7935
9149
5800
3023
1938
1103
8478
9676
8539
8411
8057
6038
4186
411
6489
8667
7343
554
2659
2546
2060
8917
4
1331
1961
8764
5920
3939
7654
8472
7857
8038
2621
296
5879
7032
2003
2867
7117
7118
1983
8711
6195
8996
5497
5568
9856
2361
3039
4253
22
2755
1261
9814
3816
6373
9780
9621
8255
4608
7208
4986
7534
4298
5520
8174
6680
7982
7759
2527
5277
2135
3844
3387
7342
1933
5650
5977
6745
8282
9821
9250
7901
6467
8026
5024
2829
8330
6081
2401
4002
8107
5873
8672
6338
2468
3985
2415
7226
5864
4721
4085
952
8480
2929
8799
7664
4898
7589
9104
8655
2735
5035
3713
2626
4419
7752
5457
4147
2011
4577
1667
9895
9888
9041
1752
3103
8304
9212
317
7202
7259
1309
5559
4678
8560
3561
462
4643
5662
9331
8327
7810
4570
5243
896
4048
4053
9419
5358
7942
1468
8738
7740
9647
341
2832
497
7801
417
7585
2791
6790
5476
3257
7514
688
1812
7558
9404
3814
2317
7643
6360
8851
3400
5685
8575
8095
261
7920
6639
2296
9730
3809
7316
9502
3407
3226
5154
3797
1114
6366
2826
3142
1094
759
7374
2783
3724
1858
404
2131
5502
8305
7870
4153
7454
6611
5304
5418
5249
3693
1930
834
3970
482
5952
1304
7669
6198
1206
99
3964
7648
7451
5636
6250
9271
6254
9959
5758
5142
9742
4859
8591
7050
8590
3497
2499
605
7895
836
2129
5009
7314
3083
1524
8031
7898
8980
3615
1639
5483
124
6617
1478
6143
6813
3208
6995
6236
6386
5875
2494
5989
5007
5345
4743
9745
3721
9893
4651
8355
1109
564
639
1951
2063
1369
3699
5441
3795
259
5164
5782
5165
7883
6032
6228
1332
6846
1767
2410
7140
3541
3734
1735
9787
6128
2609
1545
8044
9123
9108
7132
8926
1360
1876
833
4033
6743
1185
3976
3820
9333
9996
401
7652
7437
1298
6867
5573
1339
1567
953
8331
8063
5306
1956
6339
7171
5190
7009
3382
97
5819
7830
8598
6240
1637
2854
3836
1483
1613
9913
8648
6168
9051
6784
7157
9078
5538
3915
3211
1031
9296
7339
2369
6023
7128
7401
955
8791
4777
8646
7509
8195
3051
2056
2448
5772
1516
1068
8434
1055
5869
4018
1821
7539
6304
7407
4150
5888
9281
8929
9549
8311
8418
9253
7006
1592
7189
9396
8995
5561
6296
4691
2971
9539
8750
3876
2747
185
190
8993
5733
1808
8773
5366
1845
3789
8353
5616
9817
1861
2973
8396
1194
3354
2390
5902
4402
5033
4148
8190
9525
2052
2943
5992
1424
4867
3468
6645
1753
3764
3238
2050
9409
371
4097
6156
43
1763
9399
8131
7822
2178
8796
6664
1892
3383
2706
2928
9713
354
972
9363
1363
1544
5026
6622
3177
8585
1059
5623
8775
7298
509
848
1849
3029
2327
1914
701
5357
2062
3817
8989
5523
2797
2627
3121
3362
1553
7573
4276
5175
6505
4117
8383
8933
5880
4695
618
6045
4661
7501
3164
2909
41
8051
3696
7961
292
1440
8216
7668
868
2199
3565
6883
3884
7138
3624
3133
507
2042
9406
107
4176
9385
3235
655
7489
8152
7235
4892
5230
1267
8226
1952
5323
7681
7697
5495
9864
2899
4942
4510
4755
9757
5522
2516
5996
7412
7782
3886
3174
2458
2509
9133
450
314
2143
4020
9879
9275
2057
3162
3022
658
9548
4304
9416
498
2914
8866
1292
9866
4821
4735
1120
6899
6237
8962
1330
861
8504
3848
1243
6413
9258
779
7210
94
8186
3107
1685
1357
4842
9638
4447
4639
8432
6031
6410
8597
6886
7442
6454
8985
5570
194
4420
6452
3984
3760
6163
1368
5012
6589
9510
869
2624
645
4737
1950
170
9372
2110
6970
7327
7761
7390
4247
7892
2857
4960
679
5669
2453
7031
5619
4807
6885
6719
8350
3268
8449
4736
3868
5940
4394
4966
7381
3115
2167
7606
6506
3608
4316
8681
5162
7394
8352
687
5479
6402
8533
1139
2828
956
8111
3059
1906
4348
2645
872
3716
1534
1669
2588
857
6091
963
7463
51
2008
6938
2444
1150
4218
4939
6901
7566
4407
406
7389
8118
8394
8211
908
8273
1846
5390
1700
862
9724
7540
1525
8430
7984
2111
8360
5287
3327
8829
1398
8811
3800
6316
5494
8170
5882
6825
2978
5892
8213
9146
5257
1895
561
3646
2340
375
339
5040
253
5292
5514
2176
7779
9168
5604
64
5627
3952
5668
1558
2173
3839
6325
8642
6701
574
2675
567
5485
9321
8668
5547
8284
8894
7385
96
6631
7784
5280
7392
1088
2942
5388
2420
3105
1326
7415
5108
3782
4906
3004
251
2249
2192
529
4479
2586
5999
2763
4529
6824
1870
350
2910
6312
34
1831
1710
55
3871
6842
4289
3143
9805
9845
1569
4749
7134
8140
9371
3665
6308
2980
4818
3667
3345
5683
407
1385
6036
2181
4844
219
6519
4732
6150
5862
8838
4008
4423
9902
1749
3513
3936
7811
8961
9288
2794
6384
853
8795
9486
9074
7424
2128
5929
3911
7274
2669
3266
8153
3139
2280
6816
1098
6084
7840
4796
5158
7361
3308
9457
2549
5543
1417
5075
9266
9283
5099
6927
1931
271
9614
9793
6492
6648
4347
2478
7689
3590
5659
5191
283
358
3117
5462
1712
9272
1799
7041
6453
2761
386
3487
4012
840
1711
1207
9437
3072
2498
6944
634
8058
2634
8856
9915
9541
187
475
9172
7494
8571
8848
2965
6832
2083
8966
7592
8609
9770
921
9555
1954
991
6721
5756
31
2670
7058
9391
7186
5978
2582
3168
2633
9052
1720
8949
6486
3733
5042
5911
4367
5550
5276
6667
4125
1788
7105
4486
6713
2085
3068
2950
4934
2424
8488
7079
2033
206
3275
325
1361
1903
6394
2015
5925
7347
8046
8570
2330
9640
5966
6582
5174
649
162
2646
5487
5753
4562
2472
448
9403
8745
3172
6054
5454
6651
6779
980
9482
8858
7377
9617
2246
2234
74
8014
5606
2418
9086
2596
7293
9479
5153
342
1971
5872
1192
9208
1616
2715
5131
727
5481
9908
2578
8471
2772
7240
3324
2539
5334
2434
2351
4015
8879
9097
3830
4098
746
8464
7156
1477
9015
6440
8097
9711
1278
5057
166
5990
7095
9277
3106
1776
8920
8647
5603
8319
2397
4179
9530
6863
6349
9197
6507
2393
563
1747
3330
657
3331
2786
2119
5103
7696
7720
761
145
3977
4679
8175
365
7808
5717
2799
8297
5095
4113
2970
6230
1786
2967
3391
5986
5347
1842
8653
1168
6518
1162
8709
5297
9635
5419
3841
8089
5013
3680
7212
236
455
3350
2841
3516
9809
1736
108
5818
9032
3735
6587
9828
7521
9489
6231
3640
6765
8285
1030
971
7572
63
7987
6415
6723
5998
4116
4381
3189
4338
179
7813
8302
4190
9683
402
7369
9379
9771
7868
3774
667
933
6573
5675
5742
7002
1009
3380
132
9080
2689
5270
77
1307
2736
5088
3894
9380
1384
1148
5020
6151
1635
1670
7399
7383
6585
8179
6943
6351
9130
1966
3522
1674
6005
5968
6169
7410
9702
6802
8086
8699
1907
1407
789
3905
6007
5790
4058
1648
832
5037
2195
7834
2233
8854
9863
3310
505
2029
5973
5713
7758
6654
4335
7636
7879
1074
4399
4136
9826
3937
6535
6855
3379
4836
2073
2964
1118
127
2894
4324
9832
665
3291
5720
5290
1344
9206
5083
15
9471
3062
1220
1809
1457
8948
4417
9112
8013
9282
9808
4305
3222
883
2906
454
5326
1110
4187
709
7685
8979
4049
2801
4325
3689
3024
2137
4221
4442
2969
5865
8363
499
5976
6941
4996
7411
5371
7861
8201
5805
6495
1977
2336
5716
9515
9192
3212
8548
4175
9221
9699
2136
9344
4182
5415
8682
8212
6881
8443
392
3711
5232
8289
9151
8880
4292
8056
2602
9355
30
4180
2174
9193
2922
9237
8924
4923
8483
2827
8123
2686
2926
1755
7503
3411
7233
9085
6851
4808
900
8595
8740
6517
4225
3478
6833
6945
8466
4291
2292
4620
7559
6605
940
7245
9721
9442
7348
8600
4573
9892
3248
6524
9917
6206
6964
3116
2642
2353
1899
2678
5515
2690
7147
6913
7563
8149
8295
216
4003
7820
6344
3035
1212
3612
8637
6033
6504
9280
5433
5363
4036
9018
1132
8494
1897
1519
8456
3377
4726
7146
1774
4389
6979
4256
3813
1215
3385
9532
6581
8276
5876
932
3040
1136
3837
1818
8129
1447
9348
6928
2162
8184
3376
1373
8792
218
7467
2400
3224
2778
1486
7893
3496
8278
7021
5382
581
6100
2419
3460
2954
8453
4432
5223
4336
1230
9305
3301
3835
5199
2556
7708
978
2212
8286
9480
2367
7522
6359
451
8457
8610
6355
3414
572
3300
7925
8143
7584
5656
1995
9953
1957
1972
2888
6786
2940
4669
6136
2788
1128
5578
3688
3962
6042
6335
3650
146
5140
7705
9298
5464
9115
7833
8296
4273
9177
4778
2300
3512
8165
8425
4784
8555
3815
217
6412
8923
4219
7422
4628
5545
6039
5125
1445
9651
9890
8030
3963
6420
1522
5735
3956
9119
3109
6925
6875
1210
9765
8944
1577
942
2454
7826
3352
3261
5309
8384
8999
2294
4840
5542
240
383
7978
4375
3846
2268
1536
5157
551
2344
9883
7926
1377
1802
1460
9921
3638
440
9570
5601
9019
2370
6554
1423
2717
675
2242
1537
4826
6170
1805
7246
4062
5296
1236
4129
3636
6699
6473
6389
6757
2118
9729
5398
7712
2439
5556
2744
7966
7748
6971
893
3494
2696
4496
1811
7672
1551
6374
9998
4636
1855
1441
1079
7897
2021
1881
825
6814
2051
2641
9415
3658
2123
8922
6267
9963
165
9386
8998
3548
7341
7491
8751
8619
3862
6432
9191
994
5202
4839
7989
3515
4993
2442
2485
3329
1949
7334
6097
2649
4137
2185
2422
3262
7431
3334
1263
2620
3547
4350
3819
7783
5060
2643
4391
6806
5584
8367
2416
4750
7426
2193
3931
7465
9758
8843
9122
8658
479
2328
4101
9712
3772
5435
5769
9818
5642
2574
8197
4166
523
1214
1464
5000
6637
5400
7887
260
2435
5181
3456
7726
2616
8249
2231
8414
2012
936
4579
5617
1096
559
6021
775
227
3781
4541
6337
1730
6243
8446
7638
4604
627
8534
6914
9903
6530
7538
7229
4890
6688
9656
4288
3099
3163
4782
6550
2618
9176
2802
1970
5427
2812
5315
9180
1985
3773
1857
8847
4899
1898
8250
2673
7922
6740
3087
1426
9075
2825
9928
