5230
5262
3357
5210
8646
2073
3973
3744
2562
5942
1192
8935
2994
7234
8468
9857
5168
454
2258
7403
4929
2582
4709
648
2530
6762
8475
58
744
4879
6198
7223
1158
2249
965
6520
3972
5083
4239
2026
676
1636
5313
6701
5837
3439
7013
5301
8920
7733
8240
5282
9178
8726
5068
881
5556
3738
4595
9638
7511
2122
475
4320
4958
7799
9231
4519
9268
9370
3455
6719
4025
2185
2242
8773
8933
5500
5921
4305
8691
938
4020
1283
9219
5432
2552
3508
1272
5444
801
5479
8622
9162
2911
9005
7144
1427
6496
8989
9350
601
6671
3093
3563
1564
4951
6335
1868
9137
9291
131
2841
2605
4645
6297
1476
2245
9955
7418
9979
5611
7091
7049
6269
2519
7441
6603
5318
5334
4158
9876
9109
6067
112
6457
4650
8645
7883
4896
9245
8326
6422
1594
8462
7132
1968
2214
7926
1176
1700
3562
807
4549
4882
8115
6287
7749
2929
5330
651
9376
9045
3481
8372
2299
342
8627
8863
4152
4134
3199
5365
2775
1996
1749
1462
8961
9039
896
7674
2015
5494
7793
3673
2061
885
701
6166
7062
2159
2430
7250
2446
928
7664
459
6926
2634
5431
