8153
3671
9367
8797
979
115
3420
8520
673
3959
6297
5251
8490
5407
5921
3326
4221
2309
3755
8609
8061
6312
9405
1892
7871
4882
1862
15
692
4920
5531
8083
1668
3362
2312
3573
6833
4388
9686
1961
4627
9525
616
9166
7551
9555
8799
4351
3717
3034
5580
3102
9325
2909
7063
5659
4743
826
8395
6188
5035
2510
5109
2217
859
3359
2746
7955
4132
9174
1632
6212
1459
1956
8518
3681
1656
3992
5746
8173
6184
9552
425
8866
9072
3066
2343
623
2264
7508
3641
4735
1361
3371
5450
3067
1302
1522
3250
2388
7922
8511
3742
8643
9076
9254
1434
5553
4159
5880
5039
1405
4762
7395
4866
7066
2766
7033
3819
6988
7421
8907
1865
3340
6501
6778
5434
6161
7475
4284
3050
8158
7541
2214
157
4988
8421
8255
9413
4116
5997
1251
1611
9605
4230
6641
938
4922
4027
10
8536
1685
4265
7058
5024
1904
1297
7781
631
3923
756
9791
6113
2696
5131
8411
6454
8378
6387
6942
9730
3977
5439
3036
3330
9661
6766
4341
4052
2988
8119
5238
4037
2631
7093
6951
3942
8034
2914
2924
1620
6626
8321
3677
4779
6054
6475
9817
6983
3438
7070
6758
919
2589
2647
1319
1688
4094
2098
2115
8567
5124
2961
2474
1834
1722
386
3149
4103
2571
1199
4489
2923
9492
403
6668
3061
8094
723
8106
7960
8952
8477
3878
6773
1641
4472
4602
7698
4835
2821
7866
830
1782
8176
287
1352
9599
3576
9111
7417
7180
3046
3597
6482
3697
6456
7346
1494
2656
4845
3750
4289
3172
70
5462
5385
784
7235
2434
4451
7629
9132
4293
4305
5334
4767
3985
9242
4240
4958
5335
7594
6283
588
7458
717
20
6109
725
2329
4108
797
8072
4470
5976
9024
6316
1514
5737
178
1498
7667
9724
5323
8975
8622
4936
9209
1283
6013
6604
9684
6609
4511
5568
6632
5013
451
4824
1200
7790
4435
7287
5350
2160
6470
6838
1382
1024
9926
9868
433
8009
118
5543
7862
7514
4726
29
1801
8698
2182
1811
3333
3853
6241
7392
9189
3916
9334
8107
5814
494
4327
682
92
688
177
4149
2962
3704
2087
1761
7525
5083
5006
996
2831
3281
2692
4815
7429
4518
5158
5561
197
2920
5594
4110
503
8893
8864
6254
5402
9581
1332
1260
6223
9117
9435
3786
3501
9208
8685
9582
1107
967
4494
2091
102
8838
3768
233
7349
785
5348
6289
1532
2324
8461
5151
4805
3564
357
3810
9455
9458
6941
5330
9293
2779
4846
2162
6264
393
9074
3860
5436
6587
5643
8756
5608
4986
1018
6610
5468
9453
6200
1689
9448
7606
8529
740
8728
7342
6885
32
963
5658
8230
1598
1913
9376
4902
352
7492
7404
1064
6458
8105
6894
2205
6226
253
7621
1658
9788
2832
2393
3884
1937
1181
1901
2039
6774
3659
1912
4488
8982
3966
6692
8840
4187
2691
7820
1830
920
1977
4285
896
1589
7014
9387
3391
354
6631
4105
9979
9207
