3190
6396
4454
4149
0
8513
1030
5056
6284
8240
278
4752
7798
19
1246
3441
7794
3335
8809
5658
604
3468
491
7264
6022
808
5422
545
548
1066
5805
3733
4039
1169
8938
8600
8845
448
385
2270
4069
7196
7454
8403
2858
2044
4761
2219
7098
626
9403
8151
2322
8956
345
1291
1308
7902
7118
6478
7928
4119
9461
3612
7546
1201
1615
8835
708
5667
4904
483
1712
8143
5838
8652
1784
4319
5825
3212
7603
628
6994
9122
4427
2356
3239
9188
582
7172
3937
6923
4917
7437
1368
2440
8033
4070
8485
5437
6009
3403
1619
8408
9305
3193
7424
1250
2949
3588
9576
2906
8898
3606
6448
3520
342
1542
7476
4344
8758
2394
3589
7167
2392
8819
6657
331
6683
1162
4009
2544
6757
4771
2337
9677
6398
1508
2539
2584
3500
2755
6974
735
6517
6089
6028
8212
17
1408
6213
7281
7497
120
7233
2334
263
632
775
2769
2514
8683
4326
1680
4441
9701
3876
9854
8528
7260
2839
8992
944
8981
5005
6920
3129
1448
6296
2886
5319
7189
4868
9927
974
3032
8191
2084
4448
1798
967
3298
6741
3314
1659
6918
228
726
8067
8667
