7926
2547
9553
8052
4403
7816
9765
6707
5451
1811
8690
1147
1898
584
9445
7421
2123
7019
5539
4413
9799
4270
9041
4557
5233
9371
1095
3651
3315
251
4074
6125
6443
1722
4400
7232
3173
7860
7846
9879
9140
8230
9919
8190
7180
8840
4909
9377
5285
9514
195
7849
8685
5399
8274
2046
7128
806
1919
2475
2951
1431
3050
2209
6472
1899
743
3192
5715
4956
8714
9816
6608
9444
8817
3731
8213
2933
1447
8547
8705
2281
3234
8100
6602
5702
8718
7760
3216
1359
1183
8753
5863
3945
6655
1425
3833
8229
3666
9427
8184
7261
7152
8091
4878
6624
3246
9624
1455
6735
21
9636
5311
9227
2839
3607
8195
9159
7168
509
2566
221
7842
2913
6245
884
6015
9812
9366
6620
849
5824
6076
816
5234
9821
5052
5791
7345
6074
9531
1290
2120
8573
7041
4924
5021
3283
7685
6716
6305
5519
4043
6809
5810
627
1717
285
7974
7705
5498
9696
1728
7034
7463
1779
8077
1528
9731
8042
3801
6476
2449
5880
2184
7466
6126
1650
6527
5473
3117
2774
7715
5210
9704
6186
2042
6543
1683
8163
4448
5931
1720
3150
1200
3824
4315
3141
7318
5871
