4475
20
1792
6740
9573
5699
764
2710
2600
7998
7182
1056
1872
6988
1939
1095
3725
9629
3046
2951
1891
2808
9867
4314
5711
3708
6082
3843
2003
8261
8383
5228
2288
752
6544
7474
6816
8527
8
4726
5720
8010
671
3817
6639
3499
5331
1497
7854
5332
271
2448
3009
8387
2791
9028
9268
268
9316
2113
6618
9556
4766
6868
3480
3471
5595
4584
1946
8568
2541
5361
9507
4250
4683
1595
6293
358
9151
8562
2314
8437
1445
4002
5439
4077
3281
4663
237
2998
3155
775
84
6211
2835
105
1489
5647
2870
356
7433
8649
5588
322
1918
1175
7269
9741
8197
8596
8545
9905
7099
3621
4485
8706
2312
7949
876
5021
9933
5148
8798
2490
5555
4076
2497
3417
2637
6353
8934
1176
6571
145
4010
3895
5709
6677
2725
2085
1454
8395
6512
2924
2528
5454
2151
4097
3992
2960
7866
9394
185
964
9794
3899
8008
7664
9072
3573
4951
6497
2566
974
2026
9266
4108
6633
5611
9818
3024
8327
6625
7215
2679
9714
6810
7867
6769
2375
1026
6455
6525
1147
1502
2338
6805
3783
6329
9439
2001
5516
2251
4772
9163
5096
6843
8750
8728
9371
9916
2970
533
995
15
2965
2642
8295
1852
9307
2727
2963
341
474
7743
1300
3279
7767
4878
1907
6631
4349
9389
6854
7734
2137
2157
9697
8926
9059
6143
1075
9810
2754
5105
3954
4239
1286
9150
9873
4015
2234
6341
7679
227
3364
2839
4296
1526
6410
5459
5614
413
2789
7803
2457
6075
65
162
3040
3683
4118
9560
2268
6907
338
9160
7912
8894
981
5163
7590
5571
4897
747
8303
4915
6931
2487
4613
6555
2396
7072
7161
8434
8581
7508
1466
3344
1592
9620
8440
6574
1321
2604
609
7260
910
2340
2084
4278
6553
7727
6549
5808
5834
6262
6548
4384
8481
6332
8645
8763
2398
8968
3196
3950
8700
3637
9289
5470
3788
4
5026
8859
411
1322
2934
3151
6179
1472
3034
9519
1752
7469
5425
4267
4186
7064
3932
4825
1138
2258
5623
7780
8974
6226
9180
8206
9538
1035
4290
2648
2427
955
8716
5956
2707
9912
6199
3067
8791
2357
2225
7013
6418
7810
7804
5481
7735
904
9957
1105
6552
6620
5583
9777
9752
9246
7348
9127
636
2390
8015
9879
6326
5201
4646
983
2336
2320
7738
208
8985
1080
2459
6123
2272
6369
7852
2922
9707
8915
669
3449
8626
5393
2441
6387
7963
4700
4433
242
7088
9126
1738
8441
6689
6566
6607
2889
7692
5308
2976
8744
18
1575
9703
6892
7811
2012
7669
9805
6770
1845
1285
5245
6130
8939
3665
1232
2971
311
8149
7128
9909
9765
7279
7991
7667
9000
8790
2291
297
969
8161
4643
3485
2837
1491
7968
5870
5490
5491
5678
5840
232
7475
6463
6737
2741
2947
5131
1912
350
4469
2048
445
6028
5270
9179
7960
8759
780
8066
3111
3516
6791
1492
793
388
1936
139
3940
1439
2269
1524
7710
1196
2171
