9747
5851
9905
4047
3701
2916
6833
5555
4160
4227
5782
7136
4922
3618
1029
2752
8329
2907
8029
6267
4754
1147
3384
8281
3383
7930
6819
6135
2862
759
6278
4652
7876
5411
2108
9285
7038
5040
4836
1755
7712
2803
2243
4738
1401
1761
2758
1626
5428
6315
3128
7807
3497
3868
639
263
5689
382
9139
5703
3098
8421
890
41
4066
7602
2424
6938
707
9708
9687
9328
8983
6196
1125
8581
266
2914
4799
1128
146
723
4562
924
8109
8002
9386
4770
1315
3856
2336
7670
5387
2357
9717
474
6231
4569
9682
1694
1127
2760
381
7824
5115
1554
2523
1652
4182
3132
7841
2380
5520
5495
7336
94
6326
5764
5930
1916
6611
3215
3690
7707
4887
591
8857
2881
3405
9357
6974
5202
6673
9012
5272
9189
1973
8100
3705
6249
8466
2944
413
8031
810
3587
9388
9897
8533
9943
2449
1611
6042
6981
4398
5935
8664
7330
8382
6086
2519
3189
7557
750
7960
1712
9307
7675
6671
1242
3822
4454
5825
2429
9545
8557
6036
5989
8383
7653
7152
8432
385
6078
953
3887
211
3
6462
8062
7206
6647
9534
3663
760
7077
2976
9799
2346
8319
3468
7345
3541
7533
5664
8873
5259
6382
1663
6048
8283
4507
3800
5544
8608
9273
6298
3894
722
8310
3378
5263
7729
9370
33
3758
8733
9441
4285
9631
9402
913
2750
2934
7465
8412
2047
4246
4259
7151
2961
5304
5832
3533
406
6164
8545
6140
4172
3272
3950
4320
2859
7719
2652
2860
6089
5183
8018
674
6532
4687
2209
7362
2581
827
685
5502
5197
5151
559
2221
357
3942
4090
6239
6908
3099
1234
7569
7246
3069
1625
6766
2725
6422
8866
3719
1795
4707
8683
5140
8120
3812
6083
3861
705
1394
9724
7718
3347
4356
8973
9239
9188
1957
9004
8058
5157
4649
706
49
4592
7597
2145
9186
1060
9159
7515
5147
4808
6603
6144
276
765
1184
6857
5503
3757
6132
4217
8699
3022
5156
7021
3052
8919
8151
2013
9303
373
2300
3534
3190
4560
7715
6910
1144
6737
7360
8525
6807
8363
9781
3624
5807
327
9926
1496
8828
5916
2853
1329
5858
9658
7637
844
5364
138
1564
7273
7300
1707
2401
7945
8238
560
4745
9663
7449
2833
5966
6471
2877
6479
5591
8568
8878
3711
841
2974
582
8803
2793
4638
7358
34
6624
4931
4783
3196
3987
8848
2201
4438
5639
8514
5121
1404
659
1129
1327
1343
9841
5338
3676
7381
4490
5139
9017
2315
2920
4081
2686
3017
8140
2800
6994
6542
2451
9258
6845
6552
8169
83
1240
1827
8298
3484
2455
3606
4830
7603
4703
904
5967
5281
2340
9519
1085
2850
2063
6563
1974
5517
2400
1145
542
2502
2135
891
5317
1943
7631
7157
4207
2929
1090
1137
8850
5811
7496
6799
89
3900
1201
9501
5932
5793
3828
7283
3500
5198
5724
9143
1420
5558
6549
6102
3853
9400
1505
5931
7886
7280
1531
7506
9459
4817
8758
4347
4484
501
8552
3090
5177
4333
4627
6453
619
5200
9468
2522
1046
5936
4468
3631
5388
4570
9672
521
4506
5499
2313
5614
9783
972
5974
691
3307
8258
6585
5028
3677
8248
5706
7383
4640
9330
4308
1960
3644
6831
1187
8251
1274
1836
5821
5928
1077
2281
2838
1566
3113
7954
7828
9443
4877
1370
4007
496
5431
6168
9723
2993
2478
9397
5031
5911
1801
1260
6153
1107
1008
2260
1556
9472
2433
5470
4733
1294
9286
2669
9571
8926
5965
9849
9646
4782
5439
1991
5883
3349
9847
7008
1989
7921
2353
4858
5732
3411
7679
3528
816
130
6240
9242
6576
3244
5498
7593
9504
4949
6324
1717
7104
3044
8842
3836
1550
3325
212
2607
6801
5693
9094
6817
9256
2170
4954
8074
1809
3892
622
7611
2120
9337
5185
8741
9157
9467
9204
8060
5
8592
3688
4324
8484
2038
8387
5713
8558
6954
2309
5739
6881
9432
414
2633
6808
1451
7307
6973
6482
4644
9403
5086
9856
6391
5688
9452
5190
6045
4448
5159
8946
4728
9343
285
4384
7920
9131
3940
235
7405
2817
2319
6478
5716
5114
5188
3904
1362
5138
5270
4439
459
4512
556
5588
5325
5423
8876
9842
9474
9829
4491
2962
9041
801
4802
8564
993
4833
3396
5946
1219
2661
2958
7614
3261
6712
1388
1719
6448
7769
6554
8309
4404
5078
2880
7170
7290
8442
8102
7687
1279
4485
7936
4108
8078
4154
6357
3266
4615
4253
6951
9814
8092
4211
5742
4109
5908
5111
4771
554
3174
5538
8691
6169
7098
5874
1018
2773
9713
72
9498
1574
2615
5074
5534
6922
7884
7171
101
6863
7505
3298
370
6070
7546
5699
3472
5900
1756
1442
3823
4501
4221
6839
6770
9986
7217
2968
9824
7486
3513
8596
6710
1006
2586
5452
9434
1146
7974
6813
6312
7582
39
4656
245
4212
965
7424
486
7821
6903
4294
7204
7542
2237
2509
4973
2489
5358
840
424
46
852
7983
3787
9718
5011
3924
1460
1073
6589
8130
7266
2891
944
8642
6768
2224
9911
7356
967
6689
3040
5784
5656
9120
4403
9342
792
6837
1598
371
384
9378
1529
1276
7341
1667
4255
7599
364
7877
6035
2055
3668
179
8737
7376
5308
5367
3529
9526
6709
8050
398
8622
4862
4341
8830
4639
1724
6645
3953
9044
4042
6897
5953
5648
8036
2024
3381
6390
147
9846
7607
5063
9414
9212
3612
7756
964
4432
9182
6990
1330
2457
772
532
9674
2352
1689
4986
3908
7699
675
8742
3623
3091
1615
8195
7610
6320
7287
1312
8034
855
3845
3824
6279
8836
3791
1480
9878
5504
279
6678
5415
3661
4875
9245
5013
6872
1384
3042
4065
6409
761
356
1602
4342
6600
4617
3224
6372
728
4000
85
8730
8597
6437
6466
3145
8232
8368
4602
9085
9027
5837
1120
1095
1820
7741
3958
310
405
1856
3201
9720
2432
5964
200
9727
4475
8663
473
6804
5948
2122
1186
4724
5191
5285
136
793
8652
3333
4538
8795
2545
3982
5668
7967
499
516
2499
2462
7262
6991
5462
498
9086
1681
8345
1096
7563
2292
5594
4440
5083
9208
5856
2694
1913
6429
8819
7186
5955
2762
403
8785
642
423
8416
512
2250
1838
5876
1804
1402
1999
6828
2535
6265
3000
6505
9003
3002
966
2071
9949
5383
1196
463
9001
2001
1775
7056
1544
586
5131
1555
4653
8532
8272
2696
3372
4488
8967
8347
5166
9031
6076
8504
4269
1507
1376
2101
9088
3198
9364
7043
7899
3735
1228
3304
7219
9828
3101
7596
6879
5873
4251
6398
4898
2883
3678
2206
5446
444
749
93
6195
2296
2631
7476
2287
6657
7234
6026
5670
3984
7418
711
6956
1636
6266
1004
5376
6094
5833
771
2114
4071
6820
7820
5796
5943
8986
8957
1880
399
3748
5526
8499
9742
3360
882
1640
8323
4957
6696
3197
7617
8716
530
2348
3720
8704
3489
7277
3949
1478
9511
8796
2437
8065
176
9190
9634
3608
80
6511
601
8131
7795
5405
4420
8274
7490
4806
1383
5700
669
1878
6830
9461
1208
551
7672
5406
6816
2759
2422
4578
9362
9510
1642
8580
6058
3305
5749
2693
1275
485
7560
7642
495
169
187
2080
7663
8360
4092
2195
4456
4405
7397
9447
1353
3669
5318
8099
6583
3222
9789
6307
5295
1695
6904
9655
5980
3564
7308
4388
7993
6866
6459
6686
8856
5426
680
172
6362
9762
2874
7782
8932
2330
5322
2791
6430
366
652
2239
3975
702
6638
7880
9476
6840
207
2536
5430
6002
9254
1393
1268
7664
4155
8654
9520
9891
6081
2953
262
7373
7691
7503
3816
1905
6344
5860
8939
9539
8672
9269
9900
2809
3362
4535
4590
8362
6321
9536
1385
7401
1220
8411
7288
1594
534
3754
2187
1469
4650
1455
4967
6758
9480
7681
87
2498
5082
3839
6810
3964
7184
4504
9748
7002
5767
5947
8057
3425
3060
9830
2875
4238
4542
3167
7825
9679
8413
6648
3097
7643
8453
7641
5872
6625
4228
9102
2942
3807
1937
595
2248
3794
3123
975
5880
6308
8901
5849
1488
4189
3018
4911
9192
4103
5271
7678
4120
8954
7554
344
7628
249
5207
7421
5714
225
2640
8859
5085
6060
5565
8154
809
2726
627
105
1104
4247
9492
4714
7674
9806
3344
5755
6720
4123
5521
2205
1106
9319
828
2608
3317
8428
1132
1888
1217
1723
4455
5762
5644
550
1417
9879
2897
4041
8605
6669
832
3992
201
3147
4055
4250
7332
6280
9494
4630
9700
8341
2507
3346
1509
7091
18
5344
365
7471
8104
8207
7046
9778
3089
9890
2588
4972
960
2427
9832
8846
4505
7319
5824
7913
2141
1577
5234
4577
8928
7525
789
7957
4943
8328
8542
1069
2136
3747
955
5394
6971
4180
7236
6122
3289
6412
3594
5266
6227
3574
6985
6653
7275
9406
7509
3148
242
7900
5019
4574
1492
9807
7040
7865
5018
7764
2570
3855
3738
1929
3315
8083
4046
4889
1150
9213
9745
4667
2966
9315
5910
2593
598
7416
1992
351
61
70
7965
5645
1800
7734
135
9959
731
8456
4664
5105
6270
3852
4910
8203
4076
3702
4268
7061
9222
7326
7684
171
8970
2518
5321
2276
1256
5128
4387
8138
78
7848
7735
9302
3870
4138
7309
1935
2019
7905
8567
3896
9276
3917
9764
9801
47
8454
3031
1094
4410
7780
3742
9954
9451
2468
6349
430
8745
798
4686
7692
3805
6874
339
2259
5895
1063
5877
2957
4119
2162
5468
1871
6185
8563
6224
931
6202
3518
2722
9267
6024
9038
5997
604
2204
4443
9305
2564
4551
5391
2129
418
9935
5569
6935
6417
7481
910
8982
3369
5598
678
4935
2318
9597
9506
8727
9768
7502
5168
8900
338
9698
1906
951
8124
6414
687
6378
5646
1101
7016
8701
6871
1548
3030
2933
9313
9980
1582
8294
1597
8189
4642
6964
4150
3492
7649
3476
3322
9932
1439
606
786
2807
7088
7994
4787
2782
4124
1360
115
1787
7771
3850
431
247
31
2815
3755
3025
615
8536
9913
9967
4244
8014
7621
387
3639
3413
7937
7031
5381
6823
9318
4977
6018
2347
7434
7565
1181
4720
3909
4680
6736
3543
6822
7194
5122
5949
5316
4934
7281
5848
6616
8889
8811
3226
5029
7011
2403
4147
173
2556
1522
9574
3650
1976
3095
218
9398
8521
1866
5514
4579
8896
2525
4716
4966
4624
6068
6141
3767
1603
8648
8974
2207
8445
159
3996
2938
3772
4223
4750
9535
5262
4708
5125
7589
1742
5016
2787
2951
2870
3504
6256
66
8344
393
256
2864
3278
1734
9825
4587
9381
1000
3254
1067
6519
4729
4694
725
4519
3130
6695
9036
4691
8945
4854
6688
700
4378
8098
6661
8516
6375
4363
3274
7410
6450
9945
125
9368
7535
433
6984
4759
6152
5593
3558
2865
3330
3235
9600
2174
9158
2057
1400
7440
3140
588
4300
301
7355
4678
7435
5250
7305
3768
3786
6575
1078
2411
7949
1080
8972
7701
2092
4495
5763
6655
9779
5812
3269
7187
1964
5108
4984
232
4286
2020
2894
3070
4832
5160
8381
4739
3554
2008
6562
9162
3448
539
782
63
1055
8144
360
341
626
5585
275
3392
7419
336
5913
9477
4611
1135
7714
5000
5155
9703
6032
1042
194
8658
156
8764
6633
3442
3689
2275
8273
9380
4712
5396
8666
8271
2363
1926
780
2806
7553
6051
7581
2970
1418
7200
5684
4367
589
8574
9793
8903
2471
5093
1682
6546
6364
511
7160
2015
8547
5126
468
1375
8049
1759
6258
155
607
467
9854
164
8296
3120
851
5578
8115
8350
2668
3683
7722
8797
4826
6399
5009
7126
7531
3581
2220
3886
9751
1512
6254
5189
8231
69
5998
8790
1148
513
5172
6434
36
2311
3704
7978
5048
5084
6824
9628
8222
5149
8594
4821
8196
5057
2483
6496
6921
9958
886
4097
5500
6811
1883
6649
2971
175
1367
5251
8951
4464
4054
3163
9310
8679
9453
7317
8405
8096
5827
8380
1342
