1090
3680
3897
7306
4522
8054
6205
4925
9362
1692
9082
2065
9894
3594
5018
1629
6302
340
3270
2048
6930
174
8517
2058
9769
3002
5699
3852
2002
5464
569
9475
93
8427
2186
9387
5910
2732
1561
6923
31
1775
4188
8136
4186
4859
1169
4114
404
2285
3005
9079
6159
81
4008
429
5375
8744
1199
7223
4980
4869
21
3158
4279
3706
8251
9797
3602
8431
2907
6546
3684
631
6975
2580
2831
1715
3842
4109
6633
5475
6962
9700
2016
5366
4477
7361
5233
8737
3959
2757
8399
9415
3019
6369
9967
7768
8510
3428
8899
7928
3707
8708
4099
2424
6799
8040
8841
3156
1139
3292
6232
2815
9257
5904
1372
8997
2146
3315
6380
9109
8266
5832
4636
1990
4633
1162
8543
9656
5342
4529
4781
5892
6520
1507
5377
7739
7033
6870
5772
1187
3729
9981
1021
7483
4649
5145
9291
418
4757
805
1121
6118
3300
7267
8118
3291
2835
495
1054
5182
711
346
3727
1219
876
2582
739
2421
9787
8853
4713
7561
6483
7105
7084
6035
9910
9306
5971
6588
916
2387
7476
2365
9093
7027
7800
5604
8305
2326
5901
2722
1803
1718
5696
8234
2852
5310
145
9698
7363
5040
6694
928
7786
3174
7594
5144
1611
4479
1939
3521
8140
8269
1216
4077
6602
6266
9301
4420
5923
2788
5302
9529
4205
2538
4559
2377
922
6591
3076
9791
4828
8232
9789
8275
2976
2015
7262
1384
7493
8890
8831
1071
6608
6699
816
3524
2979
4712
4122
2289
5629
6134
5240
3407
40
3626
5890
2485
727
3811
9995
1964
6770
9670
7840
1697
4181
9323
3624
3601
4040
2832
6174
6444
3855
4193
6540
8461
8382
909
5072
1206
7999
3646
5761
1833
7858
2857
4450
9208
8185
12
8037
3022
6439
6952
7585
9747
2870
6537
1156
1168
9521
5321
1767
5817
5403
4552
9595
3936
9451
5935
6865
6551
2070
2742
4101
4484
1322
4419
1453
6455
9515
6301
8866
1543
1809
8292
7653
9520
8104
8282
8123
5571
8753
978
7638
2854
8771
5236
1321
1063
2355
5275
8937
1100
6581
2879
8253
309
1042
1493
1610
8086
5996
611
1545
1695
1292
7481
5042
6977
5717
5632
7252
1979
6
646
609
2204
5999
7282
3899
5560
8489
8476
534
1051
1069
1215
3268
1700
4921
9421
1915
1198
3907
649
4739
8804
4706
7843
3254
9517
761
6989
8529
8648
9165
5848
2480
4860
7725
997
1443
4259
3709
8996
7726
578
4941
2620
5318
5029
4917
3271
6998
3180
1240
6204
6322
7134
7689
8511
6009
8256
1870
334
3081
2394
9069
6217
1210
3097
8762
4734
2227
4911
4023
6499
3301
864
1109
3996
7499
1903
625
7756
3324
321
5376
125
8336
9954
1102
5102
5785
6560
580
7239
1912
6991
8224
2778
6723
3619
7540
4843
7960
5798
7234
1230
5001
3685
6167
1818
3470
5511
194
1404
9487
8929
7247
8049
2428
782
7544
65
6014
3376
9962
4084
3971
9328
3952
4506
8876
3863
3803
8544
2611
7045
3789
9286
4208
7611
6066
165
9743
8566
8745
7222
2980
7962
7759
6078
8864
4199
6472
4137
8773
8579
6924
7454
5337
5822
1838
4626
501
4558
4170
7810
2719
9853
9164
9601
3354
8009
3323
3945
2584
2894
7290
1594
5818
1943
4796
5855
9354
4367
6758
5719
5143
7758
323
656
1883
9158
7207
7065
701
1208
3638
6133
2850
6183
2774
8429
9391
4118
1201
5764
4740
5030
5229
6042
8536
6550
1744
6671
2575
1289
561
919
7690
4680
8650
147
9526
416
5558
6148
3985
1955
8010
7654
2746
3637
9156
581
1846
6353
7242
1621
7882
5131
906
5476
6125
9090
5565
4247
6571
3501
8761
783
6065
5750
5443
7265
7971
8134
4967
3834
5827
7283
4378
3359
3965
66
7940
8564
9043
2515
4264
119
4855
8760
5588
3269
4594
5463
8906
1195
8227
7656
5545
2599
4865
2384
8746
726
3505
6751
2233
3645
4549
2126
1772
2849
2629
7158
8845
2604
3013
9232
4958
4087
3259
2667
7846
4074
2107
1081
7915
3482
918
9200
5691
6555
1652
345
3592
1541
9571
1449
2951
3790
1331
8857
394
9830
3536
2830
8924
160
3620
3213
6926
6069
6146
9814
7559
3712
5334
2212
2007
1675
5556
5455
868
443
2490
9581
9242
734
5428
1562
234
474
1088
1885
5169
267
8776
4080
99
3448
1988
9846
7983
5254
1358
5190
7666
6429
1554
7120
2079
9490
2494
3779
9180
3357
4487
6949
9928
3957
2392
3529
8720
5802
6935
8240
7168
7939
2798
4198
8838
1133
2461
2142
1078
1020
2693
6431
517
5280
7806
4555
279
1204
4568
5220
5569
3648
577
3928
1938
8404
2503
837
9176
4428
9690
3463
1273
1522
8066
7459
5503
6701
4536
2409
6999
8973
3267
1601
8902
9927
8905
5698
2360
4141
7671
6480
3982
9536
3745
9777
6178
9820
1589
6668
1450
8968
6855
8216
2507
8470
712
3242
8288
8434
1213
159
6496
1646
1097
5466
7998
6010
7887
3233
8044
3770
5291
7205
2319
2678
636
6610
5559
6690
6982
440
5300
6997
8830
5865
1648
7257
6825
4957
7864
3290
3802
4530
6362
2366
8928
2890
2506
4884
8386
7829
8855
5888
4644
770
5239
2283
2340
1949
2292
5235
3743
7010
4290
4270
5090
6916
8998
9187
464
9811
7063
8502
8960
7109
8146
1296
5011
1354
7623
7649
4671
106
1583
8803
2843
863
8467
8150
7607
491
9380
2369
7296
7570
0
3439
6583
749
7034
3937
6240
4027
4220
755
6291
1640
5303
8299
2829
4613
2078
32
8807
6283
191
8388
8914
1638
5402
428
5160
4624
4876
836
5427
8450
6156
814
5356
7323
186
2017
3796
5734
2932
8317
8211
1921
8520
1520
1181
1894
4603
7430
6514
9549
7331
78
5065
7452
1282
3962
1034
5905
2689
2080
7392
1093
7002
1359
5026
4325
1481
4519
4178
7660
9980
5088
4520
9175
4092
4312
6484
9760
219
8808
6911
7922
1641
4196
1373
9867
5919
1379
4642
3732
7583
8666
7191
8420
1019
2988
600
8237
2696
3814
824
3672
4465
9576
4261
3843
7237
5766
1844
302
1086
3551
7691
3533
6306
5973
6967
5397
2411
5618
4393
1309
980
2783
9155
7397
6443
9379
3507
5165
3639
3555
687
2883
1126
5803
4886
3747
8164
714
1963
3139
2245
8707
4018
6253
1759
3015
9722
3358
3964
917
2144
8840
4404
3851
7976
4269
9623
7329
3072
9070
6672
1513
988
9750
5196
8765
2898
9065
2064
8734
1602
2660
289
4129
8016
5309
3585
7620
949
5678
5123
6433
2588
6685
3739
4987
8588
75
1079
9742
7572
7627
4619
6476
5126
5790
2368
5214
775
6055
3742
8756
1248
5829
8122
5950
350
7335
57
9819
4803
9783
9563
923
2267
8881
9447
2518
7669
4899
804
6589
6725
3581
192
3008
2861
7614
6891
1049
5963
8392
4343
180
5723
5518
2590
7537
7921
5293
4926
9024
1173
7297
1851
818
8477
8048
2895
6773
29
6163
2086
104
9032
8443
511
1764
9644
454
5100
7355
7127
9059
3195
62
3875
6211
1462
4179
5762
1218
1484
1038
5897
8004
3618
7429
4021
6140
2331
2284
9042
2164
2136
8321
3115
7440
1509
7545
3073
44
1011
2072
4015
5702
3261
9560
5594
963
2175
8623
4046
4691
1361
4233
2333
4816
9440
3256
8748
9064
2877
7371
7028
7636
1431
9006
52
1178
3127
9071
5858
703
2400
7961
981
1685
2708
828
7085
2240
2936
2856
433
9792
5982
8350
4248
1459
14
8951
1143
9586
437
9686
2764
8888
8421
9008
2093
2740
1814
4920
9078
8149
2242
2266
5452
7503
6427
242
8630
6677
8981
7612
3499
9041
902
1580
8279
1834
6794
1931
37
951
3317
3836
8898
9097
962
7179
756
8560
9604
7460
8347
6398
3114
1170
8006
9472
2642
1733
8111
8161
4618
4350
7163
6948
7352
5998
9087
241
1033
3143
306
8795
9808
8825
7379
3988
5970
7914
8977
4705
7831
7809
6028
5336
2135
5611
9287
8523
6565
6881
9983
9798
4173
4327
2405
8885
9624
227
3237
1662
1656
2457
4630
8183
7050
5969
9249
1741
5686
439
6297
3025
8562
8999
1503
6018
9091
9632
1002
2873
852
7608
7360
2420
7897
1762
8250
9522
5008
8990
4728
4066
8764
7803
4184
5193
5205
5930
7143
9125
7747
8129
4707
1438
7269
1004
531
5841
3325
5958
1032
6851
3343
551
4746
8567
842
4914
3675
4867
1124
974
9774
1132
5537
9258
1872
8333
4489
5437
6630
8600
3164
4231
9305
8627
3247
3808
3378
7580
493
8311
3397
6352
4098
4286
9394
5357
1529
8637
1396
3693
4693
8007
3456
9390
548
5705
8508
2030
538
1052
938
5351
9917
3417
5483
9810
9504
4863
9230
3474
1003
674
3554
757
2352
2930
7203
2703
8354
3152
1232
4971
9233
2681
7735
4725
6774
312
5140
3135
5267
5495
8260
8258
7571
5703
6326
5795
1823
371
1832
4213
7886
7350
6809
6151
7271
4842
1083
3970
6387
3883
3181
7132
8816
2470
3878
332
156
4877
8710
2397
2329
263
8698
5046
9751
9260
6469
4634
9812
2531
6947
7186
9767
6155
1891
519
1362
1959
2174
1714
4768
9141
3924
2383
3595
223
8301
2848
1398
2149
8586
9124
1057
7785
839
8676
5951
8287
6635
5906
2657
4538
8703
6861
7475
6109
9685
2281
9655
8201
5523
8829
8893
2695
303
6325
8488
9611
1565
4800
2866
7077
6286
6237
1810
2688
8339
4918
4083
5004
3829
4485
9712
5648
3080
4152
7945
9217
3492
9129
9545
1829
1261
591
4658
8257
6777
3450
9977
2916
808
1523
4353
4125
1018
89
5551
604
1608
9727
6008
4017
9705
1134
360
9136
9991
5304
5105
8769
6543
5576
2073
9542
9121
9663
6319
5067
2178
3116
2335
4835
8883
7881
4471
5414
4338
3667
7597
6239
2619
1717
4163
3345
3032
2312
5093
707
7664
2130
5015
3400
1220
4761
2381
260
7048
7023
5074
4951
2756
5913
3295
3445
8393
7327
9212
3226
7128
9694
7967
9488
6354
4432
8059
1302
9095
3564
141
1875
6269
3699
5135
3236
630
878
3725
266
7814
8535
3509
1749
247
4829
5843
6665
3338
3562
9879
43
5981
5945
4032
7770
8020
6710
5807
9226
2804
2348
4283
2254
6547
7927
5348
3616
5106
6186
1035
6337
9938
3067
1427
9099
1752
6313
2640
2705
3586
8
7538
3758
6920
2776
5744
8021
5866
1754
5601
8647
4737
635
7114
895
6655
9446
1806
4424
446
8353
4783
1975
9407
4249
7678
6466
55
1113
7353
6575
730
5412
4664
6471
2888
7835
370
5634
7319
4961
3651
6007
7036
9971
5283
4604
1868
858
8239
4580
8546
3415
3504
7969
1115
3876
6114
2434
3958
4954
5679
91
6026
4276
6294
1140
7490
3949
6022
9326
1993
721
6538
2008
4423
5314
683
9603
9464
5621
1595
1012
853
3063
7420
6100
9311
8775
6453
8238
3741
9878
2739
3715
6088
7492
6107
3296
7920
146
670
8442
9566
555
1377
3495
3966
9900
3024
8425
2226
5401
4053
7312
9222
9913
2021
8531
2840
5936
6147
1785
8659
4510
8758
5850
7737
9110
5605
9952
70
7930
2060
8268
6682
4503
9419
4516
8198
7014
7227
449
881
7229
3311
9022
4862
5178
1118
2337
639
5907
7022
5109
619
6890
259
4113
3663
45
3781
1197
547
365
5912
1084
8357
8768
3929
2205
6631
3026
525
882
5249
3650
2179
9131
4831
4242
7700
7645
514
2821
2208
8332
343
1811
3558
7872
8954
7569
9372
8052
3083
2219
8916
8092
2042
2435
8119
1175
8448
4307
6795
6912
6762
731
9986
1986
6899
7198
872
4246
9457
6166
2984
6729
3286
9218
7898
4298
7856
8072
7349
8862
4804
8487
3412
6113
3826
4608
4751
4000
9788
5285
80
4715
4598
2011
3710
2990
4402
1857
6491
7047
5460
5469
8611
9033
7820
869
1940
1340
4933
1890
2615
5234
728
6136
833
2336
