7250
5485
2861
2906
623
9058
1529
3433
8940
3620
9156
6583
5471
4531
5923
5602
5048
4038
9021
5644
9829
3237
1030
6618
3572
3056
6301
7519
111
734
1284
6529
747
5141
6105
851
8510
1447
4170
2790
1534
2630
872
4900
7819
2254
8646
4375
6599
5671
8087
8604
3731
9199
1360
8891
809
2428
5961
3997
6579
3684
4829
2024
9102
9793
1882
87
5018
3018
6822
2566
6097
9088
9126
1821
640
3709
8227
1230
7091
7292
8668
7580
4229
1608
8247
5557
521
2404
3314
8077
3267
5898
1173
6836
2352
2953
9949
3693
844
34
1245
1106
6420
4328
2615
8406
7447
3852
6541
79
9099
1897
4499
4496
5135
3798
3473
6767
8866
5948
6320
5616
2980
275
1949
4388
5500
7481
3890
1033
6967
496
4393
9853
4882
7420
5198
1210
8696
429
4407
5952
642
3240
5202
5524
1202
577
6905
9358
4397
7598
3400
1951
62
2177
3556
7747
1889
1768
6916
6127
2827
6838
5868
58
6871
6129
7417
9096
8561
4497
9677
8478
2447
311
8993
5741
6716
5843
8311
1269
6571
3075
4479
1302
4234
739
4145
2339
5805
9785
9561
2925
8584
5154
1024
9340
9630
137
9780
1997
9201
9582
1458
4296
745
6622
7511
7444
5302
1111
9885
4284
8603
5241
3657
4416
2864
3840
8517
9800
7126
5038
6562
2738
3498
4161
7439
9121
3931
9471
1340
4425
4087
1203
1885
7585
6970
3042
9128
8872
4885
732
6181
3124
5565
4053
1942
2837
5540
2843
4939
2734
1402
4610
7722
2143
4333
2968
9477
3825
4715
4596
5021
8957
5326
3205
3173
5725
6479
5501
4078
9552
9500
8316
3413
4370
1041
927
9562
2092
1982
2140
4025
3602
9848
1939
9185
3506
6140
2676
8945
3717
9648
4288
8699
3049
13
5289
9863
6265
2166
5826
4990
2102
9485
9245
7277
6666
7099
8729
2668
7523
1779
1393
899
5129
26
4029
8336
1714
8601
638
1480
4355
120
3053
6469
7782
3756
6082
5716
3045
2299
2468
6883
7317
9665
6570
8789
8086
5177
129
2855
8886
4448
6566
1690
6772
8416
7893
3701
8105
9330
7574
9708
7111
7822
5231
3427
1493
9141
4902
7643
3327
7521
7360
8610
3385
3707
2900
9
3181
5649
9539
2167
9652
5668
6201
6687
4661
2820
8431
3317
6167
8249
1320
182
6393
7472
8122
850
4593
5343
6441
9646
5136
7730
531
5458
5087
56
6788
2870
4287
4561
5857
8998
3265
9833
2398
1452
3458
2164
2323
2440
6952
7631
5351
6986
5558
6286
3223
4374
6866
6987
7661
3319
9391
8205
8874
2564
964
9705
4965
4475
3274
4011
8030
9286
1919
3980
3873
533
2731
3600
777
1773
771
4701
2735
6989
6533
5767
6002
4997
2728
1295
1668
6847
7006
6306
2286
2555
6880
843
5211
3009
2577
5069
4024
3663
4359
8644
6738
1289
7882
797
5611
1479
7093
9455
8437
2207
253
3582
8701
3149
377
8598
4247
653
9131
8613
5959
5427
4641
