1718
6814
6549
389
5409
8797
5501
1401
8395
7950
532
2548
6584
952
4555
7755
5479
1330
9880
748
2989
4021
7936
3901
2778
2461
7875
1780
1291
927
268
7129
9964
1510
2190
6564
1826
7303
2888
5513
7399
8638
3444
6219
3639
5327
3886
1838
7149
1578
7296
650
7874
6037
1577
2966
2162
5768
2883
1509
9322
8418
2488
5700
1006
1117
2154
6115
2080
7377
9237
7578
3590
8321
256
5189
4945
7897
605
9292
4267
2264
9416
118
327
6366
3900
6425
7421
5142
7121
3519
4013
2399
4302
7073
5957
5075
913
1576
316
2834
3195
2219
7889
3672
4629
355
669
2109
882
1114
2516
1717
6636
4225
3050
7497
9116
9455
6648
6246
7693
4965
7638
4030
666
8409
1230
4356
6114
2324
9674
3749
1112
5832
4458
5135
3783
2243
8423
5928
3993
9873
5965
9783
2311
9567
6147
6484
5684
3035
257
8227
8893
9768
7499
7715
9042
7059
9771
7210
6412
9690
3108
5725
4691
2390
4740
7487
6371
1473
273
6186
5563
9683
9658
7606
2127
646
2892
5584
9782
3120
4343
7623
1438
2104
3515
5836
5828
3393
3411
8690
4272
3845
8213
6517
4943
8789
860
9446
6197
4542
9341
7851
6844
4017
6862
4125
6387
7043
7911
3837
2499
7647
106
3196
8258
2260
52
7954
3057
4404
6841
2078
4462
5441
2257
9821
9236
5130
918
4059
2270
9254
3491
3043
7130
1950
6567
5458
6930
447
4332
6357
7139
549
904
8861
143
7893
3346
1901
979
8197
8573
7570
2464
2462
4483
9581
3328
2672
2248
9854
7596
617
3401
4638
609
3004
9291
7969
3300
4732
8371
3899
6547
4575
7208
2477
8774
5751
3636
8635
9879
5194
4766
498
2732
9611
2546
9662
9257
2383
4595
7321
4244
5339
2656
9650
9284
9608
7192
3440
7290
1557
2113
8085
5585
9905
7622
8493
5123
951
3356
9421
5792
2711
5935
514
7067
3581
537
657
238
2165
7269
884
4849
7580
5249
2683
5027
653
4719
6
6051
2884
3336
6341
1739
4577
3551
8045
6780
9070
1902
7251
5879
3382
1996
2770
824
7454
5560
6646
78
3697
6340
3994
9975
4124
9052
6213
1226
9515
3779
2578
6437
3232
637
2017
1649
546
1906
2436
7614
3048
8910
1954
5290
4534
1131
439
7226
6516
5149
8834
731
266
181
1978
2998
5660
7451
8237
140
8650
643
3305
8148
1182
2830
1031
3187
7879
630
6356
3743
9833
7894
8965
5612
2719
9615
4239
4578
3245
6694
1857
4485
897
9902
5533
9218
791
3405
6293
248
2082
6602
6866
2934
1110
2328
4645
9429
2202
8110
5920
1764
71
626
8426
2999
4089
1970
7943
5265
410
6008
1103
2594
8621
3514
6032
8987
3847
148
4150
9948
7556
3740
9934
4418
9714
2244
5116
2933
2192
7654
8027
2253
5642
3450
4599
8464
6640
3449
1989
3127
5280
1664
8926
3464
5590
8703
3724
9618
5817
7947
3902
4934
5622
6835
1314
6001
3871
7589
5219
6215
2465
8875
3568
6370
3054
7348
1077
1752
3969
9785
1119
575
8301
6375
3665
2539
19
180
6633
2726
9263
5347
4278
2404
3247
2097
2995
9103
6167
7324
8870
751
9721
5518
3131
3576
6778
8155
2589
1742
326
5161
3073
2236
8639
4043
4358
4410
5984
7734
1122
3330
4668
737
3903
3537
9505
6989
3895
2387
9452
2609
4414
2321
6448
8601
9660
1093
6105
9926
2878
7798
4563
4756
9639
1784
5937
8547
8194
1995
808
7519
4434
6383
7796
3422
3817
6369
2775
5228
5874
3548
8401
1320
7168
1037
5711
7786
5200
1694
6288
1067
2394
8429
9449
9671
7028
710
2944
9687
9987
8278
610
7126
9401
282
3933
5720
2249
9307
2522
7436
8946
7157
2339
7428
3345
7449
4057
1866
2983
6990
4887
8254
9893
3720
3122
4525
3136
3116
4065
7498
3462
403
3147
939
170
8739
2153
9015
4402
5233
5026
460
2690
7432
4489
776
8026
8747
9281
1813
8848
8022
9632
4532
8895
9527
3782
3599
7592
8366
8071
5947
2571
7106
2758
8169
6588
3952
9276
5841
1431
4256
8722
9979
6095
3298
6727
1692
1192
8695
8988
5988
8816
5277
484
852
6057
5473
6230
6977
1966
8671
6782
5973
9176
714
3645
7408
2280
2431
5968
4969
4954
1094
9463
3006
8312
5107
991
2138
8888
5121
3692
6631
3058
6926
2541
765
6619
4091
7998
9442
7250
8596
3294
1181
5991
1543
6912
1417
427
3112
8341
437
6005
9183
6928
6131
5199
9037
9863
841
4490
5796
9912
1373
9744
9830
1779
8092
2886
2655
9331
5257
7410
4184
7541
6249
6351
8989
5044
934
829
1406
5756
4710
6786
2326
6806
8195
7641
8633
7404
6012
3868
9239
7817
3211
8941
8925
1450
8206
4904
94
7994
5978
8701
8676
7804
9199
5671
192
4093
6775
2126
8963
2211
2
1415
7737
5880
2679
8048
3461
3896
1384
4114
5730
958
3664
8630
1139
4468
2224
5150
1839
8900
7996
7645
9774
8608
6446
9088
7750
3609
2439
5247
4250
956
7713
8255
8083
7776
8609
5851
1349
2650
4405
3429
6084
4821
9866
2494
959
340
4413
9219
1376
7593
3634
777
9419
7191
2917
9101
9040
8631
1716
971
8373
6570
3794
4368
9532
8919
4966
6181
5177
6164
9631
9522
4448
7905
874
2304
6557
9075
436
2130
8903
4265
8971
5995
6185
7051
3158
4737
2062
7754
1039
2671
2889
665
3759
725
9770
3650
9466
3213
9860
3684
4186
5293
5055
8836
2820
1829
7117
188
5881
1810
303
2532
5434
5267
5128
1505
2715
8716
7852
422
1012
8319
1102
555
8721
511
4795
4839
1239
2370
2391
464
5823
2423
1211
6365
2120
142
9928
2155
9210
2572
5181
6336
9519
5977
2815
9240
7644
786
472
5917
4455
108
217
7388
9470
2534
5460
8781
5234
6612
3530
24
2331
5943
2899
3621
4050
1947
8032
5595
123
8682
8993
3224
6589
4996
6436
3727
8034
6320
2949
4388
