9303
4173
7300
5272
4831
1853
4817
823
1749
6283
5494
1059
8745
6923
2140
4244
5308
8332
7343
6296
6050
1649
2280
2273
2379
6746
2369
3384
7925
4381
5948
4146
3535
6207
6799
9720
8698
7702
4506
6579
2866
3227
7918
1645
5866
5131
7743
310
9871
1401
1873
2107
3729
5771
2595
3322
5605
3280
5677
8501
2437
3646
9382
2115
9354
365
4018
6695
9889
8340
2176
2848
7860
72
15
2139
3570
6906
3666
9474
3935
9002
3841
1864
2442
8150
2022
9352
7956
7003
5679
8308
6139
4602
9724
5414
2413
8022
3235
9280
4378
9163
4992
1744
3783
1585
3396
6775
9632
6045
986
8674
8329
8499
831
3465
1869
8560
1594
936
9308
6539
3553
2666
2716
2591
1388
9484
3208
6662
6611
8516
1507
3486
2005
4475
582
6419
7976
8370
4937
9605
2395
4434
7291
3325
6591
5968
51
9816
3428
9024
7795
3525
7055
3944
2169
6278
4762
8257
239
3419
5844
4489
5609
6624
4041
696
6686
990
7871
4598
9512
3744
1303
1251
3760
452
715
6468
4881
7406
6269
485
5522
2643
740
7634
8429
9430
6456
4352
3822
3192
5231
3175
393
6806
3430
7108
9005
1743
3344
6366
269
6868
6687
8285
7816
4109
5905
8873
5152
9638
1130
2454
1028
749
8301
8572
9574
7940
5875
7057
4066
1383
5032
3304
7156
6931
7846
4452
3652
4255
6779
7130
5098
354
7511
8746
7402
9071
6098
7708
3516
3631
9463
4744
4450
6472
3854
4139
8713
70
2581
6553
7836
5128
102
646
6416
2547
1770
9781
5894
7497
2216
6225
3176
5304
6495
3772
9389
7934
6705
4888
3531
2482
6810
4499
9421
8521
6099
1837
8867
1788
5900
915
9531
3453
5685
6750
3184
1026
3987
5361
7847
4262
1801
2286
9266
4241
1146
2877
7158
8272
5678
9262
9693
430
384
8202
7449
3475
7593
6487
2908
6761
1821
4917
1949
8148
5384
7467
7615
1007
9237
6766
8014
8063
3438
9677
9479
1899
8886
7823
942
8321
9684
2337
3584
1375
7973
7333
5614
3807
8912
7679
3429
8079
2416
9415
1745
5452
1012
9843
3147
3739
9626
4886
6765
1336
4735
2365
7897
1994
391
1112
319
7446
357
7643
2480
1371
6904
5169
425
3168
7513
3003
5616
699
584
9509
1077
7685
4317
2550
4437
444
9709
5271
913
1750
1264
3212
8310
9991
5072
3420
4261
4548
7147
7982
7458
9025
265
9885
864
3371
1719
7844
9239
3606
3370
2909
4118
1573
9426
3936
7422
4847
8071
9169
4897
4478
9629
670
3780
764
5995
8170
8585
9056
5767
5524
9494
5943
772
9414
4289
2978
6748
5925
2829
3351
7632
5926
6518
196
6620
7996
4788
2520
6718
1360
1197
694
315
3027
9560
1419
3349
316
5447
1118
371
116
796
4674
5880
3882
1015
60
8163
1830
9812
3660
7757
155
3425
5060
184
6538
4789
1702
945
7033
5871
5721
9591
8375
9312
5189
468
3971
3494
1292
2318
1172
