507
6596
1979
9475
3043
5785
6655
8180
3024
8289
5306
9088
1290
3748
376
9073
5445
3240
3025
9886
3730
8616
6515
2439
709
8260
3485
6425
1656
3365
4760
6053
9712
2741
7267
6905
3186
7959
4692
8934
1778
1689
7342
8024
2918
8795
4574
7165
3115
1331
8027
2776
174
7135
4043
8582
8101
5026
5687
1721
3438
6935
486
772
9964
4852
847
6825
4488
8424
7152
9722
4732
1228
7521
8340
4544
7806
5238
1549
1725
8829
6286
6579
8170
2681
2315
9927
4486
3425
1295
6829
5593
9397
326
8190
6795
7031
544
9080
5419
9705
3613
9770
2816
6479
6013
6525
1314
335
867
163
3157
580
2709
8470
767
8550
8876
874
7660
7999
9875
6280
975
4480
2290
4821
1609
3267
4609
1086
4070
812
4527
6651
2725
5765
2651
5824
3305
5970
1026
3288
382
6768
3374
3376
1902
8510
2854
1619
9458
7634
636
6275
4068
632
7120
9612
875
89
1810
6924
6059
2318
3761
5382
2606
9171
313
7593
2965
4228
5086
1646
1903
60
6353
9952
2865
1954
6021
4961
4691
5229
4465
8410
573
410
3047
3373
4779
849
9157
480
7716
8554
8680
1829
