1528
5348
1673
2206
5868
870
9962
7021
544
4037
325
1729
9453
5821
1700
3130
5445
5652
9883
4677
749
3688
9835
2474
8424
190
2589
7373
510
8245
8012
653
5376
8778
8716
9513
679
9690
5767
3738
9318
5398
7885
9761
332
8985
2917
4698
6561
2071
4445
4518
925
21
1415
3417
304
2304
3338
291
8807
9630
2084
1643
7293
748
8962
4976
482
32
6254
898
8455
7038
8744
7246
5037
8932
2568
3151
3473
531
1331
3079
3509
135
1898
4288
2265
8119
1857
1745
4962
9250
9444
8982
2200
3742
2627
8330
286
6661
8939
5033
2562
1622
3325
2498
7158
4215
842
1018
7177
7380
9941
5441
2983
456
2623
6211
8043
2356
8149
6235
4828
7230
5371
9424
9887
4256
7971
2865
6206
9436
3260
9593
3882
942
1000
6886
2838
3133
8146
958
6406
2535
23
268
7125
246
4232
2614
201
4970
8843
6586
1917
8360
1218
2901
3294
6532
5590
9459
7512
1860
5253
703
9052
3281
2368
3398
3390
7583
6329
9527
2530
5690
8706
8237
8567
3637
1732
4583
2990
4575
6916
6253
4171
8466
4845
1720
1274
4220
9244
8616
6629
306
4915
1344
3031
7785
7482
3639
7773
811
7105
4977
9281
9603
5920
3393
4598
5915
1182
7747
3654
2975
5779
3676
3736
2745
2513
2786
7744
3807
8151
6207
8724
913
8536
9934
7908
7725
4447
914
3335
3747
5845
5122
1488
7613
7110
4247
3419
6806
9680
6550
9679
671
8499
7846
2523
5751
7106
5247
6091
8912
3348
6871
3824
7171
6500
8474
1251
435
705
1783
4158
3771
4657
4771
1108
8911
7312
2995
6805
2561
9043
8162
8264
4139
6036
1465
4130
7174
1325
1521
3547
4
3218
5678
7157
7061
1921
497
733
3887
2822
8057
4136
4205
6683
6693
523
1955
9177
5793
7275
4229
8704
3647
6169
8853
1930
9394
8367
2586
5251
400
9197
9130
6513
1423
9107
3741
348
7629
8163
9400
3097
7062
8537
7640
2057
3064
6616
4559
2862
2076
1628
8153
1797
9500
2487
2525
9218
585
1347
10
6680
5087
3956
8177
2217
3644
2126
1862
2667
6939
4119
1162
9555
4987
9532
2965
5855
7538
1097
8222
2858
277
620
1947
2072
1271
6437
7016
3717
7225
1940
8018
416
7254
3305
4196
6354
770
1352
3897
8173
8350
9760
2352
7229
1971
4934
3856
3164
5106
5378
5320
1586
4469
3851
1858
4238
1221
3550
1030
2546
6302
3023
8604
7382
7333
9414
9704
2598
554
9431
5685
7859
3414
2957
4476
4933
7357
8107
7914
9812
8082
5013
8328
8868
9259
7974
9063
3451
4865
3285
8741
9850
2424
1545
4245
9167
8113
4543
4002
9304
8053
4498
2526
5101
3930
7002
6240
6751
9189
6159
4352
6428
9017
7843
9656
4793
5586
9118
5175
7502
751
6536
4425
9032
657
9143
7728
1588
9026
4223
8873
6966
2595
760
152
2290
4528
4315
578
3789
661
1137
6953
8837
8562
3339
9011
3694
4316
4061
4219
7040
1966
5869
6430
6674
9119
4888
7960
8392
6595
2327
3517
5424
4434
3622
7031
2782
5433
3228
1513
2249
7474
5741
7486
910
9794
4368
2229
628
1292
7541
5608
580
1914
9481
8625
2188
6776
3796
3333
530
9636
6987
6151
3126
5778
6973
9275
3143
9879
7469
2161
6165
8331
2336
5661
5201
2906
3162
6274
7619
6947
3224
5220
2243
4056
4664
3231
1141
4422
6044
6706
1952
8101
2835
3722
8943
5865
9216
9328
4930
2400
1802
1036
2988
3424
2466
2029
9351
7080
4471
1561
7589
9791
5913
3030
3916
9075
8269
7163
2739
1004
1387
1435
722
8201
7504
3597
8950
377
4195
8835
8490
4019
8039
3577
3074
7432
1936
4767
3213
9548
2931
1346
782
255
4459
6264
1804
6582
6923
6193
5530
9612
125
2009
5517
4085
4457
1407
6902
1222
2235
4076
229
8865
7854
5107
8613
8971
5974
2480
6795
8020
4321
1059
6154
6979
5937
3170
9418
8047
1483
9258
5650
4057
2416
7427
4151
8531
3784
8150
4568
7845
983
5800
9557
9695
279
5624
8109
9115
3505
6677
186
9280
5818
4646
909
9966
6928
7368
9321
9843
9423
4185
935
6322
2974
2915
5227
5836
5814
1771
7660
1142
9837
6145
3816
5118
4861
4098
1555
2583
1482
41
5116
6448
8738
6333
365
2116
5145
3205
3123
3376
5542
8883
4046
3933
9985
3737
1178
1382
1419
7182
4156
3060
5691
7180
5233
9467
4862
9717
4522
739
9358
7931
2447
612
4817
5176
980
2172
6237
9859
5322
5846
6375
5134
7841
3028
6455
7263
1185
5881
5489
113
623
878
5310
2262
8199
366
4364
5243
5745
2399
5285
428
759
6057
1341
5357
543
4860
3663
6699
6584
2326
5907
206
865
6192
2851
5467
3080
2948
6600
1570
1564
665
9371
7124
5215
1704
4212
9693
5964
9575
597
3506
1200
3275
3290
3582
1922
3664
6777
9889
5011
9762
4584
8133
1034
3251
4153
847
3061
8001
6678
9217
3438
2969
5813
9104
8187
2069
8324
9198
3011
9487
6340
2010
701
5302
1663
9745
9072
44
4577
9428
4480
9166
6081
4029
8936
8172
2345
1905
781
8376
4645
4099
8251
3840
3889
5355
9937
5509
9337
9202
2937
6320
9144
6627
5240
9797
2104
931
4726
2140
6295
2826
5179
3924
9535
2503
47
2389
1973
7691
950
7540
691
7338
1069
8197
5602
9473
7201
6444
244
1602
2801
8710
2401
484
9051
1713
1444
5477
1411
2483
6069
7839
7758
4067
7647
39
5704
7875
2308
1339
7988
6911
3543
1982
2738
6392
257
5465
7095
1170
636
5628
6078
8103
8228
5095
5386
7892
9065
4423
111
5026
699
6977
5871
591
7950
8416
290
6685
144
5840
4502
9164
3757
2391
4305
1523
1806
3467
136
5763
8347
7680
6781
1538
1629
1145
6346
7588
6750
3978
7705
2203
8252
9163
1604
8260
5439
5231
7294
9276
362
5545
1184
7399
141
7658
7435
4952
6229
175
3683
8301
