4089
6292
3696
7264
9939
7202
8016
2668
9644
7118
7973
3063
5859
5048
2413
6798
5317
6424
6941
5473
849
1701
1865
8321
5826
7757
1186
1478
6925
9127
8776
1953
5143
9855
4127
7886
166
1053
1949
6860
1739
152
577
9052
8966
4737
4237
2735
6795
9735
4979
1770
2376
7596
3212
8084
9475
4135
3077
4041
7894
3330
2386
8848
7650
8311
424
8384
9413
9848
5995
8495
8525
2579
7557
6978
9875
5264
979
5239
1998
9237
4560
241
356
822
4900
3195
9492
4360
4528
7434
4035
9595
8734
478
3962
2462
5469
4301
9450
561
8278
3162
9906
1102
8320
4933
5063
6267
5858
5907
9437
1259
413
3548
7938
8295
960
8446
3719
3833
168
7120
2125
6024
2919
3988
9170
9893
7522
2312
30
261
7232
555
9897
8036
3444
7697
7185
8912
2465
8189
7109
5565
5163
3948
242
9452
4211
768
8017
302
448
2660
2529
8694
5484
5719
5822
1472
7778
498
3926
5934
6786
994
7802
7297
6703
8510
519
3955
6012
3982
5521
8231
3271
6569
3017
2014
896
3796
4261
8429
513
1609
4531
907
8891
705
9823
9868
6374
4682
7613
8592
3978
2392
5022
5265
8150
7805
9255
5491
8787
281
2676
7623
6637
6599
8138
8573
3119
7216
9406
6459
5349
8976
3217
7249
2965
7718
1802
6390
2674
7891
5745
5436
7322
6306
5013
6598
1160
9350
1667
2545
3344
7779
8553
5694
5424
877
2470
3782
2880
1900
7066
108
6223
8277
525
9051
8531
9534
5959
6340
1137
276
7139
8250
2986
2804
7793
771
6792
9268
1781
9503
7547
602
6852
5474
9103
8588
7712
1315
5602
9483
9559
6339
4079
9764
3595
1970
3468
1055
6903
8764
4948
2799
1074
1000
7273
7406
5292
4665
5166
2656
7754
6548
6882
5157
6061
6628
6007
3867
2123
950
3713
8682
9504
8197
2883
2134
1202
2167
9019
4275
2691
1635
8552
8603
867
9497
6454
1434
5645
1371
3278
5651
7867
3819
953
4291
1558
441
5955
2233
8483
8815
4379
8928
9074
3315
882
5503
700
5296
3436
5544
8754
3871
8251
1317
3098
9650
9718
6559
3560
9253
6965
6481
5138
741
6868
780
8926
8130
5095
2961
7121
7198
3742
8931
4649
7234
6900
3795
254
6652
6319
7179
2748
3467
5919
9678
1861
8409
8140
8648
2706
7773
8934
8721
1568
324
9202
346
8101
6804
9110
5197
5492
5040
1205
2401
5621
5227
9243
8144
6453
3976
7792
7584
935
7705
6895
1347
4568
5080
9367
5315
389
1930
2611
2537
449
6331
6193
4671
5159
2490
1601
5705
9625
5632
5215
6582
4607
1548
1907
4872
6937
2582
7912
5650
7309
2740
3483
6483
1899
7722
9035
6487
9720
5561
4831
4548
9757
8933
6168
4209
9941
1978
3712
4336
639
839
1441
145
5043
1468
9713
4248
7752
1546
1499
573
1782
6299
9157
3894
7352
3977
4728
4494
1755
1092
8863
9910
4670
3292
9272
3750
3321
9207
8585
4858
