9177
5866
6753
6739
889
2536
1819
475
7818
9132
3821
3796
5767
9206
2558
5485
242
9755
3517
8701
894
7290
1419
5960
7823
1265
8015
962
2648
2683
9496
3607
7218
4538
3273
9389
4604
5903
5852
6807
3198
33
2830
8295
6742
8840
824
2333
2597
4175
1205
5275
606
1244
2545
1660
1964
4147
3626
2457
8669
1588
2591
575
5633
260
9916
1770
3001
1540
8393
8104
2441
7090
9954
3775
2370
8770
6243
209
8359
5505
5389
2899
1901
5825
4559
8973
1814
8902
7163
2941
6425
4452
1215
1032
2679
8915
7251
6009
9626
1335
9125
7948
5287
788
7450
9663
1051
2023
7423
5117
6750
7374
7242
7279
8780
7889
904
8459
9326
5068
1115
1638
8510
1406
1704
9024
7636
5969
1709
5059
9196
5859
7508
3320
2950
9649
5967
1674
6906
6576
1958
3751
8833
6618
247
1304
4249
5218
9800
2534
6501
1866
7405
8320
9975
7753
6766
767
1600
6902
3113
9252
8793
9749
1749
9429
2795
3157
8599
7681
8698
7895
2660
9641
4660
7676
681
5531
8520
4952
4096
7046
111
3958
4223
6074
8451
8123
6710
8856
7842
6176
777
6854
1592
2215
8697
542
5076
2903
4663
9840
2762
2672
9998
2082
400
8382
4214
6152
5464
3295
9772
811
2803
8804
211
3542
8389
6027
8254
938
5406
3763
766
115
1288
3166
735
6302
330
892
3028
298
5729
582
3494
5349
8779
1096
3000
9159
8168
9340
4360
4878
2691
1649
9237
7607
7777
7942
4291
6524
6245
43
5190
7088
5567
7589
69
5703
9584
4366
5560
5761
7961
7923
4564
2977
4405
4890
9257
4137
5719
8983
8707
5666
6560
6635
166
6377
5364
6321
2576
8266
4199
9367
3922
6978
7578
3931
5847
9479
6917
6954
2992
3830
7154
7793
7696
2086
2284
7023
986
3681
2383
4374
6174
2060
4364
6162
5541
5379
3423
4040
3761
7836
2015
1906
9406
6815
9066
5172
1125
821
731
1058
7365
1091
3825
3343
5663
3597
6051
7429
3187
9284
1067
5646
4439
1994
2115
9188
9610
5141
8014
4455
8386
8103
2860
1005
2646
1833
3614
6095
7570
2745
635
9374
290
9890
7013
1407
6851
1576
2881
1682
9657
5805
8158
2932
3411
7050
7083
5420
9353
8302
9652
5241
2517
3119
6575
3573
9691
6067
941
4509
7987
2263
700
4313
7075
1581
7454
8892
908
3140
9375
9087
4606
8319
471
3251
4828
1254
724
5777
8957
5735
2656
4102
523
5311
2212
4667
4916
5801
3822
7982
1828
3408
4958
4349
6828
5223
8792
9130
9909
2210
8667
5217
7883
4459
7180
8429
2337
4235
3714
763
9411
2405
8594
7303
1703
67
9939
6540
486
5578
4136
6037
7734
8333
7356
3362
8592
4312
9107
1782
7323
3890
7617
5834
7369
3168
800
7420
326
6958
5
5920
6467
101
9358
8291
2345
8002
9346
1858
8169
4579
7521
9140
4656
6561
1070
644
980
2599
6419
8314
7135
8660
8644
3586
4829
7861
2649
5413
8623
1054
8371
817
5758
7693
4584
9609
3671
2765
8203
9997
6180
4736
1509
5640
9174
7875
3489
9069
395
8202
7092
3839
5926
3685
9795
7638
8000
1268
6476
5778
7223
9849
271
3445
4546
6497
7244
332
2749
3446
8400
8197
6934
162
6730
1698
294
3727
4379
2643
9402
4370
9564
6887
5890
3745
2178
6459
4438
9046
7360
6453
660
8218
853
3675
9042
8322
4924
5182
4428
2168
1513
4105
2957
4195
5819
9049
7458
7718
1418
9596
4578
1140
7849
5524
3316
1101
9036
5786
5863
1843
2107
7059
5717
2119
5939
6343
2273
3363
7480
8704
3046
2185
6626
9452
8767
5157
8602
1959
3470
2698
1048
422
5508
5427
5661
8126
9251
25
6990
9160
6670
105
7795
620
6280
9068
9347
6304
9502
6297
2444
5067
1039
1550
1722
76
7094
8910
3008
5225
6232
5401
8201
1528
6063
8021
7276
431
3526
2069
5278
7770
7499
1074
9195
9317
526
1980
4100
4461
6834
1255
3572
3765
6707
3604
3375
5279
4543
3603
6144
1741
7650
331
1484
8869
2699
4875
751
9483
7109
5792
66
4773
3267
8656
1922
6033
8706
6494
855
9949
4556
1818
6326
2579
7484
373
5396
1158
944
522
5950
8341
2136
5019
6035
5725
5744
6942
9830
5181
972
7760
5912
2347
5562
4959
3418
4208
5110
2414
7864
706
939
1631
9993
3655
3756
4887
7221
776
8933
3706
6704
3928
1939
3095
9723
4837
7453
3781
8945
8876
9938
2116
7528
7993
5203
6127
6008
676
8180
7915
3746
6207
4573
7890
9468
3719
9654
1345
9153
1618
870
4899
7924
3331
1856
4727
9918
6102
3214
2807
3747
2323
1976
3529
8083
9964
12
1572
4726
890
2522
9700
7376
558
3864
8528
5687
7587
1539
5165
4133
4113
8874
9940
4778
6480
2342
3804
7674
1633
2454
389
7545
7093
2887
1561
4991
4498
7529
2177
8335
2346
421
1257
9759
7682
3657
1982
5010
9872
4553
2187
2378
5283
3237
3217
1134
4380
6333
4082
4658
1740
7311
4902
5700
3634
5055
9254
5147
600
7756
9801
226
3898
8674
3969
4703
8407
3838
1574
6624
8934
1908
5450
5121
5070
1471
8731
8620
118
151
7736
7828
1907
3619
9070
1622
9862
3601
9420
3873
8725
6700
9298
6203
180
2453
3872
3752
5495
963
8922
5993
8860
3562
2583
8267
9515
5116
7953
4358
7852
7492
4608
1706
1122
7173
8262
3212
688
8588
5134
2433
9829
4101
1283
3705
4515
1527
5385
7425
9926
6681
6748
2850
3676
758
1279
4445
8245
2844
966
9419
9942
3369
9207
5976
6078
7324
8685
7159
2879
4024
1839
189
8679
8415
3480
6771
7533
7926
2094
7709
2
5900
8247
9608
5344
3352
6767
408
8851
9424
7169
9503
8455
7301
790
8624
5848
2455
691
2172
2862
3031
8196
8394
6201
5657
8990
2935
7029
4507
4835
3809
7179
2681
3555
3223
1242
9762
4929
6375
2703
3935
9747
8963
2125
8184
3558
7227
5126
983
3778
9075
9823
1677
3596
6374
4789
3631
5120
950
6123
8799
7939
5315
4444
1258
9970
4676
8039
3844
8421
1041
113
4284
1553
1792
6904
1957
792
9877
8114
568
1614
4502
6223
5675
8967
4193
6658
2090
1520
7546
3449
4222
9056
8489
5557
4178
6277
3186
303
6332
6405
1517
3735
8049
7491
3413
9045
2931
4939
4324
6994
9944
3683
9055
5980
3141
8145
2195
6783
3891
3264
5202
6309
3270
4787
6842
3144
7629
9677
6226
7710
1438
3650
259
4157
5672
5468
8233
5533
8016
4048
8027
5148
802
7707
4106
6335
2103
7557
5942
8396
2996
5494
8651
1368
5096
1637
1105
1056
233
1236
5204
6408
9607
6275
5351
2124
9771
7138
4741
7562
954
8768
7642
9713
1128
9928
8757
9391
6727
7789
9021
5016
1399
6975
7026
3392
4083
5649
4306
6620
1285
3533
3810
3791
5451
2853
4720
291
4914
6628
1204
305
8467
4772
9117
5452
4090
4756
988
7341
1310
5383
5363
8308
7156
3015
7697
7506
7797
173
4387
1996
5079
9486
243
1944
7187
2447
2072
9150
2132
256
4264
3202
4087
7464
3285
2878
9665
7605
866
7635
9059
7901
3856
3269
3022
6799
5711
5417
9725
6583
4862
3162
9730
5045
2976
7212
135
529
10
8063
7330
3005
206
8141
9142
4867
3648
469
1433
7785
7498
5455
6455
695
8878
7711
3547
2637
1754
4469
2799
5841
9329
4266
6158
6414
4722
2538
690
9796
2375
3914
9400
2995
8026
5310
3987
2271
8603
5212
15
5694
2152
4685
1025
8552
3483
2318
533
249
500
5372
7705
9219
6495
6646
2412
2548
4464
837
6262
7542
3512
2360
3191
5343
5429
7822
9166
8477
7407
9456
5215
5366
423
8345
3852
8974
6416
2929
5454
3461
3667
3505
5798
2367
7449
3340
6336
8350
9222
6565
9342
4597
5112
9213
4422
7007
8080
6316
5881
3179
297
7433
7245
5933
667
507
4076
4030
1470
6912
2723
7702
539
5684
5293
9517
3592
1853
7213
9180
8338
7237
9413
6445
3905
5749
6812
1719
3355
3147
5119
4846
54
3535
5984
1518
141
5338
782
407
2945
1350
3277
5131
2580
8181
1132
2289
2167
6360
9255
6770
936
7025
7916
2652
6456
5057
121
5424
3437
2268
5836
7686
909
3700
1063
3710
5565
7683
2816
7134
4171
6805
7417
9594
6431
2686
6792
3884
3869
2147
3944
2827
3349
1330
4992
2473
2100
5925
4804
7571
3021
1077
2106
4125
8954
1838
9373
6365
8807
2788
1636
1212
225
2339
2148
723
4142
5247
4757
3827
1053
5003
4009
2927
1727
4548
2623
2508
6429
9086
6017
7277
9209
5616
7618
9156
3341
940
4158
5500
3606
6417
7501
7911
2871
7782
6714
3692
8643
1072
6749
1324
6867
838
9904
6195
3630
9925
4838
5921
1836
1355
3713
7863
3836
554
8596
3059
494
8625
9577
356
1349
9221
7319
3929
7055
6314
7131
3383
1108
8011
1557
2475
9701
1187
4997
6172
6584
1701
6464
4960
2496
387
7739
8886
228
3509
722
7379
3476
7022
4818
4121
2366
7752
1298
3296
5026
7997
4421
1625
6056
7139
9775
2135
7774
8192
2462
8995
9934
2525
5234
7649
4589
6093
5727
5768
5861
9359
1879
3937
3574
6600
7067
5414
2127
1934
5011
3837
8325
480
1184
7565
2209
5948
2231
2590
1608
3524
2087
8523
5032
3093
865
2560
611
5439
5655
7585
8470
2299
9746
4151
222
2776
4425
9460
5446
6507
4797
1691
6709
3138
2748
7027
9689
3811
992
5403
445
8675
1221
3440
7771
8232
8615
4320
2067
8369
6609
3145
474
2043
3564
9265
5746
9810
7952
8323
5618
4061
7390
1420
7881
4257
2028
1224
2451
8212
5963
3849
7289
633
8222
6599
9328
6987
3750
6582
8441
7384
3190
2157
1494
5222
8639
8885
1359
2760
804
1148
3101
4547
9356
2834
8374
482
9819
5210
7596
6568
2624
3953
7286
7606
1651
4524
4611
4666
1371
7532
4536
4817
707
3421
937
6537
3278
2227
9480
218
2393
3824
8722
7591
4836
8205
3989
4897
5532
7874
1642
2934
9084
3627
3702
1065
8193
4093
9815
9386
4733
6400
3123
2695
5093
2450
6187
3993
4423
8493
212
4648
1193
7097
1410
7084
7073
5902
9272
8999
8078
3932
4163
4028
2980
8578
5444
5764
6141
2610
4410
9492
2308
6278
5471
9556
4909
4309
5367
461
4809
5704
9381
8461
9118
5774
6466
6824
4830
6301
7872
805
1898
2669
4526
5052
7004
6349
3485
7165
3063
397
1019
5929
9164
2435
366
7415
2764
4277
2184
7002
4440
1033
5888
5357
9014
6639
3518
9090
3853
626
9843
1017
2057
5936
9536
2604
4689
1179
1514
4065
1202
6406
8981
5601
4479
4447
3926
87
6760
224
2585
63
2582
2498
1312
2946
6272
3826
3395
3527
7367
405
9859
2837
3393
741
9987
8155
1469
1569
6871
4599
4691
4
5823
3433
3598
3023
1498
9726
8645
2296
1564
1718
7198
7457
7653
1090
5211
6021
6394
9936
229
5361
7959
1956
4988
9520
4976
4227
4861
126
8512
2091
2519
9910
9769
2261
3843
2314
6080
9431
608
1459
5546
4791
274
4570
3304
8098
1760
5535
1214
2843
2471
6881
1761
241
3163
5264
2636
9697
6069
9218
7104
8276
9924
7081
5051
2574
7593
3976
1920
4796
4454
184
5871
5130
8743
3599
5796
6183
7541
2994
7561
6601
4475
9974
8786
3954
3499
7586
1094
7732
8388
8657
7205
7158
1617
3677
244
3753
6667
7404
6160
2053
1882
3074
1803
42
2607
2726
9231
6167
8272
3158
7436
8140
308
3315
8490
199
7137
6923
6389
4268
6827
1505
6659
6863
7239
9229
3360
3062
5353
3335
7813
8223
5748
6786
1694
3211
3218
8789
2713
9903
5846
381
6504
1963
2004
9779
4153
4795
3779
4521
6385
2870
5793
5582
6634
5631
1635
6984
8823
1524
11
1020
4616
1466
2543
4935
3618
3628
8448
6452
8101
7470
8292
2396
2137
3865
403
5297
