8122
4549
2966
8180
8460
4750
3814
2454
8214
1545
9703
9666
4438
5028
1874
6250
6497
5918
741
3937
816
1417
4933
7479
3745
5340
6961
7229
5343
7027
7268
7904
7542
4913
1168
9775
8873
9221
6110
9419
1551
7648
8075
1439
498
6886
7444
4993
4324
3188
4679
7359
3653
8732
6723
3191
504
6189
4111
7955
7375
4670
5283
9586
4026
9895
1925
8367
6038
6793
5522
5080
2404
5454
8165
6589
9453
5542
5793
3674
4523
3432
9426
8217
4069
9336
2375
4276
637
6005
7084
5600
237
213
9575
5954
173
1379
824
379
1972
6262
505
4610
9409
7962
6523
855
7134
8095
897
2818
3235
3499
7371
2438
4333
4510
3868
5801
2607
235
2957
7624
4240
9344
1973
2816
8573
2698
2513
2782
648
9397
291
1691
95
9705
3023
8306
4976
1457
7116
9613
6853
7200
1552
2784
414
5923
7325
1870
9653
2992
6649
3669
9149
4691
9006
1840
1584
2949
6012
748
7365
1382
8695
8491
2346
595
5861
7501
9658
3365
8657
7474
8055
5808
5078
3929
3665
1827
8929
4243
5633
5010
160
8281
2276
2060
3602
5433
9330
5860
4049
9516
3704
1364
1195
7162
2071
2166
9904
7447
2341
6243
9675
6339
8592
5886
3659
807
1788
5166
8090
8109
7958
5780
7674
6318
1659
9295
5466
497
7553
5364
255
6025
3294
4890
2495
6746
8368
8930
5061
9388
7198
8594
1318
1703
2410
3093
7795
6328
5448
5400
903
1000
8603
277
8511
4067
9156
3533
2770
877
8502
2929
8249
4957
9062
1366
1951
2731
7415
9171
9222
7632
2284
3879
6391
3505
4429
1850
6736
7055
6168
4784
4371
4317
8157
2283
3636
1816
1259
2091
7894
2396
6773
5530
733
5265
8426
9930
5133
8104
4813
2279
1441
1169
9894
8129
191
9231
9145
857
7151
2238
8038
3790
2196
7509
5929
833
1575
5246
9520
2987
3721
8466
8434
5776
8289
4010
6639
6783
5334
8953
4305
5070
6232
205
3829
2488
2859
3925
7250
9022
9312
7362
216
6016
6902
4969
4213
9764
6914
8693
269
6304
5579
876
8273
4607
7451
3661
1749
1374
9923
5724
5610
590
8821
5186
8582
1814
2972
4376
3423
2024
5276
6560
4323
9807
4016
4944
2094
8828
6681
5700
4965
55
912
5831
3780
4174
2359
8877
5783
1896
6287
502
3209
8904
3948
3345
428
6222
826
8776
3993
3812
7844
7131
1359
1754
7328
5328
4437
4245
7446
1172
3164
725
3125
4970
7898
1212
3468
6616
4163
4773
4841
6754
601
6620
1291
42
9702
6307
1050
5752
9422
8061
482
7004
8586
9436
8754
5207
9754
6416
2267
8158
5755
1217
1319
1709
9165
9844
2116
6845
7331
4000
1846
2311
8134
1455
7932
8264
3471
4650
7688
1611
978
7968
7796
7802
2198
3836
5786
7423
8933
6569
1257
3934
3229
3735
9514
4344
5985
496
5857
8008
6006
1459
4211
8313
3001
6094
4107
3143
5603
2637
4683
936
39
5060
5768
223
