2075
5171
6674
1116
443
6861
5797
6415
7695
7845
5305
9026
4821
1229
7165
362
4433
2447
3731
3967
1858
8379
7173
7981
791
6236
7424
2000
662
3710
4840
9051
7816
8720
4401
2395
820
3736
5046
8865
4157
5540
6924
8485
6314
7051
8540
326
807
9231
5911
3911
7912
3503
5971
7412
703
8814
3943
9469
7822
5553
6048
6119
661
5075
6934
4191
6281
6325
2322
5872
9623
296
8118
327
412
3358
8137
4184
522
3809
7084
2162
8986
6511
5195
5189
3590
1088
7697
953
6583
9053
5685
6551
6375
3353
9514
9847
7199
4851
8402
6269
5130
6320
5167
168
8991
1134
4232
2408
746
6536
5267
7086
8626
6047
7003
5585
9393
7625
5303
6847
6041
8152
3033
4781
2377
6227
2243
7508
5134
971
6482
8363
4459
8122
9094
3739
2217
2478
6171
8254
5384
388
2184
5784
5615
6111
9169
507
3176
5386
4236
4674
2388
2695
826
6297
4620
1513
6515
1395
2488
6941
2780
3425
264
2079
8608
3133
856
6463
516
1292
7147
2825
6107
197
1405
7008
2233
458
3679
2561
6117
1086
3607
5611
1542
9001
897
962
8567
5689
9667
539
3203
3755
