4366
8728
5589
5635
8515
2541
149
3910
8218
8599
2679
9590
8505
6489
9241
3112
3185
3935
3540
5686
1888
6477
5711
2711
8758
2616
9271
1664
833
4731
7950
4875
9542
6319
4386
3486
4224
8547
3708
3686
6824
9890
6275
3219
5830
3196
749
6588
7401
6937
7204
7933
4668
7568
8568
6908
6036
7619
1773
9188
87
8800
8573
9703
4880
4861
1646
9369
3898
3454
8533
9460
8835
465
2299
8923
3687
6728
1012
8939
4206
1902
1221
6395
2459
5822
3150
6909
9043
8474
2379
2901
6834
5581
3615
9546
8576
1581
916
5363
2617
5501
8514
5540
1155
4897
6170
3760
8198
8799
792
316
5301
5365
5718
9722
6926
3460
1036
3091
4951
9762
3144
4096
9730
1182
2808
4011
5397
2449
672
5825
2654
777
6983
5646
6024
7446
5379
1733
1598
9977
1640
4316
3190
7756
2426
9840
1603
3979
8742
702
8607
2855
4900
3267
9929
7395
418
201
9677
2454
125
5904
6817
6839
5779
5811
3444
4528
8015
6480
1981
6287
7737
3099
4532
6786
291
6471
9604
3217
595
1361
2029
5367
229
7963
994
6369
6200
4501
4251
7760
9442
9196
9874
8020
7924
1836
7917
1980
1965
3807
5525
3177
2739
7445
444
3402
8982
3962
471
1903
8594
7986
3410
1559
6776
7991
5149
8859
5409
8582
7307
7836
3742
2517
7960
3369
6014
8028
1005
4772
5925
3974
1934
4179
2702
1394
9338
3241
1832
6685
6052
2710
3240
2251
6906
2532
5343
243
8071
9088
590
2345
1718
8454
5086
9010
5142
231
6675
388
4757
7642
5271
3932
6257
9975
4709
5485
4089
2026
8239
335
4465
7053
6487
7666
684
3087
7433
4186
104
6855
3718
6365
5112
7144
3880
2648
5618
2045
2948
9912
9475
2148
4092
9808
8273
1560
6561
6948
9771
8590
4051
5902
1164
1233
37
7854
2624
9504
8565
602
9985
9776
3194
9166
127
2586
7208
5950
6540
2450
960
6712
5401
154
518
648
8050
6887
6163
235
9316
3039
4341
5561
7390
3318
4732
4753
9124
2348
7426
5653
9591
1294
6506
4866
1632
9172
7347
3841
5786
1412
2933
1206
216
8661
9955
7818
4976
4696
6815
5713
3522
7864
8687
3250
8864
2024
3214
9547
8471
1904
1421
4967
527
5072
6935
2063
7872
6665
6404
9637
822
1230
8783
6973
1298
8447
6281
1401
5294
2255
6420
6458
4490
457
7180
3697
627
4623
9857
2485
5178
5620
4546
5894
6517
84
694
542
8708
5923
3184
4671
4981
2981
6668
6141
7832
458
6642
6431
3829
9686
6971
990
3897
3
1982
5559
251
8525
4612
9085
8369
3103
1883
7761
7030
7371
4365
7284
7558
1485
8817
6763
8285
8057
9512
9645
9157
8527
7178
9262
408
1739
9441
2227
7148
2561
7765
3696
3600
6382
8449
5078
992
4129
1445
6703
8992
1895
1389
1082
4823
6215
7857
1377
3645
5554
3320
7174
3254
1176
3942
8150
8759
589
5155
4466
5462
7322
2884
3988
5854
4353
3845
2062
1617
1426
3131
4818
7454
9782
3050
1804
3921
6621
6922
5583
3278
1949
1822
3216
215
7281
5172
7681
2876
5594
9018
1373
5972
9107
1021
8085
1184
8056
2144
1371
9174
7231
6446
6513
1745
363
1715
748
2862
3199
374
7700
6589
8350
3748
3257
9491
7380
6667
5865
1884
4613
3142
3162
6383
9646
3412
4326
3498
6329
4508
2524
5685
953
8774
6879
41
1296
24
5910
7579
4483
3794
8059
7863
56
189
3960
8458
62
1824
7592
7145
9300
9484
9734
4830
3452
8402
8293
9194
1195
4477
4191
3054
2351
5122
2867
9519
9786
5038
1972
2315
4043
9820
2965
3895
1615
5358
8739
8477
6311
5586
5160
9402
4132
5846
4209
9003
7075
4020
695
1293
3010
8183
6080
9527
2041
4683
3953
3426
4055
8411
4030
6430
8762
6460
9603
1803
3553
79
5371
1383
8274
4156
8139
3404
8877
5981
2795
3814
7523
4219
6999
8786
1705
8199
2458
2181
2700
5255
7850
47
4198
5001
9279
8060
6616
5545
7813
1025
2032
4318
158
6787
1564
9540
2945
7533
9133
5677
5770
774
2891
6110
7862
7397
3439
9234
6977
2817
9705
3179
8202
6759
3253
9870
7432
7262
3863
9195
116
3505
6947
9829
3975
9200
3630
579
2091
2342
1120
3069
5517
1079
1905
8734
4728
7002
9804
5006
475
6451
2253
2937
9711
3475
4369
768
6284
2327
9615
545
5385
7218
4591
6535
8513
780
8900
2660
9903
2819
8736
6737
8975
9551
1038
4650
8323
5788
2158
3633
6098
3236
4884
3657
5177
3713
8165
6542
7313
6086
7490
3051
5508
1993
6696
8679
9013
5380
2661
5291
4449
1
4060
7330
6488
6185
1591
5435
909
7652
1622
1127
1061
3545
9934
1172
9917
5133
5232
4820
2756
9998
9370
2403
5785
815
3738
4882
3982
6654
7938
8732
851
4960
6425
8231
7150
505
7677
8450
274
2173
5797
4249
1484
8126
6789
8790
6769
162
7920
6023
6641
1387
6912
4913
8756
4839
4335
2838
6913
4513
4252
1105
2061
8269
6078
1020
633
4856
5857
3665
8336
9344
1166
9541
7820
2778
6714
9856
1585
7954
6000
504
9867
2195
438
5490
6930
8884
8591
3619
6767
4301
3459
6323
3924
1647
4296
7154
754
4798
8220
2401
9332
326
2579
2621
1675
5798
1528
4367
1742
5710
710
7228
7982
4533
8251
5015
751
8318
3524
2560
7074
3830
4392
4352
6208
8617
5570
4991
8317
1577
4300
7795
163
2494
4985
2093
9582
8840
5989
3833
4026
5088
2576
9354
6473
4248
7440
6246
9359
9260
9182
9198
3666
9612
4023
6293
1477
4174
3998
8935
7253
6490
4636
2815
2657
3901
1058
5933
7035
689
9767
2892
2886
3771
7689
5203
8316
9684
2678
2708
5849
6626
8872
5214
8335
1052
2737
8526
4226
5262
9810
7118
9264
3161
2775
6953
5622
3862
5520
9439
3928
1812
9286
9883
1838
7977
9304
4572
6065
7083
5247
572
2836
9629
5480
593
9115
9617
9193
2398
9248
2027
9769
8901
4402
8420
939
5334
1282
1323
3776
2111
1214
8204
9156
9057
3866
7297
7133
8415
3618
5652
2467
4748
1592
8472
9235
2715
422
5476
8211
726
2112
7213
3308
2549
2300
4957
362
3987
9698
6454
9223
5644
6029
9755
5313
3623
2080
8916
2719
966
8856
617
7028
3275
5899
3333
1929
2966
2350
963
8673
3301
5712
8713
2777
6835
4521
3449
485
7881
3594
7899
9900
7589
9567
1650
6197
8226
8422
1068
2924
3785
3642
9873
8100
8432
3105
8494
3356
4531
8136
2228
4172
2030
662
1356
8398
3381
2470
3617
5580
2466
8334
2002
9766
499
63
380
6707
9125
8321
4777
599
1243
5907
1756
8249
5800
7396
6531
1788
1459
4374
4284
2704
6808
1495
4890
4619
4516
9298
1475
7271
5246
7132
1125
1764
1147
1122
188
6797
1332
7719
5848
3359
427
4170
34
5628
2668
81
2921
8958
6435
3569
1173
9738
9065
6840
5055
9221
2672
4473
2178
92
4950
8637
8036
2357
6131
3700
910
7865
3904
4987
8215
2914
1191
3387
1281
2543
535
5931
7196
7855
9850
9062
8881
2707
9613
343
6957
5703
945
2685
9863
2563
4855
2523
1893
3332
8110
6838
741
3759
9628
3849
3156
9186
1561
5996
1813
2418
2149
525
5408
4441
3353
7461
3731
6455
8194
8481
550
9783
1163
4377
6330
5740
9346
2952
8172
3343
2630
3109
4670
3448
7106
2142
9469
8532
8506
6748
6550
807
3206
8437
2639
585
8990
9564
3160
3004
2904
4237
4654
8019
2136
3966
91
3428
5237
214
9382
1016
434
5029
8625
7312
4833
4160
8140
3068
3401
997
7104
2442
7500
9947
4468
5909
9801
1432
1599
7214
6591
3980
7438
3933
5705
1881
172
2441
8178
4144
8555
8401
9573
9014
2887
1910
6938
1327
5548
8585
4877
3755
7508
3715
1427
638
2289
737
9006
9751
307
6651
2667
1700
5676
1106
3936
3182
3008
5643
5918
4121
3345
8145
1380
9432
276
845
7176
1761
2242
4812
2841
1003
2127
6560
7114
8969
4953
486
7070
9094
2940
941
730
8124
7158
8312
8294
3566
6978
5913
1802
4717
430
3092
9144
5392
8867
8766
2552
3366
4954
4058
1007
4077
3996
5444
352
4958
7654
3705
86
1452
1088
239
2038
8941
3340
3181
511
3608
1658
5041
5445
2412
7885
750
4918
4871
1104
1062
1544
8473
5597
1663
4433
4999
9126
8075
1015
6878
6755
3827
9948
1069
3445
6804
6153
2155
1289
2926
8287
7544
2001
1420
1075
1145
3197
8624
5591
6113
7443
7720
7659
1436
9878
8038
7448
2011
2726
7671
3120
8771
559
6031
6566
8496
6310
51
4989
5136
1352
9517
7788
3972
4451
2967
9885
4794
3323
8307
2565
2005
9016
8390
2322
3950
1923
9659
7870
1957
4424
2936
9310
2826
8116
2365
9168
6389
3706
7436
5337
4304
6864
9377
294
6643
4324
517
1992
5023
2730
9418
6923
6019
9592
7367
9993
9406
8701
3374
6495
5252
6342
2358
7891
2435
5527
3331
6424
7453
2122
3716
2288
7724
5638
1087
3641
3749
8053
7073
6179
7667
1543
5132
4081
9665
1669
9242
4537
5681
9481
2
7602
6175
8137
3482
8632
7242
7984
1014
9574
3667
2159
5395
4615
9968
4910
4790
1693
9625
2760
7810
4236
3220
8216
462
5187
2352
766
1877
6609
6297
6746
4811
6597
8003
2724
5339
5151
9846
7901
2703
4873
1662
8128
6268
9894
7325
9028
9044
1610
3280
8499
2602
7705
2219
3934
2324
6851
6640
2333
6063
8845
3346
7153
7695
2274
6307
1086
882
3032
9330
2395
869
281
7781
7495
1940
2686
9250
7696
8256
7792
8233
6064
2643
7294
1049
7764
8313
9895
1931
183
3418
3509
8914
8484
7311
8880
2423
6104
9245
4039
1213
9381
8997
5791
9037
1625
3510
7993
5259
9777
2820
1190
1059
3427
3821
4970
7116
2224
4898
3038
2084
496
884
4841
9339
2629
2917
9622
6401
3422
7803
2266
7245
3289
2246
1784
6592
5991
526
6674
7250
9254
385
2723
9879
4559
3669
5035
4059
7057
7621
8123
7680
4775
3225
1488
3679
377
2331
1539
7983
995
7480
1494
7624
7570
5257
2082
5937
5348
879
9066
2844
7207
1188
9690
7997
1338
7604
2696
3532
3761
1260
6
3140
2878
3956
9209
2162
5840
5129
8764
131
6946
7670
7661
7239
3837
5634
6295
8331
6077
9365
4354
4049
915
4262
9458
1198
7456
1955
7519
3543
7345
3692
8346
2013
6196
2631
7874
740
903
2105
8857
8768
7331
5004
3469
7808
6426
5180
2951
4627
6578
1600
4450
3350
5965
8488
7879
3406
5199
4589
898
507
8180
3132
4176
583
8724
2890
9461
640
8612
4736
45
2991
5300
6661
4028
1028
6826
4749
4567
8300
635
4771
6966
8749
9864
1489
5951
5405
7682
9953
523
5342
2776
7373
6448
7625
6237
6516
2109
7251
1729
9020
6333
8284
3530
3769
5919
3512
4346
732
3086
4514
4464
373
6465
6235
4629
7878
6484
2488
2034
6856
4002
2861
801
6241
9524
8784
4007
5176
212
4215
3200
2566
3380
7348
6963
9257
8622
5542
3513
2735
3914
7945
4094
5730
6686
2049
976
8954
4375
566
4073
6881
9105
3611
1915
8609
2326
536
7631
8319
6754
2770
840
7374
3587
9444
8418
2372
2669
7989
1679
6845
5929
5524
2445
3159
3597
1976
7151
4867
1416
7895
636
7660
9872
7121
755
2248
1887
8832
4384
4459
5973
8375
7594
3378
1242
4941
6467
8904
4184
460
3432
4319
1162
4825
8537
4947
9163
9924
5254
2134
6893
9215
9669
3806
2243
5183
331
3529
1411
4130
6020
8106
5549
3551
4412
3119
8083
6322
8044
4416
6443
2753
6690
7464
9693
4893
9077
8129
453
2164
2199
5396
9204
4107
8905
1499
1783
7889
2293
849
2725
9436
6638
1095
8098
7066
2170
5812
6974
3271
948
6858
3918
7600
5244
6441
4115
7268
1220
8018
1292
8715
8255
2792
6504
643
