4487
5603
6043
4586
639
1875
4680
8727
7927
2292
2933
246
6949
7997
521
8988
4157
771
746
7604
9036
8149
8500
8006
6634
8973
7370
4730
2576
3267
2885
9374
814
5757
3218
7769
3261
3638
4069
4167
2344
8460
9421
5473
8541
79
9579
7420
8129
8113
360
7988
8577
4276
2675
1648
3793
2990
7440
9967
6001
6989
9605
1635
9329
8592
8271
6297
3311
5664
7412
1314
6876
9953
350
2764
2507
6614
4737
3522
5852
7161
5495
3796
211
9728
8836
3933
2323
2906
3005
8766
9916
2738
4999
3449
767
7655
5179
5536
7379
5138
9731
5348
6383
631
8409
9191
1496
2533
8677
9327
9971
8553
9702
426
5081
1492
403
2265
9371
4681
2527
5182
6660
9517
7062
2474
2124
7566
8966
3176
3389
5627
8014
9233
1831
4128
4615
1653
5180
673
1698
5794
4978
2326
4059
4879
2820
7742
2303
8524
6587
3203
4998
382
6862
2103
7191
4620
6599
5250
3048
2800
9576
4380
273
2515
6389
5875
4014
7504
2778
7304
8241
6510
5446
1994
8256
5628
4211
5471
9264
6265
2979
536
9538
3425
6158
7481
3017
6976
9991
8389
4
7236
7672
4751
1953
7829
