3070
6447
8954
8108
4906
5282
6308
6626
2136
7268
6479
9531
2674
9972
6732
6761
346
7092
7386
7379
2580
8464
9301
3193
9541
812
2413
813
7898
3828
2727
6485
3725
2914
916
2499
5987
3485
8509
679
7604
9594
9735
9287
5493
8181
9285
7356
9469
5602
1832
8150
6375
755
7623
7718
2532
6267
5792
9643
4257
2786
3112
1926
7847
6179
9751
3576
2603
3295
4393
4810
7778
3586
5870
3779
5817
5786
7722
1684
2979
6059
9747
571
5085
881
2321
309
9625
6510
2374
5722
5772
8501
5061
5921
4468
143
107
6649
6430
5620
9939
863
507
8688
4271
4124
9702
8186
4824
6009
5182
7325
5880
9404
5042
4845
4428
7028
9719
7335
987
3284
9081
979
949
211
923
4823
6339
9071
513
3254
6707
8016
4934
2605
9181
2929
8478
5656
9641
6409
8548
3435
9421
4109
9893
3162
2028
5417
5328
7731
9730
2168
5973
5659
9737
1905
8293
2352
5187
8808
985
688
7433
4596
5298
1275
2988
2627
1142
2148
6596
8489
1841
6514
1893
921
9871
8492
5149
1382
2053
8112
2691
8539
5439
5231
5393
3754
6946
2752
9717
4431
3471
6380
5186
9475
7643
6116
1596
6699
5111
8097
7727
7843
2657
1390
1339
1897
6998
3757
4095
6834
1289
3024
2920
6827
1485
4193
373
7315
8201
9370
1457
3456
432
8227
8442
3829
8072
2247
2816
1674
4633
7164
8717
8245
6176
5649
667
7966
2222
3195
101
5066
7358
2194
7690
6689
8847
2875
4295
9951
7313
4677
288
1556
5626
9888
6473
9062
4778
2008
2520
4120
8560
3946
2395
9148
1185
1492
3291
5201
9554
9374
2954
3231
9003
1752
9476
2483
8010
3645
9154
4114
7892
4815
1620
6809
3481
4388
3542
4671
8105
6981
7113
8537
9831
4170
4253
8739
8646
8263
6152
224
7750
9108
5207
403
2094
6067
1320
4500
2676
244
1190
2164
5818
8035
5389
2010
5352
7715
5469
7790
1544
4943
5133
6091
214
969
2622
98
116
1951
6807
8795
9824
1987
1836
7506
2219
7522
839
8188
1811
3546
4129
5614
2924
3877
581
3570
9288
4870
3837
7224
2534
5608
1467
2273
7878
3206
9932
4234
7449
6645
4
8529
6030
2345
835
7307
9627
6115
4858
3122
2348
6775
865
2894
6709
2878
6702
9355
8401
4250
2553
552
2935
3983
1541
773
7491
7673
7840
915
7135
4729
4252
1641
6547
6392
5063
1528
2828
9294
6096
6652
3123
6063
3325
3237
7477
9049
4065
8074
9775
7011
1570
499
1675
3622
9098
1220
4184
169
4191
5370
5600
8200
4396
9363
5694
6763
4515
3855
7143
8247
8947
1118
9219
3192
10
8513
6344
5033
3678
5530
1066
701
9685
6658
1535
405
3882
1105
1871
4323
4703
5422
5043
7965
2940
6422
3185
8040
7738
2965
1072
3887
7183
1964
5915
7056
7027
5263
1451
6262
4375
2876
7193
5708
4884
7418
6161
3596
6457
3638
644
774
7912
6007
2315
7802
1371
615
