6697
7797
2923
7656
6070
2885
3980
9992
695
7390
1995
9889
6956
8344
9674
9308
4896
6345
8595
4529
2417
3274
4597
5246
8217
947
1257
2139
5067
3486
9157
6732
9414
4800
4152
9513
318
3275
6807
9759
8580
371
6937
5042
5077
6402
3955
282
9617
1469
7391
8323
7919
7198
1669
4892
1117
5567
1114
630
4157
1324
1108
4471
9198
8057
8039
4683
8148
487
4586
217
4142
5826
3796
5774
5571
8744
5206
1346
2574
2157
5578
423
2763
7595
4729
9614
6960
376
3411
422
7696
5786
5574
4204
8931
973
9953
9920
9816
4675
4018
5642
6017
8497
6990
5827
9671
4673
2934
9981
5366
5048
5253
4456
3077
8213
3365
4901
5628
502
1639
417
9857
7166
2162
1725
3993
2087
9149
9219
6057
4176
2635
3199
7730
3332
354
2681
896
2702
5490
6600
6016
8060
9504
7068
6138
283
4422
3115
2407
2599
7663
7382
5454
8501
8602
4065
7062
8403
281
3616
5923
2761
6005
25
6989
5247
910
2992
5034
2889
1926
7828
1328
6551
8788
2917
4526
8337
4887
1954
2173
5342
2846
6369
1251
4617
8481
136
4844
4330
207
3416
368
33
1193
2541
2963
9626
9051
409
114
9265
3833
2220
7078
2603
8447
7650
2442
3607
4757
9517
8685
8400
3705
6236
7283
7089
3006
3573
9114
535
8415
4832
6554
677
3470
812
2201
7818
2204
5073
4421
7846
8834
5890
2398
9575
3900
7202
9102
1915
4522
8711
327
4033
2121
1867
6365
3646
1705
9991
1049
568
8474
1300
2789
9024
5862
3388
609
6025
7861
2653
3675
331
6750
6241
975
1962
4106
2334
7750
7325
1030
6706
5028
7860
8382
690
7699
8187
8313
6945
6413
3577
9687
9233
1419
2237
173
9582
5060
3816
6342
592
9081
607
3770
2649
344
2371
6323
6790
5297
2959
1957
8462
2428
1888
7869
1440
9707
450
2801
6552
8364
315
6770
2287
5893
8308
4744
7543
9434
7816
5046
3580
9136
1428
3650
6498
7172
1474
8697
3312
8511
2100
2223
7928
7442
7395
1089
2944
686
7710
314
2913
671
1512
1791
553
2518
6288
7426
6104
9658
15
901
2101
9352
301
76
6300
1013
2422
9413
6657
1409
1686
5260
6357
8885
9829
631
9519
5897
6354
1554
2339
1866
7703
599
742
6901
4405
6768
1235
6727
5764
4500
4849
9273
6694
767
9622
2523
7855
3339
608
3877
6730
1933
6565
7618
5375
6429
5479
3068
7048
8040
40
9023
2781
6032
4825
9320
2021
3764
8194
8543
8550
7580
1278
8131
3625
1859
1794
3095
7868
5162
1177
7261
3319
2933
6625
2431
7037
8062
104
9837
4553
4020
9295
4100
7961
3401
7906
9234
9784
2326
249
3329
1321
9096
9527
8028
4772
2455
9667
5948
6263
6161
2790
1836
7606
3325
1386
2129
3997
4205
2667
6235
4295
1752
2304
7122
266
2951
5860
970
3772
869
8915
7138
6412
399
3987
4622
4214
9025
697
7179
9028
5343
5317
595
4809
2786
1626
6769
6346
9927
7213
7415
6434
9415
718
3919
2778
1433
859
6893
3535
6664
6000
7267
6341
850
4986
6272
6985
6666
9518
5385
1233
4268
1051
3507
4877
3806
709
9389
4976
215
8830
8518
4620
797
4738
404
4236
2831
580
9576
4402
8297
4314
6460
7564
9688
4778
2501
5816
8869
9538
5842
4349
2608
7440
3355
7400
6671
2982
555
3084
3567
6228
3878
111
1228
9053
7358
7084
5252
6418
5400
6869
8000
2676
5381
1376
6881
2572
3904
5986
356
1287
6718
9016
9828
6067
4292
9426
2284
5078
3285
6962
9240
3839
8837
6159
4947
7024
3703
4150
6486
8513
1902
1334
5108
3315
444
8340
6894
4124
2050
1687
2012
6172
4968
7776
2731
2607
5813
6789
900
3922
2530
7399
3229
7305
9591
7181
2370
1165
628
7096
5940
8672
7984
5694
7101
2112
9242
2232
1368
986
7319
2046
4144
2961
3300
5549
2400
254
3544
5435
3124
4296
8326
626
7562
9117
1965
9281
6541
5412
3198
9381
7621
3471
1789
5631
3859
3279
8372
4272
61
7008
6257
1632
3283
9444
9482
617
6476
6487
504
571
1565
4051
6994
8324
7839
1703
4199
8500
8797
1201
4583
5326
2593
3131
2382
7130
5818
7203
8250
8850
2322
8659
3178
9130
7409
1396
5587
1621
4125
6779
9372
9073
6950
8013
7284
1553
4797
9004
7886
1476
209
2390
7747
4981
1694
9162
7866
2071
2884
7722
9212
613
1124
4083
8071
1213
8546
9405
5170
3003
9933
829
9962
6483
5492
7118
8983
3553
4536
4015
7014
8081
6248
968
4905
2420
8631
6973
9752
5941
6436
6393
1113
4574
2792
5706
8933
7678
3150
2152
586
8054
4235
4872
8190
9580
6427
9173
9963
619
426
8089
6149
1401
3000
4136
6385
7539
6748
7393
3901
4795
6703
6059
3010
7131
2571
6317
442
2546
2980
4687
8997
5580
1301
8422
3569
7251
5654
7733
8289
593
611
3834
1521
238
9863
8378
6153
4925
588
3699
4569
6081
6713
8055
2364
3446
5588
2023
2408
5190
7577
1644
8268
6077
9611
6957
1174
620
7493
8849
3812
3587
2680
6135
5722
4090
5033
324
2644
596
6850
3885
5426
1040
7871
624
5854
1835
3231
9722
8314
7830
6084
3730
5577
6701
3875
978
7204
9113
597
6519
7398
8276
1971
5174
9756
5550
5117
809
9650
738
5797
7686
2108
4056
8810
2960
7271
3510
8594
2209
7444
7365
7541
9480
664
1332
4962
1363
5380
5844
1531
8973
4476
5566
1309
1878
4565
8310
5466
3615
6255
2485
7402
7127
8112
6574
3556
6761
2903
4303
5721
7467
8207
140
7808
4408
676
6993
5069
2461
6580
5357
6628
7583
1918
9258
2053
3478
3989
6097
6803
9432
6670
7806
8092
6738
5186
702
1960
9034
5333
2073
3538
8562
5251
8142
2527
2908
9416
2078
6975
1627
3350
5030
9657
8205
9719
8437
3663
1535
9257
637
2104
186
3586
9376
1052
2596
6796
4814
4093
1844
4089
1650
5906
9832
3140
4684
6731
3628
9355
3776
9660
5445
3438
7764
7230
8583
9375
6782
299
2429
8068
3536
5199
3001
3681
6416
880
9514
5698
2720
7114
7877
9418
4582
5279
4633
8358
2113
3951
7872
6333
5171
6020
460
8169
1317
18
2187
5293
9118
5804
8946
8391
1430
4894
9086
6069
6735
9309
7624
3976
2197
9476
820
5007
258
4860
9919
4904
7619
4021
8436
7680
6090
1104
856
3682
6934
4153
5181
3015
1260
272
3787
1073
4004
7276
8336
6505
5049
2054
3242
851
1853
774
1518
5720
59
194
5901
2301
264
2642
7953
5144
8872
7965
4498
9786
7599
8986
4951
2192
9345
2252
4057
4955
2413
699
4606
3659
566
8480
6499
2984
543
5695
5347
5668
2388
8704
8853
8287
649
5393
9206
9980
5691
6093
4206
146
4697
6662
1241
9379
162
9587
4396
4477
9548
2472
1604
2015
9250
6274
8464
52
5414
4652
1828
1537
2990
9393
4450
1654
3963
3647
3129
5237
430
3880
1653
5480
4934
7456
8549
2767
2160
219
5617
4064
3680
8627
4234
8923
6040
4898
4291
1790
8466
8952
8157
8738
6575
405
1899
8150
6906
3729
7538
3731
622
4595
3656
7367
5575
6260
3100
7979
5224
3055
7862
8445
5289
5184
6685
6844
5725
1454
211
9264
3425
7570
9437
9633
2008
542
915
8664
9038
2352
6798
1412
8199
9347
2693
673
5916
2648
5568
8419
1981
3788
8539
5839
9399
9387
9835
8292
8283
2161
155
8160
8024
4435
6648
602
2753
5214
5442
9270
1834
4835
4224
1381
9811
9638
4462
2738
8679
4512
8897
109
7124
6530
3494
3760
1819
6261
1136
8141
5707
661
6405
7494
3531
2164
6521
3220
1441
5687
4202
130
199
2227
9666
2347
5302
3763
5441
9546
9793
2578
7301
3639
823
3343
4880
6095
8091
8800
8726
4714
3861
4570
1858
3570
1215
2445
3422
9966
6367
1095
8117
2520
7436
7715
9144
7123
8692
5125
3579
8461
4354
2595
4648
7718
8524
4298
4550
8191
9526
5394
9386
2703
6204
4810
8875
9133
5191
7254
3910
7257
9512
7938
6785
1464
6444
8224
1709
9830
4984
6979
8377
2249
892
6182
7524
2739
3145
8791
8859
2349
9108
5278
2504
703
1822
3107
6902
7071
1122
8263
2969
2490
2542
8819
5005
5510
2367
2464
4191
4120
1762
2876
8282
5942
5710
2539
7943
4956
1329
4400
6230
7565
3744
1018
2264
8061
3930
1237
2300
8363
85
187
4554
792
2308
1990
413
7902
670
3439
4868
2412
6823
131
2705
9693
3881
6145
4549
804
6501
2419
1592
8107
5406
8516
103
2202
3180
4323
5808
6888
248
6546
1656
8972
2547
8740
3746
3168
3947
7317
6746
4657
1800
2182
180
8760
9599
3959
7006
6192
4752
3217
1889
8901
271
245
749
2987
514
8721
4686
1091
7865
2493
2302
7043
2410
2858
5396
3185
8406
5193
4628
2777
6332
6920
8211
765
5836
5391
5187
9831
2426
7848
4339
5306
2457
8080
3354
3938
1860
8413
5164
3
1856
8305
1628
2009
6946
7503
6596
4343
3710
827
7588
7372
2274
6676
8238
7182
9849
9641
2569
8376
9640
4304
8087
372
3550
3030
4042
2055
7004
3996
87
4037
4685
6859
115
6923
7500
5239
8371
9400
6550
1310
941
6359
3503
1624
7692
1969
1005
9767
6494
9897
5314
4067
7322
8179
8288
6126
3253
6900
7955
4604
5062
2548
7235
6052
5183
4579
1875
7566
4963
8544
934
8907
4933
3022
3462
6681
9894
1120
4375
8031
1824
3771
2621
2754
6189
9619
2881
3272
9893
1286
9874
5198
2718
9990
925
4758
1905
2645
2637
5699
5425
9839
2854
5322
2134
8630
8402
9190
2663
3153
9368
5981
1205
6259
9030
1135
7302
4624
1499
9070
4241
2154
2633
6219
8700
6966
9353
6096
9742
3957
2418
3196
888
0
7174
294
2629
7106
2169
6137
2769
9683
3758
7645
6998
8411
1427
388
9496
3583
5159
771
8473
8913
8482
5593
7954
5650
4363
7834
3307
7431
8463
7823
6007
402
8616
9167
3240
1925
8934
1170
9655
9404
584
4092
6882
5595
9560
9656
46
7642
8864
9923
879
5024
569
5752
2878
3313
7147
532
3391
4336
9790
7767
247
9949
865
3887
8197
1609
220
4794
7225
2873
9340
9428
3484
6314
2988
5460
5422
2543
5019
9532
585
1527
6638
1988
12
2047
20
5992
1662
9552
352
9280
7368
6112
9533
5732
1043
5154
7128
3813
1339
5348
7551
4394
524
9121
5313
9936
6299
410
5887
2771
1704
861
4168
2962
6407
1194
2404
2147
4530
3969
5142
7360
5493
4226
4017
19
184
9994
3099
8129
7654
1385
8269
6262
2028
4425
9232
1416
6852
9632
1877
4273
7859
4060
9064
7885
4813
8475
8398
7554
9812
6745
5969
1269
2639
3472
4167
1733
6015
1750
2395
4785
1275
3102
8027
6656
3263
9984
2613
9150
7962
1208
4008
6009
6023
2151
8365
2392
4924
7881
836
485
7758
2851
2529
30
8200
1804
1067
1297
665
2929
174
1738
1761
7226
95
4950
1371
7243
4350
6567
6244
1785
8815
3073
441
9876
1783
3398
4487
9498
6687
4989
8272
4409
7655
4521
5866
5872
9390
4519
7790
8633
6534
4344
6106
1528
4131
3554
9509
2306
7214
9691
2369
5756
8752
1779
8795
5824
768
4726
926
8559
8468
56
8008
3287
9500
4650
7223
1128
7647
9430
1595
1206
8067
6324
5499
6088
4045
7353
7657
7827
5716
3917
4608
5759
6141
5180
872
5035
2673
5743
2024
2318
8893
7701
7446
9084
5189
3547
6432
8451
6482
5232
5420
5563
6969
634
8242
7956
81
7120
415
2353
5065
9541
5717
377
1354
3624
3369
418
3476
4185
6942
7664
3826
9364
7784
6660
8736
7001
1593
1028
1661
7090
7930
9098
4130
2708
4098
2721
4318
5172
9105
7581
3437
1326
7490
4005
4011
8662
2999
3499
789
1937
4367
6312
8132
9217
783
9612
7227
3039
7915
2062
8861
982
4601
