7193
7002
6549
1980
9504
2081
5615
5908
3046
2773
5269
5872
3262
6136
8425
9482
6396
5525
8634
5162
8322
1093
3785
239
8446
8914
4420
5399
8727
8665
942
904
4949
5730
5978
1832
9506
5395
6304
974
7262
9281
5056
3392
1501
5876
7637
9295
8716
944
307
7987
7580
5302
5312
2105
4827
4848
1355
370
9608
8461
2553
6373
540
9690
7466
2287
3116
599
5874
298
8680
624
6693
5428
4082
2189
9668
2438
7416
9216
8721
4031
6474
726
4619
3587
5969
4400
5559
6198
3102
8491
7802
9919
9917
8813
5760
6803
245
5939
4480
9560
1151
228
6182
8751
9528
1548
929
3112
8006
9537
3810
3745
577
3648
7233
1889
9034
8534
4945
1115
8117
3355
4245
3949
9056
6173
2156
8486
8055
8782
8071
1971
7605
4873
9960
4807
1327
4569
4610
139
3737
4459
4853
5898
1283
5430
3942
7799
706
9051
219
5349
650
5647
7454
4223
7767
4777
7469
6406
391
214
4514
5557
3674
845
2427
7995
8078
7742
9978
398
8183
4992
2560
3795
6266
1801
8646
5478
2206
327
7895
2931
9630
647
923
6528
4283
7566
7255
6197
885
3377
8354
59
7490
4327
5086
1731
7897
8311
7360
883
3830
8260
8513
330
1222
5652
2865
6153
5797
1860
1481
8497
9471
580
2099
6128
6055
3271
8707
8911
2688
1727
1569
6202
3381
3097
3601
2634
4013
9545
5547
1560
6699
7137
362
1879
8450
95
6694
6928
3870
7168
289
6479
1201
8462
8213
864
4649
2108
8087
7326
6108
1121
5549
3306
7972
8936
5973
6689
7366
9418
8475
6067
368
6910
3721
2751
2244
1824
292
1525
4631
9535
1784
3222
323
3802
1077
4311
460
7020
4184
4959
4520
9536
2100
2742
6061
1103
7183
8404
9112
1997
227
3372
1431
2104
1932
1691
1618
6082
562
978
7515
3975
8027
7846
1512
6273
6765
7989
3269
295
1794
9262
372
574
3523
5593
7699
547
1539
1479
8451
2032
4008
9702
2981
1073
8328
1334
9613
2434
8188
1974
2663
4391
8876
7266
6184
3768
3376
1780
3114
9998
2594
3113
7440
8913
4548
3011
998
4111
6050
7163
2210
9255
4712
3244
8862
8750
5822
1678
4103
9886
5998
7503
8522
1352
9245
2664
6102
7098
7063
5240
7719
4466
1726
4143
6726
1186
1458
5685
3821
4191
4789
8986
3518
6982
8555
6053
6954
8232
7910
7240
1278
6823
993
4759
178
9763
8872
824
9141
8068
3712
3561
6624
5656
3044
1755
1386
1237
399
87
336
3149
4345
2307
5669
3022
2446
8471
6776
4744
8044
9722
3311
5034
9882
3861
6960
7117
5581
6183
378
5820
8022
5228
5861
422
5306
8484
6710
6641
7284
8699
892
1195
3071
755
5887
2371
1519
9887
3635
3576
8991
1643
7457
96
8662
1444
4377
8945
7364
1650
9194
9555
6301
1883
3323
7548
1388
829
8988
3442
3668
3427
9604
6904
9313
7482
4831
3873
5257
4047
316
2229
1119
2308
5976
918
7337
837
8494
7101
9479
1500
284
6927
1887
1136
6971
60
2668
705
8235
2239
8849
7919
234
9543
324
6984
711
7322
9450
2893
3186
1626
4477
3994
4707
1152
2461
1685
7001
2355
6467
5203
8439
3034
260
6167
2557
9654
4628
5855
2073
3513
6309
5842
6579
3538
3197
1836
9704
1677
8116
9146
6855
6089
909
3475
916
35
3254
2554
9821
7079
1837
2443
8516
5564
7229
8907
1014
692
6064
9980
5507
9004
8572
3838
4130
1208
7336
6698
5612
5374
8580
8378
4016
7082
6676
3824
5664
7702
5532
8329
9539
1796
2262
6335
5413
3559
8304
9272
1043
4468
5059
2645
5771
6152
6829
6905
9784
3864
382
5809
7831
2815
7075
2437
7645
2256
7947
2666
3964
3788
4957
7067
1100
3887
8802
1114
9085
4541
894
5027
1642
3466
9429
2548
9073
273
3974
407
1085
4892
7288
9813
5341
1841
3032
433
2604
3280
5629
320
7753
6791
2763
796
729
3671
6444
3618
6955
539
2323
7948
1143
2570
1204
9274
2568
7068
5504
4586
4862
9356
9283
6206
5810
3039
4114
4172
4428
9549
2723
6807
3487
9089
1857
4491
7610
3267
7820
3326
1080
5342
6667
2428
1338
9826
943
8453
7149
8794
4545
8197
7680
9760
3596
1178
7516
1154
3563
7879
4282
5
6594
3869
5245
471
7770
990
9320
671
5465
7706
9843
5779
2016
9786
727
9700
129
610
8059
1704
5754
3027
4493
616
4076
2133
8271
7305
2566
5931
8434
6284
2202
8519
0
1275
3727
9093
4291
6668
8979
6769
2542
7122
1816
1850
6385
8133
3840
3705
7184
5472
8270
4390
2822
5645
564
9064
7756
8932
2170
2204
7308
3183
3959
7452
7179
4840
7765
9933
13
3390
8798
2116
6452
2468
4462
5194
3340
5136
5551
5722
2979
258
3404
4958
2940
9856
545
6244
4880
8145
9741
5870
2383
3260
6425
6104
1550
4463
6912
7362
3617
593
7226
3732
9653
5718
3633
2154
2805
7472
1096
478
5940
8792
1609
3299
7025
8518
5096
607
6434
8418
6670
3882
484
1259
2516
2041
6963
4854
7214
3926
550
4054
810
4037
8289
7076
7413
7332
1721
2528
1468
7113
4849
8263
9615
4041
9992
9026
8149
83
2820
4536
7540
5680
3497
5550
4403
6188
9271
9385
6598
5475
6472
482
8770
5530
1600
5623
4539
3724
1992
4666
4970
6784
7210
290
3620
1482
9187
2722
7048
4348
8086
7487
4448
6870
8077
418
257
7650
2487
5458
7429
5403
8496
8548
353
5105
7310
6709
2240
340
9752
4178
3083
4978
1112
5291
4048
5503
4303
995
2065
2579
1306
1493
1053
5177
8748
3993
4232
2324
303
2950
2985
6059
3786
1385
3631
9268
3378
6538
714
1402
9907
9256
4605
735
8856
9906
1616
5445
9635
3692
2958
6370
3808
1628
3462
1661
9651
7837
253
2701
6079
7597
4738
2363
5100
6321
2543
8119
8352
9439
2128
3607
8423
5356
973
1363
7875
7882
3266
8904
8832
5579
7329
4397
3774
4135
1219
3742
3109
5123
5410
5958
6399
857
3488
4843
6540
2413
8159
9197
5329
8501
9944
9000
9657
2158
855
3661
5895
6949
780
6772
2694
8923
92
3952
6407
8220
9290
3265
8441
7099
5310
2165
2419
9088
5368
9853
7888
7609
6985
6711
3688
7544
9818
8056
401
2782
1393
9291
3609
4021
8819
7590
8274
1250
8896
6840
9049
6233
367
7465
9683
9455
4116
8999
1099
500
7622
7059
1383
2440
5108
5011
7681
9712
8403
86
1035
1347
8726
4547
8196
7536
9945
1988
5801
684
2027
1111
1789
8953
752
5339
9793
3962
2048
8181
3031
4473
1405
3909
3968
1621
1472
1041
9847
8026
3304
8227
8558
5071
2491
740
517
8655
1504
5385
6285
6158
2633
2466
7676
6552
9150
8194
5928
9325
3891
1455
4147
7124
5053
712
6577
6400
7243
5617
7295
2819
4024
9684
814
4680
4005
592
5529
5486
6683
2010
481
9070
687
2850
3374
267
6504
4739
1486
335
485
1348
8690
2657
7073
3895
3199
1048
7771
305
9674
4352
7785
1009
5709
7408
8364
5128
8847
6196
8502
9621
2978
2152
2330
8877
1821
9852
7462
7845
1069
7963
8796
9587
7954
7625
4549
4923
9261
5379
203
4924
3716
6291
7695
2507
4086
4131
2943
1506
6123
9289
4874
722
6729
5083
7684
91
6759
911
515
1901
3995
24
7319
1582
1968
3556
6561
5858
8233
2902
9162
9622
7055
4852
2821
3098
2488
3953
3619
7420
4171
8225
8992
3958
1951
6846
5782
8929
1109
6272
5536
7174
8219
4155
5644
4382
3983
1446
7815
7537
9068
7066
143
1325
5518
1659
3535
2211
9490
2007
9326
3577
9454
9157
8947
4474
4509
2125
8469
7561
959
6747
2753
6451
469
9424
6779
7328
1867
7825
6586
4606
4696
3196
1036
1037
1732
6758
9225
2716
6213
6018
1938
8101
168
2834
5406
6000
1541
8083
4035
557
2392
5580
3978
1627
6282
2002
8466
8353
4660
9279
8668
8108
9222
3664
637
3670
9636
2740
4384
6343
8259
570
7984
98
2164
4677
7508
6254
7275
7064
3423
1319
8996
2166
6554
6764
525
7057
9931
8250
807
2157
5152
1018
2430
8057
4600
1869
9646
583
2744
2894
7474
9410
8615
432
7648
8793
3209
5588
9891
8483
9969
4243
3328
9228
9865
4490
7591
1337
8458
8359
8093
3401
3245
5371
2502
6428
6192
2261
5605
5427
7359
5125
5705
4359
6303
9546
221
8295
3350
7852
5009
789
6843
2268
2730
5431
6204
3826
4787
4292
7202
2524
8493
8313
9318
5186
8842
7764
8652
5609
7617
1254
8433
6738
645
7932
4321
1189
7403
5533
7817
6757
5166
7304
4038
6134
8074
301
416
1774
5200
6644
1480
9859
5476
1805
8828
6327
3580
825
1843
850
3726
9128
8237
383
6057
8365
1657
3393
6542
4094
7352
7422
3206
1750
7349
6140
8593
2571
648
3680
9655
2103
846
3399
8477
6225
2987
8623
9023
5980
2092
2347
6090
8039
4741
8208
7301
6506
7655
506
7167
3236
1681
8835
1436
939
4195
2058
8478
1149
872
9756
8492
3473
7087
9972
285
4703
2697
519
7892
7267
6662
9230
9831
893
9137
5642
9995
7458
9935
513
1281
2968
237
152
6486
3903
8489
7679
7302
4624
6003
9348
5522
2031
2736
1829
2803
9224
6178
1575
3217
806
3274
3431
461
8977
2966
8258
4930
1783
1617
2191
3165
8428
4828
2526
9909
2836
7270
2057
5191
7475
3767
832
759
1021
4681
8154
8833
497
3504
9475
716
1668
3494
2143
5595
7219
758
3896
5007
3270
2455
5145
1158
4647
4503
3117
7571
4637
5762
1799
859
3144
8537
1842
9083
9360
1760
1357
8369
5383
7010
8552
1271
9032
7634
7342
6280
7091
4412
9565
5087
102
3065
64
3854
9687
9644
8525
2704
2992
1535
5883
84
9359
6721
9676
1549
6386
8128
5012
7781
7421
6962
6337
4260
8827
7542
5892
6438
3908
2409
6696
8777
7438
6802
946
425
8252
5700
6316
1187
7290
9076
3540
5161
7621
7074
6798
7190
7314
5538
3402
6663
8410
5905
445
8251
2364
4455
6121
7306
1342
8062
2303
9042
9188
7065
9414
8169
5804
8511
9303
3880
5467
82
5513
6487
366
8725
2569
1800
4259
7119
2293
6937
7524
5294
2445
1098
9180
7623
5964
7058
5246
9103
8406
8560
2464
510
4571
6422
5308
8863
1749
7780
1587
1762
2389
7669
1811
4779
4588
4091
9203
254
9149
7320
7870
3200
3740
4611
626
9010
3164
1336
9170
3694
7461
9505
9055
4452
8395
6217
4062
8948
2197
4075
6201
7321
5738
1025
3809
4875
7204
5597
1351
2558
9713
7069
300
6515
9151
6115
210
2360
3652
3728
3542
2327
8859
4967
1242
5850
2340
2867
7105
7636
8602
6307
7483
6986
411
597
3602
3783
5798
2395
4559
6045
308
6099
7220
8590
1660
4722
8316
7090
5079
5845
5747
6101
1145
2386
2008
7658
6066
32
7426
4763
9336
3424
2404
6553
2686
7853
5995
7761
8604
7245
4981
6704
9299
5260
1967
8356
1890
6088
8915
2480
4285
5548
5924
8613
126
5326
4402
3509
8416
7244
1919
6918
2600
243
9499
4441
1445
1831
5026
1511
553
8199
4504
5558
8970
618
140
4235
5063
9544
4488
7737
2012
4063
7148
2756
7343
7700
502
1333
6661
5860
3092
1746
3439
3569
1155
2412
7390
9775
4918
9592
3479
215
3564
2705
8739
3883
477
9080
6728
1226
1558
165
6086
5516
450
1840
249
3133
8094
6525
5907
7971
2020
7027
7339
4418
6505
2512
8480
3703
6263
4911
2988
1597
7386
1440
5106
1826
4213
6286
9176
6084
3253
2809
1285
9569
3546
2222
3646
3722
9900
9343
6105
6555
8131
4709
4692
180
7111
6141
8735
2285
2572
6630
6763
2025
3675
6409
3632
6475
3246
694
9355
7169
8912
8544
7934
2520
9017
8766
7092
7840
4173
9362
2367
1270
36
4863
6338
6242
8763
7570
7356
1737
602
2914
6848
