3539
1671
9615
4840
3713
9238
3804
6176
2330
1799
8391
8007
6312
9900
1287
1612
4568
2131
9978
3823
380
4403
8938
7660
3477
6453
7210
4649
2608
9408
8609
9210
5825
7802
6119
4561
4972
2546
1540
6949
6770
9904
7423
3329
9816
6746
6244
5738
7386
1908
652
2388
8694
7772
1423
4499
8579
8563
5777
7960
9434
1327
8786
6556
7123
8639
9160
1745
7823
2777
3863
3799
5190
4391
9169
7140
510
1107
9622
3608
1373
8796
7654
2305
7732
7122
8873
3515
2900
2886
1994
1094
9709
3353
8943
6055
6060
9896
8032
1363
9792
8734
1462
1818
7009
1930
6322
4619
4268
9286
5103
9191
8792
3899
9398
7094
9047
6351
0
1907
1087
7419
7765
6239
7476
7231
7175
1957
5800
2949
418
8145
5893
263
9032
7485
4117
9158
6785
4041
2093
8380
3478
5598
9165
3255
7486
6022
601
8540
5572
149
8383
7865
1596
5159
5287
1873
6228
2288
4074
4122
5805
5112
2297
3140
921
5127
1843
5561
7385
6441
5406
9012
7022
994
3482
6066
8940
5099
3830
9441
9824
7035
1352
6883
9179
8898
316
4308
120
5841
8812
1138
2072
4476
7839
8269
7565
8550
4959
9377
6214
592
2893
4260
3377
4656
1756
3328
8998
4771
7766
3400
7725
7900
139
5674
4029
4849
1884
3923
3041
6701
1386
2847
7628
7304
1308
107
8081
94
9784
1933
3226
4665
5201
7360
1306
1391
3743
3677
8295
4219
7794
4482
7507
814
5994
7455
3848
5895
3145
4865
1001
762
7364
3291
7223
321
923
8085
8971
2716
8401
1315
9196
7860
7065
7173
4883
1645
3399
2661
2635
4818
4552
1972
5512
8744
9026
8954
1275
8528
6263
4919
8083
9062
9752
3938
399
1801
2766
7689
9605
6638
1046
1077
2975
2371
6674
9315
8955
7325
6833
7998
9326
3073
6966
3216
4723
8695
807
8134
3621
3702
5653
5017
9466
3873
9406
9122
6399
1798
4695
942
7828
6745
7171
8009
9257
9076
772
8740
1004
9002
2927
6742
4375
5211
8632
8
5307
9627
4095
529
2337
2301
3655
8468
8389
2999
9603
1092
3315
9334
5982
4155
6444
6734
130
8273
4265
2992
8453
4113
3365
598
294
9407
7075
4305
825
4306
5794
3343
1192
5106
2578
5938
2960
3909
8378
887
2412
8691
8508
7181
9148
7985
397
3177
8439
1220
3507
7160
3696
4898
1106
2163
9009
9218
5010
8659
3767
2280
3944
3812
8640
9632
5671
8878
8400
9121
1135
8283
2462
3219
8116
4787
6293
3624
6494
129
8771
2665
5602
2861
65
7590
8048
5623
3360
7854
6161
2489
6970
6728
9386
5187
3283
2025
8494
8936
4832
8806
233
3928
3047
704
7196
7586
9267
8210
4342
6713
2535
313
5265
9368
4000
3793
7809
4190
1151
7047
9112
1460
6968
6277
5568
4398
1101
6226
2405
2243
3061
6565
4871
4671
9451
8724
5558
1314
4907
5109
158
2052
4590
7560
862
6549
3109
8320
7002
7781
1020
1979
135
6507
8101
7030
6963
8143
5412
5998
8286
4595
1089
8395
7284
5697
6053
6425
5288
8446
40
698
5723
1868
4226
2127
1558
5882
8078
4277
1262
4828
7153
6892
1463
8735
2765
1980
4065
5199
453
5244
5145
2265
268
4477
6021
6272
152
4444
3108
1627
5861
7720
3379
5659
3181
9721
9666
2210
2000
1984
7084
3227
2251
1340
9048
3338
5165
3560
5646
8043
7821
8054
8650
4311
3670
3335
6315
4824
4647
6026
9565
6629
2731
8299
9486
8663
5593
3411
2457
8834
5546
7351
3450
5703
3462
8318
1387
7607
6876
4768
2456
5073
1787
9832
9260
3223
6089
2260
2593
1556
2233
1703
3932
9041
3782
7168
5021
3748
1000
6064
613
4280
9925
1795
7036
1533
6406
8470
6448
1396
3005
7395
9974
2533
6493
5054
1663
7761
5403
4121
1711
4179
2046
517
9960
5807
3351
5446
5496
3235
8903
4938
9717
3074
713
6223
6032
6404
9313
5756
8425
3454
9100
4705
502
9110
822
3861
189
4775
2668
4370
2291
50
6894
5413
3565
7052
6560
1131
2470
5519
1617
2035
8119
3495
4487
308
3641
9497
5961
1500
5477
193
9253
8506
8452
7188
7494
7690
6939
1548
8718
6516
1297
8654
2034
2343
9152
8631
5318
7807
8026
4125
6695
9402
53
7688
2973
8844
5748
7073
4690
8964
7209
5009
1935
5536
2324
8756
4960
8035
9815
9877
2666
9578
5528
5358
3366
6426
8174
4020
1054
7623
1266
8373
4087
6978
4049
9676
2091
3003
272
567
1714
111
848
5569
9306
6994
7878
2615
7417
4644
2207
7307
8485
5326
1722
4134
9363
8327
4272
566
1952
8065
8515
3688
8235
6393
9
6423
2338
856
3471
1536
8107
1739
7338
8543
4990
9675
2130
9285
2426
7945
9477
9694
3853
3568
5035
2706
8574
3995
7734
7339
9431
6168
9261
5948
8461
5065
9340
2598
1337
424
6368
2476
8762
725
3610
8907
4107
8833
5441
3165
9574
452
389
2917
5383
2526
5217
8114
9964
7783
4390
3144
5898
5801
2825
1897
1851
8130
1909
1353
4136
8838
4779
4654
5346
2138
2187
6700
6416
8634
1824
9706
1749
9494
6971
1488
7904
9079
5392
4182
8308
6075
4599
6810
4540
600
179
6515
3247
3578
3448
3829
7460
2493
7866
6797
1609
5012
1319
4080
3437
5942
1155
7637
6468
5077
366
3575
7021
1800
7626
5162
966
1719
6917
9347
2617
5436
1124
9119
6790
2911
4653
8763
9409
5780
5230
2255
5719
4185
8704
1392
4379
3908
870
4062
5434
4517
1521
3620
6187
6844
8761
1993
4468
7458
5457
2269
6818
4396
8194
8576
500
4235
132
9981
4336
4221
8602
4382
3179
7665
5158
5880
164
8477
9305
422
7063
6828
8231
7708
8317
4991
3648
7861
2478
8155
4428
405
8262
356
7561
9418
7337
6795
6916
7744
5809
881
7791
7376
2385
6192
3
8330
7137
8920
7493
4592
6624
7053
5698
1665
2785
4002
4920
1033
8526
9229
5269
7149
1812
2754
7901
3939
