8422
820
270
2568
9654
9875
1708
3134
6701
9755
6145
8274
392
1499
8956
9053
4429
8049
7547
1782
3750
4220
3681
68
3623
502
1851
4010
6470
1084
5547
2971
8429
3565
9264
264
2238
1555
1475
3806
1923
5382
1638
627
6133
9394
9513
2837
5493
3892
1860
3067
3015
164
6936
1321
8115
387
573
9017
1502
6128
5484
3737
619
6622
4863
2332
3554
8171
9771
4458
4352
633
905
1538
5322
7238
8811
8770
9406
5428
2752
9164
587
1430
6625
180
9533
7802
9066
5719
3830
8554
3484
5272
5750
5546
4214
1226
26
3893
1055
5549
520
2764
9954
476
1025
2139
8947
9888
9742
3100
8121
2265
2878
8114
4590
4295
3412
6972
7194
417
5766
4025
4006
7031
8543
8143
4152
7620
751
7296
4059
5566
6697
9446
9000
7410
3429
6524
7094
953
8760
2486
4400
5619
6637
6832
3480
8740
2760
5046
5982
1389
4628
9473
3058
9729
790
1616
940
8937
3176
5284
2857
4164
6113
2824
4726
959
3457
9196
9685
555
9087
6433
5110
2800
1784
5762
1165
2217
7272
2007
3114
9009
9764
2563
273
3350
3362
643
9013
637
5410
7000
9601
5054
997
5376
7369
1318
4705
3920
6326
9914
527
5879
8978
9961
1773
6375
2918
897
7066
1480
4918
3609
7400
2876
2101
9571
1747
3720
1053
8999
6518
2369
8998
8164
3083
4263
1542
1095
1382
1061
6002
7677
1117
7840
507
177
8123
4848
6974
6030
3903
2346
1443
851
3821
6155
2230
5553
2237
2459
451
6785
8834
4307
4217
8341
9149
2179
4893
7006
2147
715
3787
7821
7396
2025
7473
5715
2280
9042
3266
6568
1035
2766
7149
1474
2538
8536
4251
1947
1931
8077
3217
7260
3739
8518
1176
602
4800
945
247
3890
9487
2935
4197
8892
6775
4044
1871
6431
8771
1556
4849
5801
8061
825
2787
3572
800
2204
8314
718
4693
5094
2944
9749
3293
9459
6610
7868
4671
8006
4532
5025
2401
430
6020
1792
8979
3939
604
1279
6216
2978
8870
2526
1777
7291
1736
3946
9946
1315
4448
9965
1421
3910
155
4323
1815
590
3007
6903
710
4802
3951
6086
9231
9688
1204
2511
8757
5231
1013
4252
9919
1229
8652
5476
4782
2433
1561
7193
9071
3306
2091
2649
6278
648
3982
1945
4619
274
6644
5889
7936
2843
3976
5674
1212
6053
6080
4460
3124
3079
6300
4733
4877
1023
4845
7115
4186
1549
165
5850
7481
6823
3431
3020
6491
4611
3226
393
5605
3497
4873
4896
9403
3993
7537
349
7933
3145
7752
6058
8927
2650
2641
4471
6210
69
8599
3355
9146
5725
7791
4565
6417
7199
2715
2116
4787
3281
9004
5185
3289
1178
9024
7222
7872
3853
7479
6267
8871
1591
9325
3604
4130
7853
5441
6712
2413
7940
5757
7662
7692
6212
5862
304
163
8301
3502
9562
3227
2789
364
5694
5538
6987
9175
497
9221
5439
3078
4889
3866
3069
4585
4369
2450
2110
5214
642
8263
9138
6400
5720
5274
6608
14
4942
750
4816
6007
6064
7434
8475
6707
8738
1605
5142
8240
8112
7781
916
7412
6842
7569
8042
4151
7139
5554
6279
4979
6019
738
8300
3957
7289
3493
8367
5101
245
7832
6457
5146
8922
1998
5392
174
8271
1543
9972
3649
8902
9349
132
4336
1553
2960
3642
9552
234
8676
640
9092
9536
158
4420
9199
6352
8026
8773
2595
5008
1397
5017
889
371
4030
7123
8749
9180
4232
1724
8454
2733
9836
1948
7381
5449
9361
2989
8146
215
2032
2422
6537
8846
1850
5677
629
1738
3825
3024
1864
4203
4079
2799
3540
2327
6385
5806
2121
3062
6729
1161
5711
1256
405
9346
5134
3430
6247
3896
5244
7762
6744
1326
8140
2990
7759
7306
9152
5082
4668
9553
8582
1265
6905
6344
7323
2276
4412
8608
7974
1264
9858
6313
7546
6996
9732
6543
5458
2549
9942
5951
1703
6146
9201
1073
3886
3033
4141
1462
8204
5480
2171
5009
5279
4876
6690
8469
6138
5689
1530
8440
1770
9131
9039
4634
8953
1969
307
4911
6248
9514
7431
4333
3483
7763
7628
1246
9608
5429
1249
9912
9495
7951
1342
9085
2823
5112
7517
1753
1681
2852
35
6732
8575
8176
2741
6989
7351
8024
680
9178
7165
1335
1381
2725
5808
3505
5815
7209
6224
6970
593
170
8550
8206
3196
323
240
8383
1573
8658
3979
8297
6754
1714
7159
3949
9586
767
4962
8220
7612
2740
7614
3
3544
2585
1241
5182
2399
4700
5066
8908
7394
7792
8618
8400
7406
3193
5252
8461
7437
2826
3912
374
2353
3018
4899
3581
7355
8607
7269
3816
55
981
1144
1562
9077
6371
9359
9280
9618
3602
79
9430
4919
6614
574
3256
2545
4526
6778
3887
5057
2086
5758
2067
2314
6329
2606
7656
5398
2755
7278
5406
7659
5427
9930
514
3777
8737
4805
1442
4627
3406
8754
5527
4129
7866
8718
7174
9321
9379
6363
3462
5798
1394
7043
7503
6068
253
4852
6078
8289
6411
8992
5739
5513
59
2111
9540
3534
7335
5596
6740
2891
7232
9450
5657
9708
8585
1464
3651
7405
2045
3966
617
8191
1167
2393
7176
8731
4823
2485
9308
4199
100
5201
8660
8065
9791
1973
1327
8491
762
8841
815
5336
6856
8675
4373
7641
8210
1780
5595
5445
6365
508
8087
4859
9385
1423
7561
4704
124
6874
9316
759
271
6219
3023
5570
4212
7263
8534
3580
559
3704
3404
6758
2201
6119
7198
2625
1310
452
5979
6700
3989
9503
2739
2088
6819
9902
578
9913
8368
7864
2033
1812
8391
920
2366
1295
1820
7956
9235
8172
5761
4262
6337
5660
6743
4085
7699
509
9815
7147
4776
7515
8281
8427
8891
2992
837
3724
5991
9364
2845
9347
4211
2853
1810
2557
8920
5243
1511
3832
5975
3549
3163
5086
9509
6881
6978
3295
2928
2009
4810
6206
1932
6211
8964
1123
4398
4584
9062
4577
1063
4801
6887
173
1836
1005
3571
8886
1062
7605
479
3043
906
4880
3141
9673
1155
4180
847
674
7470
3104
6314
6217
2530
737
1114
6151
7056
910
1893
5028
3618
6617
3367
7831
1886
5588
5437
7558
2338
2867
4394
8034
9855
3964
2354
7712
5545
2588
3166
2274
6872
4106
4884
6843
309
8766
8457
2194
8017
6926
6593
6833
5931
5161
6368
6
5420
9660
4357
2430
3334
2811
4311
1769
9736
7361
9099
4727
6893
1532
2974
4001
986
6114
8445
2564
4553
1683
1440
7679
9666
6432
8200
7373
9699
3712
5114
9807
7120
2705
4975
1448
5308
192
2158
1682
296
2334
1020
8230
455
4586
5280
8620
8487
1560
2134
829
3944
5637
4117
3447
2961
5512
7869
5166
6927
1244
7609
9162
5613
2239
3231
6218
10
4417
3529
2951
6829
3870
1674
5864
8069
6106
6136
6824
5210
4837
1409
8125
3237
7899
3410
4991
6734
702
8537
121
6253
6663
6099
4554
4485
8196
1641
5202
1749
187
4486
6542
159
8797
6023
2068
2431
998
7880
3762
8679
5115
6331
3684
4632
5759
9318
7497
8407
8525
524
4926
7002
6741
4674
1669
4939
3532
5876
8103
442
7575
4402
2896
2448
5814
7619
4353
8252
2842
3686
7177
1975
7545
6041
7773
4563
1341
7795
9460
8603
4493
3453
6181
5678
3535
2887
2447
330
4302
977
225
3828
8386
9973
9519
7345
7514
1733
7548
1010
9865
8904
2132
4061
8814
5174
8369
8617
8996
6738
589
7772
6200
7801
8940
7415
6011
8437
8331
1601
4023
2670
7061
4908
3745
2743
2986
8533
9506
1610
5803
2115
3860
7073
1466
8966
8572
8119
5900
9900
318
8732
9556
8453
2164
5053
7483
6447
328
6639
7048
8245
2954
483
3839
6586
1922
4306
2966
7883
5582
3109
1854
160
8835
9700
9926
6675
3187
4083
2470
9084
4742
2469
8593
5845
5023
8591
2301
8124
1485
9104
5058
807
2494
9375
5011
7867
5817
6150
4038
3764
3475
2358
6871
9746
5260
1289
2021
8641
9165
3354
9
4048
5490
6870
5641
354
4288
3131
1173
9625
9822
893
7207
1524
1867
9986
5880
6749
9950
3563
607
6295
3436
3797
5373
7217
8052
7621
7024
1983
3771
7846
609
2428
4898
5578
3151
4667
2702
7735
2140
6848
3300
6879
9003
6370
7070
7862
431
9748
8334
5323
772
1313
1972
5795
6906
6896
4325
3090
7261
952
1056
5615
9079
686
588
7171
5084
8070
9878
634
5703
9056
5671
6830
2367
9588
7892
1830
9091
6173
1141
8579
1262
9057
2660
7875
6303
2029
5921
348
9745
868
4716
1626
7825
878
1801
3345
2454
9840
4024
101
8443
9680
7474
6394
96
9718
5204
5050
5491
3248
5085
4052
4437
2408
2072
2453
900
9778
8001
7426
6193
3054
2196
8238
7458
4442
6426
8765
9051
3749
1494
7303
4662
8088
6809
7237
8380
4432
3357
8298
6452
3600
7595
6251
1465
6270
6158
8960
887
6161
9770
7034
5755
1501
269
7450
9483
1540
2084
8860
1152
1785
2126
780
6475
3204
8807
3201
9692
7444
5061
1970
1929
9542
7776
9205
7113
2202
5304
9579
2839
8126
9922
4319
4589
7625
9329
447
1719
1468
1675
6685
1451
6256
8888
3022
7739
6213
9622
4328
2519
4629
3188
2168
2829
7036
2023
4131
7086
9504
6252
6947
3032
620
1992
5131
7446
3260
2508
8390
9585
2397
3271
5402
3222
4502
1269
766
2380
4663
534
4643
5669
7280
9247
8364
7388
2737
4517
2919
2785
8662
6681
5732
1757
4623
4519
6769
6184
8359
6607
3130
367
8490
6599
6908
6534
6165
8507
4866
7885
2290
8775
3692
4689
2628
3688
7241
3746
8532
5856
1284
4551
4093
7847
7629
6065
4874
2389
9604
510
6781
1911
8080
3837
2143
9668
7111
9559
7180
2653
4771
8917
4546
7154
1345
8244
7519
1946
7982
4597
1735
422
1518
1099
5366
1926
4696
1692
3780
6721
295
4250
3426
4475
3577
1071
4612
7630
9843
6904
4534
7493
8054
1925
8320
4430
2555
8108
2001
9130
9276
3838
8180
4425
8133
5629
7753
8801
4137
4005
2729
7074
5159
9741
7863
2279
4599
7363
2988
9727
8236
4342
7761
4266
3261
9428
1096
6777
5825
5964
6250
6916
6511
332
1363
4256
2889
3259
5331
1979
3824
2148
2348
6283
659
8152
3144
6116
3311
8696
9058
4418
9237
7600
2558
6951
3157
7890
7732
594
5047
2227
8099
8473
2482
4521
4181
6651
5079
4676
7698
6756
3343
9283
8352
1252
4560
6174
439
8113
8968
4114
3625
5467
1411
783
2160
6379
7107
6667
2795
7643
3161
1889
4936
7422
8165
9788
1087
3553
2621
3868
8497
4858
3543
7254
3312
4957
2786
3045
4846
3778
9538
1677
7484
4123
4360
313
2221
8556
7693
1366
7040
7695
7071
2004
478
2051
2915
4954
7973
2890
834
5223
5184
4860
545
8439
5209
8202
5589
3059
8405
9489
5583
4993
6348
2754
4088
7944
9682
480
8828
7809
2642
2952
1968
4489
4770
4371
8285
8793
2062
2659
2590
3026
7780
6207
1497
135
649
5145
2294
3325
8516
3374
3564
6051
4925
9958
5727
6273
583
4555
1196
5500
5335
4063
6817
2392
1170
8882
5729
5124
8994
8197
5511
2707
1453
4462
5005
9482
8195
2083
3587
4459
865
960
7213
8853
1800
6816
2293
9214
8779
3014
853
1664
2666
9172
4888
898
2821
2968
2570
3474
5799
1916
8322
8589
8498
1764
6315
9249
4743
2680
1383
914
4824
4507
4537
5687
6259
3897
5997
2419
4057
1642
6525
9631
8941
1857
8167
432
7309
4329
1953
4482
9192
4927
7764
4379
1828
258
2914
3864
3858
6822
679
7109
437
3679
8502
685
7794
1870
27
8963
4879
8581
9427
9709
4326
1910
8678
9563
384
1403
1612
9698
438
8918
1709
5071
8023
4795
4274
6596
1631
4917
303
4955
4665
1358
2937
6563
8734
7302
4659
3725
4990
5770
8492
2022
6801
9412
76
6286
8640
8100
5211
570
4145
8686
6298
446
1077
8318
7151
9369
5990
