2422
8747
7058
9477
1550
1333
1194
8882
6114
2677
8159
281
9446
6666
1851
4055
8038
1898
5582
809
4707
3701
4192
2298
4865
373
6815
7609
2265
5132
1244
9279
5105
9501
6022
6144
887
2729
1018
736
8337
8883
2097
1413
408
8342
4422
2950
6520
3075
4013
2929
4643
1870
9369
5705
2789
7084
2102
3999
777
6980
9721
5663
8607
1796
8460
2894
1210
8656
3991
7764
1467
5618
1616
9342
379
8399
6791
6469
5464
3958
9799
981
219
3963
2015
7375
3489
982
7549
3178
247
4144
4119
3775
10
2252
1731
6795
4250
6298
8057
5762
9795
7703
7158
4317
6613
103
5448
730
2468
4714
4547
7771
5595
9771
1008
1752
194
1903
6881
8142
4843
2798
1442
6025
2239
7431
4087
9677
9534
7892
6274
6252
2659
2627
1180
1654
7726
3237
3800
5208
2665
2541
7716
6230
9529
8555
781
3066
2671
3143
1236
7086
2924
6002
352
8506
181
9982
4761
5925
8594
3446
3643
7074
1626
2666
4379
3201
4238
117
6377
2700
8397
2064
6981
4684
9348
7468
3648
8973
2976
8384
9364
3823
927
3439
9299
6935
1705
7937
7403
8953
1462
7169
1726
774
