3895
2817
5043
5816
7046
3882
5183
2554
6375
5461
9809
5871
3883
4031
9513
835
8951
3905
7117
979
129
1153
4955
9855
2458
8012
7253
8502
4322
9954
9456
5152
260
3148
4326
323
7203
8149
5100
4042
6188
8450
9708
1706
5941
8564
1416
1934
5270
4106
7328
5484
4669
6670
9067
8485
1978
800
3918
1986
8576
4504
9547
550
8695
8782
9384
5559
4770
9492
1327
1509
2429
5226
1251
451
9046
407
3253
5028
1690
9069
603
1120
7108
9984
4255
4673
5591
8649
6763
5012
2497
4585
820
9218
6730
2910
5067
5707
11
7065
3150
90
1569
3869
4360
4859
6202
9503
4812
9650
8711
3133
1998
9434
5557
8064
779
5995
1127
7275
4343
9025
3713
4575
8335
9865
2236
6353
7889
7764
3963
9
1897
5232
9898
7924
4582
7441
4276
1053
9460
4138
2537
9304
2279
8629
6070
1246
2405
3513
8515
7761
1497
6602
4207
6883
7056
8094
2220
2053
4237
533
2103
5251
361
177
4774
2090
5768
602
322
1994
1778
7589
3119
6034
4356
1890
5199
143
9034
7824
5766
1575
337
6462
7181
4757
7386
4938
7745
572
5641
6519
7873
564
1939
3784
6435
1015
9838
1436
2032
3669
495
302
4495
9242
9114
5124
3443
6014
6264
8986
5227
6423
3709
313
6322
5334
309
6101
4514
1289
1813
2375
8070
6538
5315
7609
1759
199
8310
6774
2874
9815
8901
3888
8854
7122
6383
4496
2446
5
7064
3790
6474
3664
5355
7366
5802
8534
9508
8891
9088
2014
8280
5750
3752
6075
9762
750
1960
7534
3712
5622
400
3314
3747
4141
4580
9176
58
3838
9264
8008
7406
6118
9994
6881
9805
2631
2851
2957
9238
670
7391
9975
4828
1911
3923
7212
9424
847
7232
6910
8197
4839
9153
6973
8876
3401
1066
841
525
5294
8240
63
5533
1177
6531
5288
9227
3425
1433
2525
1577
5649
8401
1391
2636
235
8373
9741
5077
2683
3877
1085
5182
4022
3700
2217
3433
9758
2845
8016
500
1973
3685
3277
4877
4526
1885
4340
8201
7495
2079
9296
4380
4846
8858
1297
4740
8254
1100
2457
2332
262
148
3187
8155
7663
7803
6141
3708
1449
5841
9297
8849
5612
4705
6175
560
2861
7380
140
4413
1551
7616
8582
6326
192
7277
3222
7132
2109
1844
9423
7450
7633
6128
908
1199
4346
2654
6597
4658
7425
9244
2119
2582
7842
1142
3519
9905
3387
4688
8565
5755
2997
1078
1683
1840
5351
93
581
4978
888
2096
2313
749
5907
6334
1708
8843
4097
4017
3884
1532
3200
816
8600
2234
8930
1350
5693
3702
7412
3240
6526
6662
9170
6488
1975
5108
3831
9463
7240
6870
5537
347
9835
7017
4253
2416
9464
4960
1945
9626
3207
2511
6787
9457
3826
2121
789
4204
3362
5915
7299
1750
2647
4997
3767
8621
4510
4057
2589
667
9137
332
1810
4368
8320
4182
4889
9926
3376
287
8275
8172
3921
7288
9763
3931
861
2672
5616
3039
4359
3294
5486
7398
3631
871
705
6637
3113
8944
8893
4830
6711
2312
960
7091
3509
2283
4823
3463
5015
1528
40
1128
8650
473
4555
5835
3302
3383
2971
2837
4152
1946
6220
6915
9037
6077
6817
4037
3516
4046
7557
8767
2331
5772
1491
7174
8909
3132
3692
6341
406
8351
9790
6023
4741
7507
8140
9459
6217
9256
5968
5536
242
3373
7130
4231
7794
304
4148
7732
238
5200
1791
2643
9683
9090
6728
8096
9231
3467
6689
4927
7931
1096
267
5221
1573
2904
8801
7558
7185
2567
5681
5197
431
3703
55
4406
6942
4870
808
2354
2250
4655
3932
9165
4920
9060
5127
7714
587
5150
6808
33
5367
6358
4850
1571
1217
6491
6772
2737
5543
6685
3587
906
9272
4614
3174
7506
2584
6492
3098
6776
6205
646
3192
4977
6158
887
9461
1990
4427
9166
2521
3361
9341
1655
3639
3833
3218
7594
9383
6035
9913
8713
5541
339
829
2469
7662
9901
3101
1764
4476
2387
3029
1282
7555
2407
9103
6692
8416
9524
9493
2516
9606
357
1002
4958
3805
4458
3063
831
4583
1730
7601
5926
4990
9105
782
3076
6197
8747
5459
4989
5856
9664
7477
51
8508
5418
2884
721
7079
7005
7405
6432
8158
3731
1716
558
4321
866
644
9982
6783
7474
2543
8292
570
8419
2199
6245
7464
7559
9981
1899
5874
3292
2602
6983
5095
9246
2615
3530
6633
9621
6409
6366
2007
1682
1609
5089
4931
8753
2379
6934
1083
1227
8727
1667
4511
7695
4165
2566
7686
974
6087
9442
4800
1291
2305
5044
9222
5452
6000
4470
9182
6875
493
2917
4567
5145
8470
4283
7782
2246
1691
8233
2996
6663
472
3714
6004
6453
6710
8523
7434
5918
9006
7639
8257
8166
3748
2440
6173
6451
2084
680
8128
1245
8556
6667
9340
585
6907
7352
4243
6405
92
2671
8400
9596
8780
4593
5119
7712
1141
6895
9161
1123
2666
8092
3058
9653
547
3567
6620
1421
496
8136
9387
6956
745
5636
372
3170
8519
6055
9716
7236
7800
1963
5669
9537
4487
8098
3428
9739
3589
6082
4919
6219
8699
2021
3663
2527
3570
4327
4578
5075
79
9711
7463
2263
5628
6007
9699
8552
878
4516
1099
928
7146
9658
7128
7342
1165
539
6605
8412
7114
5578
1430
286
4838
4500
98
9409
5769
3766
5546
3149
4130
663
4802
2452
5895
7215
5787
3649
3129
9676
3599
6273
7913
6718
1256
4350
5428
8473
4292
9744
2627
5904
6315
921
5747
4365
7456
2669
7590
3418
2495
7778
4929
4201
5581
7951
4139
8410
8103
6
5877
7624
5176
6493
3134
8173
681
4595
9421
5953
5654
7516
3919
9026
4724
5606
9284
4170
6305
8618
2242
419
3989
8448
1429
3246
9910
4586
6434
402
7290
7217
4319
9375
2125
6946
6227
794
2813
5198
8800
1903
8487
672
5682
9066
4278
8748
688
8072
5909
526
5072
2559
8860
3104
3004
7676
5876
3907
6238
6225
6611
