2944
4560
7577
8650
7515
4231
1885
6440
7423
6081
4678
1566
3926
3815
5043
9798
6828
3039
3433
9332
1718
2500
343
2957
9944
4049
4228
4350
9613
2277
9241
8624
2088
2236
8879
6826
6132
1059
3363
9375
6264
7614
7564
1288
7516
9094
5613
1904
8834
4024
5812
5845
9387
7110
7381
424
4037
5364
5121
2422
3350
5361
844
2613
9506
6409
9638
3048
1539
6224
7619
6229
7689
5756
5516
4077
1484
2939
3794
3444
1571
7819
6142
1715
7205
1035
2795
2063
1595
9770
1803
8716
8515
4615
1026
1591
1431
1371
5920
5959
6332
3253
6369
1441
853
1916
2654
1039
958
4547
2191
2363
6173
257
2741
3743
3287
4629
7446
1126
6183
4562
6535
218
3203
9315
608
6756
7021
6202
7204
6995
6135
7996
1485
2295
4059
4891
6358
2446
4460
9740
8110
4216
3346
902
6665
6911
3271
1022
9416
8059
8018
3284
6664
2449
6968
4386
2971
2317
794
3445
8935
993
6305
6326
2836
9418
573
1499
4862
7050
4812
7104
483
1806
594
6012
1486
8617
5053
2521
9748
7030
1419
5204
2815
7925
4696
1899
7746
6319
7398
3468
6236
2194
6375
4356
728
3027
8759
7384
5849
408
6216
7456
2130
3538
9609
7843
3871
7810
6902
9039
3874
8227
7644
1954
5412
4419
1448
6588
5092
6686
5246
2273
2025
7236
680
3698
1101
5534
7661
1200
4617
335
1597
8570
126
7533
368
5042
8729
4584
6299
1844
3423
2793
9366
6574
7762
4009
247
209
5564
44
5192
6556
8630
2493
4164
8262
4753
2982
5846
2167
5851
1436
2585
5379
233
8080
4079
92
2142
4485
5402
9211
5261
9934
8776
182
4384
7017
2175
2769
633
3581
6450
1960
1166
877
6473
1955
5473
6097
7882
8035
4571
1281
3106
1165
9369
3726
7814
7199
5810
8304
4982
4996
2351
6383
497
8594
2802
9360
7148
627
8473
6581
5755
1607
9054
4650
3930
1540
5341
5842
7594
477
8591
6009
5885
3886
1708
2669
9862
8469
7981
781
5295
4800
1173
3294
5650
8888
5622
8681
4632
1308
3837
2951
2752
9358
6967
8642
5371
2670
3207
7788
4489
4723
5928
714
9372
5045
3901
6498
8263
6387
5561
9941
6335
4336
5918
8542
7193
8242
469
3876
8606
3765
4867
3756
731
4080
1378
8700
7051
941
6599
3164
8240
8221
276
2657
4841
2409
8422
4853
1664
9471
1869
1017
4969
2761
6530
3652
678
5646
2050
5133
7604
2841
2733
7950
305
5243
6529
9658
4457
6987
6425
9278
8195
2414
8425
7177
847
5329
6094
1268
2983
2461
4185
4093
1837
449
9415
1771
637
3914
5427
4303
8999
927
2099
9709
6644
5151
2393
6638
7343
4469
6598
7525
8363
6491
3112
7936
1285
3501
4495
144
3430
6882
3305
2892
4648
8383
34
1264
6037
546
6476
1000
2916
7118
2688
3246
4929
6636
9732
4789
685
8437
2141
8658
5598
2644
3072
2114
965
3141
3521
9038
1588
3158
642
1053
