7296
3495
8354
8535
7390
6006
9887
8722
5493
3559
795
3893
9877
7132
7376
2773
1572
6579
2014
4478
2725
559
4619
2706
6132
8973
2855
3979
2235
6037
3941
4694
8580
3684
7649
9414
1155
6666
740
4237
9662
6956
4161
1495
6452
8654
2904
3204
6668
3745
1537
3177
3170
443
6046
5716
7889
6948
3861
6405
423
3778
2287
7672
79
5573
993
9845
4596
8267
153
3939
1727
6294
6964
2246
8332
8873
5352
9127
3213
4179
8248
9000
3717
850
3456
5916
7934
9805
7559
8569
9616
6914
142
1741
3631
953
2602
2564
638
9682
7552
3709
5674
7714
9429
4802
8263
1955
5357
4011
7403
5411
5119
6635
3342
9373
6158
6680
4162
3130
433
9637
4218
7974
1104
7405
648
5396
9267
2174
3402
1110
9555
5655
9355
1677
6164
3439
742
3462
6817
9031
170
1444
7168
20
910
8274
4006
6597
1013
539
1828
8368
5690
6853
3983
9098
8383
7951
5944
6652
7129
2882
6716
1430
1387
7110
7133
3366
2768
8724
6383
8294
2231
9677
2703
4808
345
9036
3803
6304
8981
5894
2965
4734
9756
3397
3178
8563
2550
1220
3741
6384
2051
7547
7779
8686
4343
4572
1356
7994
6630
213
3221
9139
8884
7399
6343
4331
321
8379
387
350
1070
8871
5068
7384
7434
5047
9416
5033
8410
1347
1383
8162
3763
7969
1051
8022
9375
8459
1001
8077
9594
7353
5059
4427
275
3601
4586
4126
614
1458
7592
6739
1600
5934
8619
1967
5570
3163
3217
9737
9540
2741
7275
7123
5962
1065
2687
9101
2412
6426
3181
5295
9701
1480
8078
7527
3597
8554
6601
1498
4674
3985
2901
3642
8747
3140
1253
310
8427
7871
9938
4567
2895
7705
4104
2606
8591
1317
8912
6245
6172
8882
6307
6385
4803
6124
5753
2648
5632
9933
8953
1675
955
1192
1036
2020
6898
8592
2947
1793
9329
6376
329
7946
7931
2833
5289
5911
7522
9949
4203
2286
9181
161
7602
1893
9204
5050
6077
7441
7248
927
8178
9057
9385
6983
1665
9289
6166
7550
3544
2674
88
1916
6388
9501
354
7858
6397
5714
8161
7002
4885
9868
6926
3302
4871
4832
7697
366
5191
7677
3520
9005
9039
7003
8730
5309
3164
6670
9201
8748
9156
1134
7821
2906
4471
5374
9620
4875
7494
3334
5991
1291
7282
5739
9668
2721
9801
119
5845
5420
8225
7632
7750
5438
3667
5497
5755
5810
9759
813
1240
7320
7562
4033
4
6895
1022
4021
9859
6253
3656
1075
8586
7179
4984
5088
8943
6510
6615
7715
3719
5912
6267
9193
2660
3226
7473
4618
6701
2127
4697
3330
1270
7157
2260
3299
5035
4912
3512
5680
9654
684
7302
6696
8639
5906
4370
905
9724
2567
8321
8373
652
5270
4102
1554
3026
2874
2465
7020
6636
4247
5908
4315
1466
613
4494
3074
1500
4965
5091
5176
1591
8916
2107
3275
2180
7235
6400
2565
7989
7732
6170
4762
7883
8135
9082
7466
6191
9658
8677
8492
6104
1841
9086
8732
6467
6146
4445
6182
1062
6331
4338
1284
9913
5285
143
2091
7050
4531
2709
3080
2745
1152
5635
5057
6365
2400
4230
8204
3628
7017
727
990
9539
2229
2523
3205
9804
7347
4416
4055
3620
6730
3337
7869
6466
8690
3406
3442
8469
5300
1006
9401
3319
7834
5581
8858
9789
1768
626
7818
8400
4595
6209
2593
8175
9657
4387
6432
2722
172
1523
1267
5781
19
3005
3388
8424
4275
6180
2035
6887
3730
87
2303
5491
5979
8896
401
6292
4292
9806
7612
9673
3323
9591
4884
4318
7734
6509
1113
229
8030
7899
3486
9813
5063
67
2541
9972
6341
5639
363
620
1322
951
6096
4810
8017
2501
2193
8595
9097
3317
1354
5506
8352
7349
6961
1122
3361
639
3312
4817
7146
8192
4637
6072
4078
712
1760
4497
233
3386
8711
207
7903
4377
5480
8167
7343
5042
6508
6171
9072
2762
8065
8456
8136
9836
6685
681
9746
593
3968
5046
772
6581
1283
8769
1183
2905
7760
6684
7851
4782
5913
195
7273
8879
8634
287
9490
7645
9755
9722
5390
1133
1386
4035
1318
6967
9340
775
6127
5700
3137
6080
82
2207
8108
3825
7824
293
2313
7896
190
894
1211
3589
3333
4117
1972
2536
8762
6794
9386
7879
277
6393
549
7532
5302
4050
2109
9932
2396
6134
7342
1799
6401
8153
6556
7465
4435
6690
5606
8504
6261
7788
1847
5015
6274
4650
9233
2425
2232
3496
4329
3703
8600
1228
2701
303
1846
6244
7005
4486
5333
7053
4111
9033
2661
2096
8026
7894
8419
5548
9452
1191
5852
994
9255
6554
89
8636
1963
1504
7986
5976
8593
8547
8238
6224
8995
9869
1928
3131
535
7394
159
7990
7274
1327
907
6505
5006
2886
9094
6374
2803
6011
5737
8196
3032
9241
2072
7241
7501
6097
4747
4684
9996
9727
8458
5752
4309
717
4143
2319
554
941
4294
1226
2395
3749
2243
3542
9480
2483
6457
3577
8709
7027
311
5197
2659
1426
7943
3987
5184
9302
3276
8218
9356
184
6539
9489
8299
2712
3038
9920
2244
4776
3171
9112
7372
6937
7485
5554
4535
8581
5550
6518
3772
2205
5432
7995
7029
824
4761
9610
1792
2166
5794
9052
995
5977
6830
1782
9967
4448
7747
2696
741
4573
900
917
8798
3088
6162
9125
2038
4153
2772
9786
8059
2291
6355
1007
1645
6561
6858
4529
2390
726
6269
6410
4234
2524
9063
807
563
217
5348
5417
748
8454
4669
8040
8110
9397
7286
8514
9238
1095
1256
3526
2206
964
6949
1639
9012
2097
9040
6165
679
9067
8850
305
278
7046
8984
7654
337
9986
6493
9399
9346
4431
1638
5879
8809
4794
8777
7392
2710
794
3414
1819
1078
8603
9808
9051
9707
4176
1755
221
8366
4843
1304
8170
885
7643
4235
5319
3666
1998
5011
7583
2514
9061
5409
1864
4014
5110
6008
5272
1438
6724
2436
8317
1011
2758
7872
3283
3550
7389
2731
4811
5790
8048
3318
9343
763
349
341
7317
3250
4789
2678
8510
6088
7443
5394
2853
2289
35
112
950
1616
8133
9628
5742
765
2403
9199
9858
5882
174
2432
3035
7471
1452
2871
9291
9212
5000
132
343
2015
9607
9083
6793
6559
1397
8109
6603
8220
8177
9627
3837
9942
2209
280
8786
7065
5148
9477
111
7847
5903
2349
6863
4672
3067
6357
6352
709
8166
7158
8038
1898
8720
3169
3732
5860
9467
348
673
2306
584
550
3260
2707
918
6855
5528
3231
3356
6306
2653
7310
9612
4201
5587
2736
7400
4812
6200
8033
3502
8888
8020
7606
2089
1571
3517
155
3189
4971
8899
1285
6069
4426
3997
876
6842
578
6617
1149
7262
2779
4341
9002
8625
962
6408
6720
396
9129
4197
3618
3057
8452
8894
6285
9426
8307
6782
5509
5098
5169
6429
8807
3962
9726
7625
7537
1870
3560
2837
671
5626
7369
2431
15
7970
838
2836
2094
7236
6641
81
8779
954
1162
2607
5825
868
4793
1000
2261
5355
4180
3007
7335
2796
6982
7462
4913
6477
8
8206
2742
4124
9975
6840
8094
6465
6250
1767
5745
8927
2408
595
3938
162
9572
2640
6776
8051
2479
586
974
2517
4398
9719
7765
2058
1574
4562
358
5886
4934
319
7996
976
4922
5926
9850
9903
674
735
8407
5040
3016
9320
1981
4447
809
7504
3453
9886
5256
9985
3593
3253
6057
9577
3767
1807
9525
8425
4232
9514
6998
474
8227
1274
2662
9161
9895
6110
8500
9359
7404
7939
645
542
4920
7802
1289
2115
255
4738
8832
2224
1496
8313
7190
5951
1953
6064
1549
6284
471
7513
9369
4517
8693
6028
588
1722
1281
5206
564
3630
8287
7811
7629
4653
3272
7515
8261
3609
9358
4643
3710
9732
6367
9106
1711
1189
3605
226
3738
4834
8883
2592
7658
7431
193
3428
8005
5489
8446
7641
5532
5515
4127
5538
1717
9962
3672
6880
6105
3234
9651
6657
192
9290
7464
6047
1625
7083
9811
4228
2453
3876
7535
9376
6612
4147
8868
7915
5611
1930
7200
9633
3076
4961
9198
1804
4948
5872
5830
2746
9828
7433
4467
5750
4064
5529
3029
6882
4536
3045
9613
1416
1251
3165
5988
2238
7482
408
8670
5313
1092
9372
3511
558
1239
6321
1674
3615
3856
9738
1908
1210
103
7749
4745
4954
9712
698
5930
5985
6453
8097
3754
3910
8649
5382
5858
2084
5114
4872
4515
5471
3079
7516
8243
7119
6214
1472
3691
9645
5754
1439
8687
375
6178
4863
4759
292
5175
6991
8010
1197
9736
6242
5857
5188
7370
167
4644
4594
4627
7428
4590
8688
9929
8812
8838
9469
2394
7587
884
6988
5588
5530
5192
3760
6213
6070
7816
4209
3742
7177
2570
1163
678
1509
2785
3394
2992
929
3844
9692
9406
3532
3465
4719
4085
6318
1303
5594
9614
8773
2357
3833
7737
5340
6633
3008
6968
234
9200
753
5378
4720
5871
1848
5707
7043
4493
7560
8316
452
8130
457
6557
1902
4374
8165
792
3292
4904
4311
3839
4215
1533
4679
8733
1802
156
4666
1985
3929
1263
1725
573
3114
6654
8914
651
2347
3014
2542
4949
7776
2068
5507
1582
1640
8795
3474
1905
801
2823
5147
4504
8457
4120
4901
8704
9440
8234
9259
1614
9959
9187
1609
4651
2690
2009
9764
3994
4212
6523
326
1563
2177
3209
9770
5051
4103
1840
6112
886
1667
2251
2559
6661
8750
7124
440
8865
902
135
3335
8340
827
3988
8323
7387
371
1994
2030
5787
1686
4772
9566
8376
7755
4575
6308
3739
1254
3869
4029
4874
2801
4141
3365
4227
9314
2110
7006
8471
3053
4953
4796
5425
3010
5583
9215
3639
5447
2300
6960
8945
3944
597
2406
4877
8507
6602
4099
6033
5702
4806
301
3039
95
1508
8790
5666
5275
1818
3879
661
6594
1358
1811
2799
2202
24
600
1306
5914
1209
3896
9803
6114
8986
3168
3118
2599
6350
2140
2960
8909
5243
4438
7590
6305
9322
5077
845
2747
7267
8861
814
2787
368
9672
2372
8819
2948
9931
7961
5349
9638
1173
7121
5292
4389
3198
4571
8791
6834
9766
7440
459
9257
107
7401
6076
9733
9249
4816
5132
9256
6987
4205
5743
7321
8371
6860
3587
3048
7258
4631
521
572
1258
3662
2346
2789
538
3215
8897
407
3995
5733
2571
7862
330
4980
169
2694
8825
3920
2323
7692
6143
2705
1719
1787
6536
437
6039
9428
4446
8682
6337
2610
6348
6464
8018
4173
5959
5090
2885
9844
6584
5847
2288
1474
306
2671
2299
1568
3530
9360
785
6050
751
7630
3636
9338
5470
9871
4008
3491
2813
5553
7556
6538
4495
942
405
2120
6607
3001
6327
1131
4255
1611
7553
1313
754
1243
7092
5007
3027
3058
855
442
1225
4648
2923
5525
1789
261
1836
5301
7570
5878
7415
4160
7166
8757
8983
5947
2590
5749
6441
7338
8155
3480
3521
6395
7442
6549
4509
8226
5647
4432
5274
3175
4751
1407
2088
5804
5439
2897
7616
2626
4444
3621
80
6833
9378
6534
4149
3922
8179
9476
3314
4098
2324
1012
566
3894
5802
6419
470
2977
1099
324
3321
7056
2619
3779
6099
5123
2259
9928
1252
4317
9832
6806
5070
8193
2245
376
9120
3900
9361
7198
5081
3720
5109
7838
2616
1247
7184
3945
8174
8761
4829
214
3037
7621
8441
1323
4927
6278
5964
6377
7666
8485
2293
7219
116
7057
4443
5424
5052
7329
1365
4285
5592
8908
7673
4928
896
5170
5591
5989
6868
3492
5793
5266
7820
4321
6371
3565
7042
1031
780
680
7958
877
6845
1724
9317
3731
4244
4748
9742
3936
8725
5369
6911
637
1517
5294
4775
1408
3284
182
1043
1853
1453
6606
5391
382
2474
2530
619
9761
1790
3668
9783
2777
5620
8491
4724
9076
5100
8194
4876
472
6741
3836
4588
9655
4560
4363
352
649
9045
8739
9974
6787
5837
6547
85
7541
3659
3012
4178
6751
1186
6718
7036
1918
