1415
2026
8776
9610
7321
1416
4678
3071
5001
5261
4491
4332
7167
4425
604
5665
1013
7959
2603
7786
642
189
2282
7076
9709
6302
3697
2864
9635
5548
41
453
2700
4578
1032
320
2395
6812
886
1867
7730
5837
2351
9617
7355
15
7224
9944
3483
7193
5327
4646
1667
2554
9754
611
5414
5596
1083
6283
8195
2318
9442
2535
6766
4899
1540
966
1039
5692
9308
8284
5176
2054
8621
2285
1194
7684
9712
3195
503
8635
1238
8763
2579
2989
9246
3616
5208
8234
2118
7601
903
5794
898
618
7311
8300
8956
3801
3781
4402
1717
1890
3184
8430
1558
7281
5027
8922
979
9043
4945
6485
6760
4691
3055
2720
9161
9636
3154
4084
6741
9962
6470
952
5822
9385
689
270
2829
3936
8279
4304
6034
7941
1421
7052
7302
4406
6028
4039
6237
9777
853
9096
3336
1008
1385
7516
6438
8662
6375
1010
2221
5485
1772
7593
6527
7563
8993
5038
752
3068
385
5008
933
9507
2156
1538
7141
7416
3535
3016
7090
1922
6811
8964
9615
6995
6640
6672
4735
7385
3910
4371
4268
5872
4182
9550
504
6127
8794
9478
2009
9259
8729
5745
2312
2837
5787
4040
2559
1948
2840
6179
497
5591
7451
6226
7661
5958
7600
3653
7511
877
424
8679
3220
4897
1511
342
4362
4680
3233
3995
3560
1171
896
7317
7772
9747
3119
5885
3494
1571
1560
6782
3431
1664
4617
4604
7984
772
5185
2978
2528
4270
2212
6679
7502
7634
1227
1589
4111
7936
1464
8111
4752
2430
9160
171
811
5305
4073
4602
3532
2307
3248
2544
522
9897
7358
703
3384
4797
2143
4721
8467
7648
4767
7639
8816
6564
2839
9678
1184
846
8737
8785
9324
1490
7414
3260
8781
3796
2786
5136
7897
3191
8441
6631
7429
5776
3756
7113
3709
4316
2205
2499
2287
238
699
5482
5247
1081
8535
2959
9882
1282
9020
5646
9015
4785
645
6630
2183
6776
8940
5244
9856
8187
8176
4466
9224
2732
6318
4541
4128
4481
3597
1301
579
8874
4242
8203
73
1797
1215
5436
697
728
7367
5221
2982
9503
2200
6216
1056
5456
4034
5560
9449
3043
2075
2733
4218
5531
3807
258
3144
1602
7376
4935
5767
411
2690
7811
4917
9669
1634
9230
4473
6607
957
9273
9937
8055
6761
6938
7720
9052
5815
6402
6711
8210
1270
4351
3696
2189
2591
8703
6011
2707
183
8367
1389
3792
9650
4676
4672
7240
9745
3216
2880
887
5546
9790
3499
5321
8131
3847
1120
4395
9744
484
1067
556
8141
6577
4293
5473
3221
194
9302
5064
4861
6372
3132
7312
2580
297
530
6703
834
769
416
4930
2942
3453
8619
532
2662
978
6045
7926
9676
3641
2509
3393
6863
4588
426
6370
1735
4240
5481
5570
4520
750
1022
5631
2929
4889
6397
381
315
7981
3552
216
8997
388
2165
8026
5492
4548
6368
3769
585
6017
9225
7537
6706
2360
7059
1435
8617
9330
4740
4683
5661
9987
531
3202
7598
1037
6535
7810
3554
2612
2080
1828
2526
6647
8215
6834
1882
1116
4858
4786
3245
8154
5449
7157
3282
3642
4086
7022
6010
5088
5667
421
517
1820
6196
7394
4758
5625
5956
3966
4493
6129
1755
3605
7813
8292
2468
1991
8209
6388
4116
5773
3827
9470
4313
9062
2190
9732
5316
7226
6609
2316
1600
5303
1220
5544
67
8531
7676
166
1100
986
9128
9166
3991
7239
5006
1624
7829
5726
4704
8985
6442
8326
6675
6490
4312
6600
8313
4568
9949
8232
2785
6955
375
7078
8185
591
4877
8265
5067
3122
7785
5389
3255
2895
7690
9553
3053
7449
8954
4954
7098
2762
7913
3536
7769
5679
7005
9682
3735
7455
2699
5471
2610
1452
4611
2704
5010
7610
1848
477
6623
9491
9030
6359
5307
2248
3489
7979
4050
4563
5827
1043
2907
3961
7756
2377
8796
8828
1424
2006
5237
1692
7656
9918
7304
6673
9496
7889
8108
2428
455
8647
3990
902
1344
8602
5005
5677
3927
891
4556
8882
6876
4361
9620
5317
8100
7187
5802
4207
7268
6781
9474
6348
7095
230
1157
9143
2147
4123
7778
7682
7036
9099
9000
7735
5084
417
5009
7980
3018
6250
2374
5813
215
1612
5272
5351
2751
3741
9288
9498
9315
1615
6019
7033
7108
8553
5242
4866
9493
6524
5735
3604
7766
8607
1621
4049
2261
4043
4470
2154
4745
7070
5691
1180
8522
7172
2796
2787
9146
9505
2008
9019
7771
2400
8405
8652
3328
2921
5431
5472
5587
4962
3534
8
8084
526
5309
382
692
7132
5177
1018
9951
3593
1370
6124
3412
1341
1224
3496
594
3471
7028
1893
7205
6847
964
4523
791
8317
6407
4166
9365
9351
5701
3982
3595
1482
8289
8226
9990
438
8303
8053
9260
2905
376
148
5902
9530
671
5163
731
7134
3793
9130
6088
6076
6604
9839
4942
248
350
5021
2480
8548
9548
8908
839
5329
2078
9321
29
9587
9357
4964
7031
223
9112
7200
9539
2343
5282
2632
3067
1661
7973
4178
7968
7477
8460
1109
3093
9500
3632
7626
108
1342
6038
1263
2411
5541
870
3192
2352
8013
9420
1570
8593
5515
9190
8958
2144
7482
4698
2678
2220
2525
6384
4337
1075
9707
2885
2584
5406
1613
5593
9066
511
4455
3034
7043
816
8036
4504
4993
6222
5576
7487
9375
6978
8787
5051
100
2244
5228
2314
4902
9619
1978
4459
2000
6023
6625
9
8563
8324
4216
1708
8809
8521
7069
6119
5424
3751
9515
5004
5586
4226
7781
1418
9101
9316
6810
3381
4508
1545
8864
9397
6514
8858
2028
4634
8869
4574
8786
1638
6881
9425
4202
5116
9347
5752
506
7842
1123
2354
9977
8449
5616
6582
5458
8698
7710
3681
2293
8261
1752
9736
489
972
4019
6627
2070
5149
7346
9536
6708
254
8716
1765
84
276
9344
3529
1000
2954
3469
664
7363
7084
9436
860
848
5844
6632
5080
243
232
7662
6986
3589
4319
8128
9733
9891
4638
3316
3051
7849
1910
2046
6365
9367
3861
4457
1226
781
799
6621
4064
2622
6425
841
8530
199
2488
7341
6759
9173
5145
6616
6029
8654
5748
9416
4868
9441
8205
8311
3062
5239
3399
8021
8370
1495
5532
4941
5297
9596
4757
2718
4382
3274
1644
1732
8178
9018
161
6523
7489
9929
9779
4763
6074
9940
3329
7561
8881
2817
1907
990
217
1506
9887
7932
6207
2489
4052
7533
4854
3110
592
5312
9711
8016
1439
8674
8302
6037
7237
7843
1050
2158
196
1200
9037
9943
1280
7220
4210
9634
3849
8605
756
1647
311
6263
18
2022
6657
6329
2793
1640
2306
1387
6851
4499
2125
6301
774
3533
9922
5131
151
8023
6502
7065
3839
8735
4333
607
3411
7430
7922
7745
8666
4160
1541
4222
7399
3925
8498
2711
6751
1980
2381
6083
3986
7519
1431
437
1230
2146
6042
6953
9079
7927
7917
9036
301
3102
5227
4589
1986
1192
6287
8115
8273
5019
2634
1403
5722
2365
4960
5708
3947
6593
8722
872
6026
7971
8711
1588
3773
3186
2922
9132
7869
8743
8603
2378
5069
6642
4227
2645
5718
7082
3507
7379
2308
7751
9104
8650
3829
8050
2813
4239
5162
6464
3214
9311
7140
1645
1913
448
5980
5166
3894
1149
949
5152
1731
4309
5198
4603
6634
1254
5682
842
5769
4955
5521
2777
5816
9045
4682
4264
2024
6137
8818
8712
1329
8996
157
9452
3777
6332
8307
675
7991
5101
8161
7517
730
8601
1509
2109
7089
7578
9073
9652
1419
6580
2715
1900
8774
8559
5785
7528
6501
7362
9241
3017
9291
4204
138
1577
3743
3318
1576
7616
5404
8224
1761
4510
5621
4492
6160
7762
179
1879
6209
8778
8636
9226
6104
2965
3302
6054
5365
3573
2042
9694
2730
4494
4018
6538
8586
8935
7782
290
492
4538
9573
4428
2719
9070
2614
8870
8528
6638
2315
7254
8425
6961
2350
2012
1047
8358
3809
4957
7515
8162
4661
5535
876
2358
3054
7860
4276
7857
4810
5398
9076
3030
2171
9758
8945
4154
823
2552
4728
8692
4177
7831
797
4144
1422
8403
5912
6546
8364
5423
1690
8376
3897
5344
9975
8549
711
6032
7556
9348
5206
1578
4026
3161
2628
9298
1299
7330
1950
7887
3962
3247
8353
7597
9453
6880
8140
3497
9568
143
6085
9832
6383
1174
128
4530
8241
8963
4815
1014
9625
844
2508
7058
2957
7173
6808
5849
1267
4997
2676
5048
9258
8238
8973
7277
1842
4170
9238
2130
5516
9078
6474
6056
9797
9531
8345
822
6763
3795
4618
8389
6337
6252
7689
6455
7903
9419
4274
4594
9913
172
7674
4695
3124
559
1002
7403
8020
2594
4552
8911
7146
8905
8645
3015
880
1562
7067
700
9626
7305
1357
2577
8811
8301
4702
2661
9211
2975
4985
8921
7374
1758
9812
2416
6452
275
3137
9456
9934
6008
9082
4396
141
529
2199
3640
7817
2984
6541
9413
735
4928
4995
2043
6475
4006
6796
8416
331
4474
1090
1319
4606
8471
6214
6622
8523
691
951
7462
2151
690
6878
365
7731
9666
4258
6956
3268
4321
6000
6233
3621
7398
9957
1712
2323
9612
5589
1499
6801
4820
9773
3082
6295
7480
8309
924
5852
2763
6755
2477
6932
3845
600
4587
4874
8624
1785
1059
6871
2738
5394
7912
8384
387
3176
9479
90
9701
862
1934
4623
5018
1666
5905
7298
2424
5087
1448
8259
4981
6141
5581
753
7522
286
8849
1268
9176
5105
1865
8541
9482
145
1940
7419
2852
1204
2853
7861
3826
3889
8444
5494
739
7693
3276
2278
1181
9374
4845
7400
4855
9750
2802
790
8419
2782
6413
4782
3050
5500
7636
4213
4004
5192
1283
5050
2545
9140
6658
2986
7175
3874
8264
7554
3403
9458
6560
25
2313
6954
8949
7604
9886
3998
3952
5283
7055
8753
921
6814
5520
7333
9664
2550
404
3133
2440
6730
9004
5379
5013
4811
2755
9782
2338
9215
5584
5978
5663
1715
9207
8893
6651
9411
3174
8455
8543
2215
3358
5115
9272
5860
9214
6534
8695
9765
8661
8644
7115
391
6248
8074
2821
206
3716
5796
8091
3516
8802
4281
4379
1365
6827
5059
9049
8011
3956
6208
3424
1015
9583
9582
1709
245
2977
2077
1021
5526
1334
1845
1196
2911
7701
7637
2406
5786
1060
9153
3778
4331
4007
1791
6940
8267
6344
1686
5347
4409
476
2141
2044
785
6539
2607
3896
3407
51
5907
937
9386
7552
5801
4913
5367
9849
2533
9023
1889
4306
2485
4174
1891
7283
287
6101
536
6255
2069
8686
2275
7481
8482
237
4640
8130
4624
2671
2409
8507
6421
1004
1697
534
5480
9985
4876
2050
4298
5645
718
4771
9233
1952
1432
2505
770
6716
4328
7163
995
2372
9996
640
4901
8211
9668
2652
6957
7902
628
7659
3627
7629
5934
9967
450
6948
2356
5382
6187
3303
5741
9065
4685
4775
1330
1880
6354
3028
4419
5705
6408
1085
4707
1796
5097
7378
2512
6980
2002
2132
3924
7729
2036
5335
3881
3079
7130
291
8655
8758
7287
8862
6428
1459
86
3185
723
4512
3893
6071
6373
2996
2934
4076
4146
273
3571
8109
9850
8879
1668
4670
7264
6454
7938
3675
9802
5598
2669
930
7259
6293
8248
4809
8925
3178
6102
7570
1500
9058
8067
5342
2897
102
144
1973
6417
8371
6540
3129
1740
1924
1546
2740
7323
7116
4903
2398
670
2195
6903
3148
8031
8649
4124
6520
1760
2939
5575
7085
2867
1019
361
866
9594
8670
5826
1911
6277
757
2600
408
2004
7685
5377
2490
3419
8410
4447
9457
4219
3646
6503
942
7871
1487
2086
126
5100
7150
3937
5295
3983
3463
3799
8450
7096
9670
6039
1306
1704
4172
6157
2566
6012
241
338
1795
581
9335
3726
4061
3985
3440
244
6415
9852
6820
5652
4825
174
9888
9737
9325
2170
1737
9806
3958
1296
9125
2520
3557
1054
1769
3355
3473
5319
3485
5919
6098
9455
1496
6414
9970
6605
471
