149
720
5636
5481
2358
2967
9787
5836
1367
8562
6097
1057
8437
4006
421
4268
887
9505
3038
7381
3522
1606
8296
7481
7546
4288
3140
4420
2311
5512
8041
5168
5533
8040
8576
2851
7104
5902
6813
913
9873
3377
6406
5571
7758
7227
8088
1830
9234
9171
25
4064
2683
9603
8648
5663
9273
9777
2781
9987
5844
7410
8686
4214
4781
3017
3991
460
2181
281
3722
8196
1620
9109
2002
2216
5165
7988
8555
3277
1260
5160
7808
6747
2631
6998
5893
2877
7469
9493
1901
6497
3825
1831
5333
1432
9255
3692
9655
2695
8033
5086
5095
8115
8553
7750
2008
7149
8839
2111
628
9939
6438
8585
1926
7036
5771
7437
1163
4463
2814
7934
167
1807
615
8978
908
7573
1660
4429
1005
1675
8950
6318
1229
3214
3856
6957
9035
2849
5623
9106
9345
6310
3829
5718
7899
6476
7371
8900
5778
7851
621
3403
1816
8536
9121
4396
1284
8546
2021
2224
2350
1289
8592
1532
432
1531
4272
2232
6359
1403
5782
2271
140
6862
964
4770
9714
2375
6044
9571
951
2266
7567
606
9182
6676
965
3952
7035
1669
8593
4228
7349
7372
6727
5958
9439
837
