7842
3535
7462
4098
6182
1821
8743
1468
6721
3890
6237
4817
8047
1836
144
466
4408
7714
2171
3451
6339
9813
5483
945
463
9043
2519
5618
9590
7087
8730
4960
7970
5759
8075
4207
7677
2441
7324
8957
8898
1191
1137
2118
3632
4784
381
2487
3234
6446
8892
7951
600
4205
5648
283
2948
5586
6981
1266
7128
7744
3731
3346
3425
4910
7172
4365
5974
8526
274
5103
5989
1792
1859
1939
1683
9219
7835
8784
7831
3276
6983
7006
8305
5248
3952
1154
7103
4888
8948
9035
9446
6471
6767
857
2732
3065
3595
3071
9900
1291
5743
6697
9413
3978
9585
7830
2250
4224
5707
3492
9080
6391
1027
9039
9879
2876
7067
9076
1178
5032
3518
7876
5130
9145
1517
8637
1763
8124
9985
88
8250
7385
7089
241
9969
1303
228
3611
3011
3130
6755
2761
4883
6895
5650
3264
4454
1564
8240
3123
6133
6066
727
4730
2021
5839
519
6021
1444
4766
8631
7569
5499
6031
9515
3921
209
4116
4676
4450
8451
8760
7223
1255
3699
3661
7653
6879
7442
5847
2725
370
4028
3774
1931
7490
6382
6015
4381
7437
3032
2126
5067
1193
3799
5882
5583
5108
8956
6298
9030
3293
1930
4792
9878
2084
5255
7560
2919
6506
9840
3040
3375
7303
4564
2419
3772
3705
8034
2197
9489
3351
9460
9568
4060
83
4094
6049
2251
8512
6897
5809
2129
3735
954
3866
9370
3939
7420
6827
6460
2745
9523
8801
9253
8858
3102
5805
3016
8009
7877
6768
2738
5371
7778
5538
399
362
6589
6668
6714
9562
7625
9759
665
2315
8610
631
1015
5106
712
5230
9414
1138
3107
1495
7256
1869
2774
260
3117
904
237
1225
394
5929
2518
1308
2269
5541
1923
3891
9104
6132
4956
3671
1637
270
3624
6840
2397
932
1588
3667
590
3597
61
1456
6603
8517
6821
8487
4314
6279
5780
6847
8321
5558
9037
814
4906
6877
8030
875
1098
4921
6394
7941
1934
4119
2287
5692
8817
5306
5828
7551
9324
8605
4214
4217
91
6247
8413
2370
6479
7926
9662
6342
3519
1413
9189
3396
7529
7336
6023
2660
5566
9701
9371
1241
6366
2411
9386
2442
9689
426
1323
4733
8914
359
9307
6399
7198
9963
90
5392
6605
9364
3601
9041
7215
5856
2777
5838
6080
6527
2325
105
3036
7008
6905
5905
7078
2317
4431
6546
4401
1728
4584
637
5932
6641
4726
4498
4568
1948
2750
6224
6346
1094
2022
1686
9987
8120
3356
6223
3843
3214
7680
7211
8751
2024
4762
1279
5204
5532
3961
3173
9621
4853
3222
8868
2597
134
8811
299
1322
9982
2189
2034
1179
8700
5730
9113
6797
6545
5945
1610
2008
7082
4677
4965
3411
6163
3008
5855
8154
7601
3864
3301
8606
4555
9882
1352
1530
6861
4304
4620
7535
4083
5077
8837
8208
2995
9615
2884
4607
1567
5113
7618
6374
1652
5595
7165
5556
1848
4199
9023
9419
3000
9012
7139
7524
4195
6334
523
5119
1917
5390
2602
4469
1944
2658
8135
5269
6618
8563
7622
7391
8035
2062
377
8412
4575
4760
9880
800
6095
911
5723
3590
2343
5273
7988
5842
7555
1575
2049
4465
8211
6408
9258
9141
7389
7858
8272
3656
1401
9257
435
6343
7058
5433
5394
8884
2222
3765
5169
9864
3134
8327
8506
6906
3809
3746
3090
6944
6458
6018
1827
6415
1820
2935
5438
4349
9024
6402
8274
5383
7519
6162
5469
5144
5565
601
6384
6300
2191
9491
9415
5693
2169
1283
4876
215
4655
9244
5320
9380
9817
8443
1329
5404
7326
2503
8320
703
529
6373
9754
3790
1222
6429
8181
9066
5603
4537
7595
2320
8778
2182
9368
9885
5573
38
3710
5107
8877
5197
1866
6299
9049
9507
9431
3753
5338
8538
3162
3018
9603
9773
1164
2784
4367
1045
4126
3612
8062
4387
1658
3111
4410
7743
5551
351
4582
7523
4662
5584
6961
8300
8119
1315
9056
8435
4957
6978
4680
4340
5395
3691
3150
6447
2882
6773
5600
9100
9977
2718
5018
7895
7711
968
4945
7590
7134
8804
2819
1976
7424
2779
5140
5766
2587
8090
8358
2339
2588
240
1871
3805
9763
8677
6625
6594
6255
7517
1310
6006
8336
1873
6971
4882
8912
7332
582
5039
7187
8580
8621
1777
8755
2838
9177
3615
7053
6845
2589
1196
9682
1982
4045
9313
8839
324
5523
3841
4777
3231
4049
229
5468
8221
1979
8415
4425
5351
3678
7157
291
6146
6001
4598
7393
9875
5699
3560
9928
4177
1217
1397
7423
3592
8586
1067
9063
3110
3443
5576
4433
2011
9726
7203
6276
8688
6738
7077
3419
8633
6426
7752
2610
7637
9331
9559
5200
3830
8818
5232
4833
1174
6524
5222
1335
4720
6352
364
7668
2937
6778
1437
3256
8169
1234
7793
997
849
2520
8862
3390
7689
4681
1235
5307
8711
5150
7381
3283
8577
5389
5317
8363
2256
3639
8521
8104
4446
2908
8212
2435
1486
7897
9819
2272
8157
446
3998
7367
1883
3367
9648
9658
4950
1911
4977
3340
3539
9592
8976
6328
2104
2196
4577
952
4110
6010
9204
7014
4318
8241
157
7207
2275
3020
6570
5606
8652
8945
1767
6868
9027
2649
4057
8545
310
9552
3485
5978
4540
5675
9479
9787
584
2064
5148
5516
5291
8151
4062
4812
9593
2533
5087
1759
9936
701
4710
3936
3426
1349
2156
2327
4699
2292
624
8155
7917
1985
4807
4394
6573
6463
9541
9154
5227
8989
1257
6419
9085
1025
1596
3279
3204
2365
491
7783
2
2805
1666
2835
2890
8405
9034
8863
6439
1228
1697
1509
6608
609
903
9403
3331
71
2416
4772
1662
4969
1040
4953
2383
8770
692
6012
9571
8966
6775
6707
2570
7335
977
4160
8977
9222
9715
9661
9892
6204
1023
1490
9843
7450
4502
2448
4319
2685
6752
1032
1650
7609
6736
2726
3594
1139
7390
9616
7706
8733
6957
4824
2801
1366
9051
5734
448
2663
4787
6473
1574
2458
5092
1125
5358
930
1459
8666
192
6677
1941
5093
4962
5209
9816
9429
4308
64
1084
7493
8557
5682
2414
5965
9561
8794
2201
3603
3194
3138
7380
7593
1933
9825
4422
4427
5798
6835
6607
1415
5372
4868
920
4865
8232
1293
7774
4263
7549
1347
1290
2676
2369
3407
4684
877
2377
3531
3447
9767
6867
4641
4783
8382
1522
4306
148
8602
869
8670
7072
3416
5369
1540
3972
6898
5210
9707
515
486
5508
5746
2551
1733
5288
618
6198
3759
1576
2263
2481
4849
212
7647
1150
4556
3919
8033
696
3712
6793
8026
4666
6077
623
3631
2968
9924
4871
8944
8116
3263
7600
7631
4011
8871
357
3497
428
7104
4567
3312
9439
6008
2665
518
1762
3494
7961
9069
9193
5764
8714
6472
2167
6783
1703
6682
984
8902
9687
5254
1207
2026
3793
5360
4457
8161
4671
671
1364
3819
8829
3580
286
7397
8974
102
9822
2673
7558
1194
6994
6683
1921
7534
6558
7844
621
8972
2828
6414
3622
6988
914
5220
7112
9731
7470
2611
897
7106
7889
5022
1691
4482
7153
6963
9484
8511
7933
8543
1857
8565
5129
5684
6642
2811
8370
5443
24
5681
4464
4273
7034
3239
7365
2526
3151
6064
7003
3806
1432
8198
3880
9132
3779
2735
131
6316
438
5587
2113
8789
9243
7703
4781
8916
6781
9114
6526
8424
2755
8005
8446
8769
723
683
6304
5074
2549
9478
2047
6263
5493
5686
9402
6720
8402
8400
4930
2493
8366
6765
221
3410
255
8707
7076
7554
6659
9790
9068
7888
4931
1096
2840
1632
505
5890
4958
6233
9640
312
5446
4780
5321
6739
3059
1551
5709
7722
3164
8142
1895
8639
2364
9356
6152
4660
8510
4390
3515
4262
2991
6363
2135
9015
7723
3852
5511
5577
2950
6663
1510
1037
2557
7012
6332
8628
2586
785
93
5971
6175
3598
3259
3408
4942
9898
9428
2149
1171
4632
4106
5824
5391
2133
5110
267
9939
3305
7130
6910
670
5064
115
5736
7868
6164
7629
3218
9423
4251
707
7494
3868
5295
8729
6829
3292
2849
3476
907
6604
6710
9768
9282
5946
7823
801
9514
7040
3344
9167
6543
5455
1131
5117
6281
6671
4532
4107
4667
9581
4188
3230
4341
7281
5867
5711
6120
8508
1548
4902
3803
177
2615
6438
8057
6556
146
2782
6407
7108
117
6997
4520
1189
6747
9312
946
6560
3210
1226
9606
5801
2922
6240
8828
4157
1693
3949
1219
2548
8949
7202
5142
3142
8787
1117
8590
8735
2312
3250
5349
3567
2591
8764
9730
6921
6885
7611
3968
6982
5878
6283
5755
5036
7461
664
1252
304
1737
976
8494
9556
7231
2959
3700
332
5952
2802
1305
2077
210
7553
3585
1204
5529
3192
7183
1082
8162
8303
6135
2510
1453
1741
20
3118
4769
1663
1214
5471
4934
266
9032
5081
94
2870
7503
4822
9146
5708
6533
8003
7922
1365
2313
2218
6690
8696
5663
3200
3132
4968
6869
5216
8763
2089
1507
1538
936
1111
7316
5033
6386
3941
3128
4738
1981
3478
1128
2831
9444
8498
7834
1425
7123
6186
8394
6003
1773
2671
5236
4462
9286
7248
9678
3075
2483
8771
4052
6011
239
7672
4508
1544
1142
2748
1592
7746
6519
4143
8152
9221
5229
8431
3120
7927
6648
622
6147
3371
3552
7338
8550
7475
6839
6261
705
1475
7331
3662
441
1903
4837
360
9967
6534
7581
7864
3811
8122
5860
6808
263
4948
633
6222
4823
8662
9002
5442
113
3593
6191
6619
3049
4350
2003
9625
7186
3882
8291
9007
5224
323
5480
7193
4301
5365
3270
9907
659
2170
599
200
951
497
745
1966
999
1601
2335
2562
803
400
1156
6870
7648
4507
3636
6155
4561
6815
4139
1676
8189
7946
7516
3347
2855
9919
410
3246
4313
9868
5189
6575
4847
795
5188
8374
7526
4802
6286
7507
2053
1970
4558
3637
8697
327
4741
4474
8060
9622
9670
2702
8695
5635
648
433
3960
3754
2987
3648
6689
2964
8082
2515
3087
7145
8576
6691
4725
8802
2185
4320
2852
8548
4601
2054
9144
3026
3596
3581
9493
7287
9407
3818
879
6322
7349
1878
6572
8362
8679
896
8556
4134
6686
7407
6774
7565
5420
6817
3649
2764
7975
4800
2505
9424
9165
9315
2639
9943
5599
1675
3788
8147
3903
8598
7133
2938
235
4288
4079
5695
635
8133
271
257
8982
1558
8440
853
652
3689
7509
7795
2046
8289
9968
9549
8312
1134
6139
6220
8273
8251
9171
1079
4389
7733
8245
6160
1690
5608
4757
5560
6318
2767
8927
4289
7455
4108
2998
3749
7719
3215
4370
5145
839
2814
4873
9277
1502
8177
6404
1635
3380
2847
8410
334
1514
6791
8689
5943
9729
3252
8329
8836
3166
2311
384
4383
1477
9365
348
8444
9418
4093
511
8955
5181
7433
7280
4001
5747
9289
2210
5898
4244
411
661
2374
9613
3197
8554
9245
3716
7662
3761
3502
8064
4448
7313
1199
2872
8720
8226
4258
4563
5454
8389
605
5179
1916
6725
5233
2466
3273
3722
1879
2396
2119
5176
8471
227
6528
2492
3856
5741
5052
6074
6285
9830
3109
8159
122
9499
7982
8434
3140
681
5527
8093
5627
8980
687
7512
4118
2264
3812
3946
9692
8098
6909
3388
9578
4815
6058
1816
6416
9019
7643
1336
9448
2512
6818
1127
2329
3209
7114
1609
8176
6364
4154
6977
3440
7440
9394
923
6137
1628
1140
8139
3690
6894
9497
378
308
2418
9065
7482
8514
4120
4046
644
245
54
4112
2924
325
2152
8499
8909
8109
12
9702
2069
5667
4080
7062
4576
1261
7033
4261
8185
9223
1898
6601
8220
4373
4230
1399
1716
2936
5886
2620
6931
8897
6854
4437
3262
7561
1546
6841
322
2850
1685
5954
9901
7765
1391
5478
9449
4489
1972
2494
9241
653
5515
3048
2656
8881
7738
5182
352
5621
7634
2289
994
5997
5316
7315
4382
8252
5719
1906
8200
5554
1704
9654
9472
7994
4257
1407
6114
8017
1607
1625
4569
5522
5000
3967
8882
