2619
8895
6672
5372
6762
4426
1278
6539
8911
4704
3943
6620
6613
9645
1630
6372
1306
2370
1163
2932
2000
4280
4915
8335
9920
5316
3591
6491
4116
4480
9081
9922
6270
3309
891
4283
2880
447
800
6721
561
6527
9182
4070
2098
9407
3902
1507
2095
1577
7866
8469
9550
1589
4866
9222
848
92
6456
4785
3360
9704
2460
7826
4206
4192
5570
7486
8665
7769
9322
3436
1804
6159
5785
6727
5627
6440
7558
4293
2319
4232
3822
5012
613
5897
3359
7524
1206
9121
4355
6101
7201
9200
1934
3146
5736
6469
8920
3954
3081
5129
1649
3985
3785
4959
6410
5001
1270
2611
5398
6468
945
3694
9426
7398
2290
6194
8175
4131
2879
6142
9249
9383
9611
3223
8436
2779
5924
2760
7345
5284
4877
462
2321
492
9299
3050
3275
5499
1458
2429
3879
5972
2459
7489
7368
9618
9235
1729
3273
3510
6251
4335
4263
7042
5302
1449
2104
1978
4987
7085
8503
2215
9376
809
4425
6775
540
8800
9415
4714
7379
899
2414
5656
9326
7955
8235
9070
8005
6935
3545
317
8863
187
251
5981
7856
1933
3544
7672
2010
1457
4722
5288
3900
7481
3152
4159
2573
4473
8299
1399
8352
2953
2480
7708
1606
7876
556
9881
1793
8017
3812
523
996
5281
1277
1286
9325
598
6307
7333
1256
2127
8291
706
2861
7957
8555
5086
4755
2548
9450
1823
5943
4829
1908
3552
2972
8603
8915
5225
2244
2206
691
9887
8759
2409
6289
8463
5175
6355
8822
7440
5067
396
3218
1142
5520
720
3497
9140
2510
7658
400
3278
9473
2316
2511
4346
6174
8435
6141
4922
1096
2825
8871
3735
145
5100
8501
6167
1126
1812
8032
3920
8449
8095
9314
1508
8530
7921
6384
9967
2741
2634
6857
592
1054
5112
1462
895
4073
889
1676
2388
1570
8019
9142
7582
1132
2487
4509
4197
1295
6735
6648
833
4787
6661
5082
5754
5637
1579
4737
4622
9402
482
2699
8865
7426
5066
1849
9859
5036
8946
7476
4518
8629
7258
8300
4571
4219
9831
8381
6318
353
4445
7838
1421
1785
9825
8116
8765
2485
1266
5183
4091
1136
3330
3723
4717
3251
461
276
4799
1578
9686
190
3664
3772
8986
5728
7702
4489
4164
5918
5376
9476
8987
7808
9996
2870
2586
5046
7246
3390
2442
4560
9877
5559
1741
6025
7909
4854
8312
5023
8814
3809
7772
6126
810
77
8468
2005
319
9884
6512
27
8383
6899
7945
9812
6220
3676
970
7983
1745
5581
7424
9038
9742
2664
524
4964
8904
3802
7544
5171
2713
3714
7234
7301
349
139
2357
1566
9894
9893
5466
7082
3710
8399
7052
4241
3818
955
9125
8543
3549
1086
933
2008
3897
4142
8498
6172
8850
9569
1627
3415
7409
7110
7403
9654
1820
7514
1709
3160
8864
2884
2687
948
8722
764
5564
9582
7907
8611
4991
7177
192
172
2154
2560
5007
5596
3614
5530
6749
8327
7947
663
4039
4658
7326
2234
9434
821
7033
8324
5547
5617
1236
4993
290
8680
1210
2141
7595
5615
365
7782
6772
1492
5958
8744
4629
9318
4942
544
286
989
902
9274
5517
3400
8123
8301
158
9790
2417
5387
2142
9559
1470
9155
9350
5174
8505
6169
7923
7329
8359
2147
4905
4586
3404
9305
2895
615
1283
5526
5321
62
8983
8157
2917
7734
8960
7519
5140
2270
4474
3789
6020
2974
4466
2872
2376
1031
3838
7479
5875
1187
4475
2446
8518
4507
8721
9759
5756
3457
8666
3562
9975
5304
6362
1229
9016
5542
411
6816
4133
6224
5369
7704
9022
1997
480
6486
7811
1487
9982
490
5096
116
9228
1935
191
1433
6261
3492
5307
6685
6293
3892
1122
7699
6944
1829
4161
2940
6255
1381
785
4038
3261
1039
9115
5967
4340
4341
6740
7885
134
5777
9509
6375
841
3531
4911
708
3091
4344
3754
6438
4792
8601
623
4255
9617
371
2557
113
2648
5837
9149
2111
2243
2849
1744
2599
4794
9931
5865
6622
6786
9705
6530
48
6974
1055
2256
4443
7773
8969
8598
7911
3815
5167
7137
2632
5556
533
5199
6712
8375
765
9555
3993
2589
969
9878
2192
2020
6510
8480
3667
4517
2230
318
8455
2624
1489
2090
2826
1942
3426
6258
118
4637
5971
6673
2927
8731
3568
6707
136
5375
8478
2462
1197
7798
2418
7673
9017
4048
7832
6849
6078
3979
2063
167
7688
7064
8392
5246
2120
3315
1816
3428
8574
9207
6689
6904
2143
5393
852
3013
3590
1805
2536
859
201
5045
6607
459
2049
1979
3687
7387
7391
1490
9708
1250
7330
814
4660
6133
4933
2448
5505
6139
2271
1832
1932
1439
9401
3969
2400
9368
1068
2397
6120
223
5775
6612
772
1739
2474
3533
5477
582
1493
2677
8380
5870
2627
8289
9328
8397
7757
5202
3121
4384
8069
3052
1073
5623
2218
635
1644
9804
5579
4176
4670
2026
4769
5371
9670
2723
3456
2369
3235
2523
7830
967
8688
4986
7349
7880
1952
3894
8001
6845
162
3958
926
1438
1643
4852
5430
5868
316
5292
8942
7626
6626
6485
5880
6617
5144
7536
5257
5178
3034
4595
8823
6284
22
2075
2078
1065
5161
6755
7634
4104
2132
874
9226
2753
4217
7689
6505
4768
1081
1176
8568
2106
2355
6960
5156
9826
6843
6171
2056
4546
8202
3846
2871
5205
5895
6096
3933
1159
9296
3383
220
4009
3625
3195
7723
3011
983
1264
5771
2079
4659
4565
9293
1362
9260
2798
1702
3878
5842
1894
2846
7417
988
464
901
563
9277
2504
3693
3096
4712
937
6637
2987
413
5083
5213
8635
4099
3695
8810
5092
4612
6187
1927
6785
697
9427
9513
2094
6511
88
3677
6216
5709
114
5106
8844
4357
1061
657
4214
4523
9829
1692
4265
776
6350
727
2213
5938
8533
2775
9496
8588
4619
755
1130
8997
5631
2470
531
8466
80
7762
7366
3335
1101
7895
1149
4316
7736
6317
379
8590
5696
1893
8653
8329
7008
