3873
4432
897
1286
4535
595
9456
1900
7523
2410
6091
6828
2436
2677
567
330
5744
801
9843
3140
6585
7932
7624
1755
8046
2887
5529
2539
1605
3422
1020
5041
8961
8974
5755
8529
7510
1380
8561
5974
3718
6615
9693
1801
3224
7828
4533
1692
8396
9719
3313
7241
5094
5861
9608
7336
4952
6190
8771
9495
6276
4113
8099
5934
6707
2582
1609
3030
6071
8250
7472
2645
2823
8405
4492
8611
4528
1424
1707
7877
1799
6549
5108
9923
4985
5810
9170
6261
9257
6403
9152
7447
7375
2665
8887
1187
916
5056
4810
4166
3013
4282
2115
340
5196
5318
2567
9915
5916
9318
7470
5163
1732
8333
6803
4791
4031
2254
7973
9660
2735
9482
2733
5507
1111
1377
6422
2218
9632
9414
4668
4410
9001
8133
9248
7231
8026
3158
5486
8728
1080
3364
8283
7933
1327
9995
1604
4613
6431
6231
522
5637
1192
7857
4919
2628
5078
5679
9545
9613
964
3802
3142
7457
5721
411
3880
8242
9494
4097
1368
5433
5051
4871
2662
8127
1947
4453
5121
903
7431
9813
5930
6148
4386
4597
3444
142
2986
5016
2999
5857
1781
9786
7073
2790
7525
2701
4875
4763
9754
1079
7134
3193
3781
5045
4422
6196
6144
5581
4523
9037
3217
9360
9216
6725
5438
8198
166
7328
8157
4446
1312
7272
3929
3564
4486
9701
1622
4510
9648
172
2987
814
413
915
4004
9781
693
6561
5724
6974
2107
9221
5497
2395
5223
3130
4096
7683
9630
4472
7058
5101
3949
6799
8702
3624
5593
45
8688
1667
2156
5783
6631
2538
3656
1383
2144
4213
2471
1731
3769
3628
8231
7148
4842
132
1197
3608
2290
9598
4337
2564
6676
6639
6273
4201
9276
8301
4930
6281
2685
3413
1670
4936
1316
631
6421
3340
615
9023
7051
7236
9100
6425
6680
4609
2517
8763
2216
438
205
1637
9426
4424
7091
8614
5988
2859
5279
8722
4181
7216
4713
6494
435
3750
1237
1181
5851
5485
1249
3404
2781
5231
940
7753
4971
525
5066
1190
2706
4440
8834
6907
8336
9811
8418
6800
1529
8957
7985
202
4430
6865
2494
2283
3021
5667
3527
4126
6471
7974
1219
2092
3252
5651
4406
9659
9956
4732
3917
9320
4772
4138
7547
543
6592
6628
9554
8971
5449
7421
4994
5664
4696
3001
8043
7543
2741
7740
5048
4368
3490
8560
1729
4380
3214
4222
1478
1923
2384
7189
7645
6392
148
1491
3362
2499
8332
6287
5668
7435
714
4690
2466
7484
9861
1146
6166
9678
2398
9298
6326
2898
722
9617
2124
8178
8364
137
1537
6473
379
8206
4683
864
770
3668
2995
4576
5387
352
1335
4520
1904
8668
1595
8637
7166
5031
1234
1282
3016
2004
1063
321
5678
7031
7585
8420
7735
3341
5996
6957
8161
5119
6999
6025
6458
7670
3171
8221
5050
3538
3185
7026
4669
5574
6199
9104
9288
279
6235
9671
7508
8627
6224
9602
2474
5214
8922
1013
9007
7514
3274
5380
8505
4524
