3836
6665
4968
1104
1524
195
752
5105
1743
9528
8497
9361
4393
7357
5610
5139
5676
1400
2514
4974
9174
7696
5815
533
6878
8277
4194
2168
2219
6134
8936
2947
4690
9773
9762
9553
3096
4074
9189
4341
2183
3845
7679
5397
5846
15
3871
7377
1595
2615
1757
3646
2955
1036
9930
6259
3058
6567
2274
3500
2265
8524
3267
325
3193
3470
1991
7531
8962
4330
9892
6814
3592
537
8623
7395
7710
8099
5663
7648
2152
8822
1409
2407
173
2953
605
1589
7916
9322
2249
2913
997
4717
3082
1415
5486
4112
3128
6407
447
8071
5140
9500
6568
4261
6604
3704
4995
6841
5629
7393
5087
8481
8795
192
9238
7526
1555
7787
2925
242
9643
8963
6685
502
5431
1708
4700
8254
3591
8131
8987
9050
7194
5266
8596
581
8076
5403
6831
1778
2147
2310
588
362
6651
4277
5354
9904
1716
4665
6436
2041
6141
9169
7783
8498
9215
5396
3557
4731
8710
6008
3970
4527
6400
2560
865
3370
5015
7195
100
7351
3637
8971
5335
5392
9571
1488
40
4222
968
3777
6512
3626
6095
1267
8599
8549
7096
8996
8656
5571
9716
7794
9602
5813
8427
1813
3814
7013
4573
7992
7934
6495
3094
1649
3680
9981
7445
7313
8616
7506
3653
9237
9226
2121
5753
8284
7967
2797
9601
9809
6230
4004
4177
8561
5788
3879
2539
4184
3982
4972
7474
5399
2952
9354
9871
1853
5779
8114
6742
546
6185
9487
4567
9098
107
1444
2568
3787
6989
8365
8173
4641
2638
6930
5706
16
7373
411
883
9687
1021
3522
7147
3270
5034
5968
8233
6013
1689
3121
8056
3347
8282
8211
3896
1061
6682
4786
6438
7183
9948
1942
6672
1541
6393
2886
5351
182
1602
7605
8166
3279
889
6657
2816
1977
9696
778
8553
1719
497
5584
8535
4166
781
641
7044
1592
2819
8635
1418
9551
6387
7467
6755
3659
4554
2765
9131
4015
7690
7946
2900
6622
500
1450
5099
5769
2408
6085
2736
5737
2693
1321
3195
7796
5639
2206
8848
844
6349
3290
190
1621
4349
7208
7235
6760
5047
2001
1533
9052
7067
4174
1092
6426
6915
7071
1869
597
1799
8923
81
1887
4122
1574
709
7181
7037
1433
7356
8785
6454
7187
8068
5535
9848
2374
9811
6513
6886
305
3919
2133
9563
2965
2102
8809
9421
7490
9989
7215
1406
7084
8512
9186
1646
4010
2729
2731
6445
5237
9029
3543
493
3447
1549
5464
1501
4420
369
9257
444
5720
7652
4702
6297
9258
5070
6346
9106
1760
3594
1699
232
5914
9144
2780
6432
374
1391
3399
4149
2282
1532
7847
7234
4118
2501
1226
2946
1774
4889
9907
4788
4816
3608
2203
5502
8154
5079
1237
4382
4767
1334
2164
9269
3770
2676
7476
4262
4138
2427
5288
3863
8629
4082
2640
5627
662
3730
9691
3686
2195
6408
1721
1370
417
2949
9179
3148
9870
2048
7759
825
9092
3526
2491
4695
4988
5066
8644
8865
1231
9988
5811
2162
4334
1816
3200
2248
9472
9586
9045
4416
7182
113
8486
5277
9310
2116
3095
7533
3132
6590
786
5759
646
962
7375
2215
3846
4453
898
4292
7039
271
514
3923
5724
9686
3597
7645
925
4091
443
3622
7826
1707
1261
8492
2477
5008
7820
8618
2919
7239
1673
6873
7598
1467
9401
7397
1431
6752
7298
1399
4769
4000
162
1156
9120
3632
5380
8117
901
6443
7557
4283
49
6876
9300
7853
5840
5852
1030
583
2027
4896
9822
1144
9751
1845
2339
1150
7092
7248
5052
5873
5329
6004
4434
1983
9765
4353
7989
9791
6158
714
1007
9168
4853
7280
1531
3718
5053
8502
294
1244
851
476
8438
8694
2687
5468
9323
7747
9816
5451
6594
2647
515
718
8840
5218
1837
4324
2911
4117
9501
3423
5912
1598
7271
5748
6569
6736
1901
9188
2110
8801
1611
7944
4075
3603
7663
9454
9974
7947
1310
9400
1330
8227
3334
8728
4885
6548
5419
251
584
8107
6242
9064
1013
230
99
2156
4834
2835
7936
8940
8855
7619
1938
9193
2387
1697
3739
6225
5214
5311
6559
1447
4615
986
265
1982
7671
3207
1525
3724
8503
5954
1414
622
7672
5272
8013
3296
863
9388
9071
7465
4209
1403
6210
4757
9099
5892
6659
3605
8303
1425
4343
1885
4970
223
582
2802
7277
5256
6853
4331
4485
2481
3083
8583
2296
4284
1638
3047
587
1596
837
6785
1390
171
3617
2585
6508
4580
4931
5200
4606
2961
7670
4918
4612
1421
5994
6463
3598
5457
7570
3118
2432
7052
5417
4794
5434
7461
723
1042
4462
404
4357
4435
6181
4409
243
7842
6019
7040
7688
961
2009
1538
7986
6485
9584
2867
5504
9547
5179
1305
6125
8606
8646
6845
6566
3165
9925
9363
2707
2559
5429
2241
2935
6503
1322
9433
3843
5115
5736
9952
8722
2878
7132
9367
5443
4986
700
7355
4092
8533
6669
586
787
8095
5283
7057
8351
5797
9636
8104
2457
847
1870
352
9143
3377
6996
7603
517
2458
9368
9339
8286
7470
6381
5984
5386
5991
9913
6468
2112
9827
1308
1530
4726
1124
1862
3272
4494
2020
7942
784
2176
1125
6337
3753
4369
3812
2313
1626
9196
8847
5956
4303
8899
7257
2536
1863
9684
508
2969
5155
1536
8035
2150
9248
5063
3395
6700
6690
8559
6051
6103
6001
3712
6935
8593
2593
8405
5774
562
3695
1960
1111
2469
422
4063
9385
2840
5499
9469
8724
7609
6194
8062
2327
3660
1246
7394
8679
5909
4123
3773
3782
3353
7635
2695
5541
3568
3203
9147
7143
3935
8521
6764
4954
379
4235
5090
740
3869
3911
9486
2451
877
9370
3873
7177
6732
8404
4584
524
5447
3749
7386
1075
2742
8737
2966
9113
2108
9420
4024
4534
1735
9266
2703
330
7625
528
3455
2868
9465
9506
14
2621
6612
207
4599
9683
3940
9075
720
8764
432
8386
6220
6385
6466
929
954
680
1243
6926
4432
6597
5708
2342
4104
6680
3101
