9245
1812
6590
4180
9659
1910
1364
5054
4421
2635
9090
3196
9199
8376
2702
7557
4412
3602
2004
4037
2677
2548
9055
1244
6404
1595
957
4937
5974
3408
6993
6100
9545
7636
6922
8252
915
9280
2839
101
7339
326
1091
8582
6175
1101
3763
9485
3453
6801
7908
7088
4643
968
9841
4463
992
2626
5738
1394
2381
5283
471
9658
4688
7362
8752
2043
6431
7180
6860
1102
3366
1411
7280
502
6155
5847
4177
8354
1326
5331
1756
6032
6807
7197
8089
3657
7186
4276
3491
4712
1648
9566
2258
2625
9404
5919
1599
7904
703
8080
8081
5348
989
9870
1592
7285
8782
8304
5490
4713
2766
6892
4459
5434
6707
4727
4360
3809
4718
380
596
6786
5235
2757
4079
7202
3148
9037
5397
685
7207
4755
7531
8480
3228
6221
3701
1911
8308
9904
2759
6679
7593
5024
3979
4353
4825
8693
3165
704
9447
3138
4885
3374
7954
6185
83
1795
8723
2874
7978
4620
9804
9982
939
6089
956
4280
4295
3733
4954
9448
613
247
8709
654
4254
7481
8352
246
6586
7725
1622
2071
255
954
4197
3128
14
7298
646
8934
6458
137
1844
36
854
7930
7044
472
8458
1836
1969
7572
6785
7813
8034
1557
6069
8009
2697
2335
7606
8145
1644
2366
8671
9360
2284
3136
7520
807
7501
8032
4891
2818
8880
4511
7903
8896
4735
2645
9817
867
3930
8135
953
4764
4579
5017
3240
2305
1469
2014
5822
1079
108
2749
4238
3843
9049
6791
4475
1381
725
5371
8733
5149
5864
1831
5816
7830
333
8610
9969
9211
1902
6015
8863
5972
1627
2493
1859
8101
4522
9758
7132
7169
3772
9259
4358
3518
1992
488
1106
2549
5418
9698
7315
811
3005
7715
3361
3695
5202
8177
5873
3650
2250
2404
1076
5059
9846
9723
7622
7296
7873
5884
6278
9156
6547
7511
1826
6788
6554
9781
7886
847
4859
82
8186
8121
6887
9636
3083
9238
5053
809
2510
6634
1359
7137
3514
705
216
1038
9051
2084
9148
2011
4307
5998
2503
5378
9237
3278
2890
7975
6216
6410
8369
1733
9451
3324
7014
9260
3668
5969
1447
8225
8909
6257
695
7319
6210
7797
5936
958
528
5641
1757
879
2872
12
2439
2264
9726
6181
4294
9464
862
1046
7076
7522
1215
6228
6134
5577
7321
5253
3607
9453
6040
6896
8965
732
461
2287
6631
8739
8648
6772
176
4867
6518
4733
8055
8868
7528
1568
9691
7761
3798
8142
3150
5004
6903
9540
8019
4167
552
3347
2099
6537
1988
8110
5090
2215
4315
7025
3589
5152
3236
9204
3032
3348
4754
7001
6671
4911
770
8063
6038
9678
1804
4267
2491
9108
7077
1880
4425
3889
1537
7476
7212
8531
2261
5637
7788
7419
5446
153
9163
7483
3329
3925
2827
3960
4883
8413
5647
5646
2108
3314
7641
4324
7688
7732
6989
2668
6971
6700
4847
3559
7412
4253
8195
9888
7872
3601
2093
4532
1072
3339
5087
9097
1387
8192
2112
9266
3167
4749
5555
3119
3019
6434
7734
5143
5664
6869
4370
7013
1504
4317
9700
4206
6457
8533
2471
1558
3941
8079
5700
506
1249
3585
689
6512
6915
8492
4521
4012
3844
5016
2836
1916
7313
1501
9553
5328
7
1582
5881
5929
5634
5511
8878
2983
5470
8940
5474
3702
3230
4989
9418
3533
1932
3261
3400
9794
2253
1624
9170
1474
5702
4566
2186
8398
5751
8725
57
8059
4382
6229
3509
5126
7475
5484
9618
5047
5591
8685
7136
6502
7465
6883
2853
4593
8838
4777
6514
7540
7658
5245
2469
3666
7698
5367
7407
2756
7541
3597
6848
518
615
8831
5741
3129
8068
9007
894
7794
4418
55
3037
3161
1998
5169
7083
6644
4011
4654
1877
6719
6214
745
1358
9488
7656
3819
6709
7965
8473
9975
5333
2042
6330
7502
5066
1772
1730
6219
4716
7096
462
2762
5486
7253
859
24
7627
8090
3873
1700
6626
2448
5503
7897
4799
874
6007
3031
4682
9578
6418
7549
3492
9588
6102
7314
2212
6897
4784
5840
3350
9258
3957
4291
6611
8808
49
5431
3883
9593
8885
8502
1614
5885
3063
4433
5373
6394
7596
8627
9370
1925
2062
6358
8600
5408
921
8988
9672
1064
4515
327
4098
5510
2580
5308
8334
7019
9762
168
2855
9912
3410
6873
8474
9452
6838
9019
1165
1939
7015
943
6360
3811
2949
3691
1577
9491
5766
8309
6742
1629
2422
1875
3125
8637
4235
5548
200
4200
4208
4325
8450
4676
2158
804
4674
9030
6729
6506
1743
9234
9154
204
3907
4872
3437
4958
5119
7828
6343
572
2053
3775
2903
9221
7538
8154
2504
1496
6044
7255
5295
3870
7120
4669
9089
1408
4283
8810
1649
793
3185
3688
9009
3022
8871
8903
7384
589
9078
9839
2433
2229
6202
6437
2331
4826
3173
7354
6406
3736
6851
5662
1997
9655
6819
8833
4665
4362
2824
4586
3393
9519
2139
3254
8584
7070
3790
2972
4988
2725
8956
1131
6439
5271
9833
8449
9060
2527
2856
7022
1767
8504
4242
5148
6217
2694
1011
1937
830
9295
4947
2774
8529
9848
179
6991
8389
8865
9957
4113
8388
5374
1714
1900
4334
1051
7675
50
5544
7118
4131
5175
7966
8377
9315
5380
9498
2894
2280
5102
1555
5756
4940
9679
7031
1238
2850
9302
2803
5144
405
5141
7218
1357
2742
6067
1915
6714
2788
3906
1205
9764
4194
7138
5251
1773
6617
4587
7387
8665
1206
2239
3624
5893
4856
6233
763
5281
7630
93
7445
3034
4611
8563
7703
8391
1229
3982
5977
5753
7128
3082
4922
7282
5891
5777
670
1398
4843
9980
6014
3564
7436
8358
1942
7271
5500
9233
3754
6421
5438
682
8974
7010
2360
5145
2343
4758
4201
3583
6200
3127
9445
2704
2596
6834
6085
5579
9699
8257
1635
6196
9528
7037
4158
4379
7644
5429
5645
140
4730
4409
2940
4205
9174
950
1056
8549
8060
8832
6058
2718
6767
1196
4251
276
2489
5269
5587
1487
1300
4892
