4358
8540
2996
909
5718
3842
2959
2133
6370
9068
3116
2032
688
1569
2822
1664
8169
5329
8737
1630
1754
5587
5759
5986
1232
4700
8767
1529
2754
6188
1420
9261
8551
6452
5637
1493
376
7805
2274
5931
9442
9546
3199
4156
6836
434
9229
8669
5525
2137
4341
3661
67
3754
8601
4048
104
8068
3101
2902
8718
3602
4720
9745
933
6454
1932
8396
7527
1121
387
6367
4989
5137
3962
9759
2814
8364
5465
8223
9159
8736
5162
1381
1247
5099
90
7739
2910
6651
7052
7522
565
7763
6002
6125
9738
8278
8980
8872
1470
6598
531
5684
9355
1353
7927
5803
5875
7056
2924
7652
750
858
1742
9086
5469
2524
8175
8033
1572
5640
326
7098
3569
9019
4439
5949
5578
4343
2167
2761
8723
6539
2440
566
3867
5974
3554
2719
4087
8587
6130
585
957
4110
5862
3161
4056
4300
6763
6428
5961
5089
6062
3148
1240
174
1836
4824
2948
2712
3029
5451
4173
72
3650
1200
4712
4753
5624
7096
9007
3230
5369
1738
7254
4743
9653
1897
5618
1331
8733
9604
6095
5445
8498
2083
1636
6675
4462
259
8786
6319
8367
7366
552
4167
9432
1594
