5364
844
467
9180
2162
902
9214
366
7591
4216
3128
4148
7255
5325
34
664
1740
814
6958
7064
2548
1464
1660
2997
3832
1920
2727
8181
9752
1607
8922
1024
5339
9378
3339
3325
2621
9397
3565
9629
650
1115
4570
9520
2452
5393
6704
1813
1232
9949
7813
6418
2169
2225
956
11
6425
2775
5354
4352
5490
7958
412
4593
6786
9014
6410
3051
5536
1373
8289
3700
1243
899
548
5123
2341
7864
7146
9776
2024
2613
6106
3788
3531
482
6783
9709
3515
8344
6972
3364
462
8719
1279
6037
3702
7974
5271
61
4449
7556
7238
6811
3097
6443
3004
6768
3458
5477
1371
7823
1542
3834
7917
5276
8597
3157
7330
2525
867
602
118
4665
4308
914
1312
3814
6331
1582
6152
522
8231
6290
1896
6652
6689
2177
837
7586
5129
7364
9199
2627
617
4786
5693
7595
3165
989
638
6288
6530
6193
6495
5392
8747
2039
8460
1363
6182
4245
4679
8065
6892
6905
1051
5233
9451
6617
3025
2766
4082
1384
6963
6585
5932
6205
4315
1915
7457
4950
4396
86
9529
2654
283
611
6658
9599
849
4007
4270
8704
7102
8101
1632
214
9728
3906
9564
4098
9664
5685
9054
4222
3348
2534
1242
1379
5031
7208
9273
922
756
5804
2821
8287
2814
68
2480
2074
1014
7002
827
6417
1417
3918
6231
17
7930
2560
7415
656
6424
9848
1282
9288
1985
1565
8112
3863
9104
2749
7756
4406
1455
2877
8204
7413
2414
7404
5016
2257
7734
9661
3682
1521
5701
1781
2801
8068
6639
3960
376
4185
2507
8097
9384
7184
2916
208
3679
2362
7107
5077
7326
919
8433
3693
9530
6357
9469
8961
7798
3050
2587
6204
2922
9475
1506
8936
5929
856
3616
4265
3858
2913
3551
2266
2394
686
2649
4206
1935
7818
5157
7511
7709
218
1655
6488
7470
9292
301
1628
4758
976
3468
1484
1046
2622
8967
2668
8207
3546
2496
661
2701
8675
5278
2006
4722
5808
1260
5469
3397
6476
9900
2920
318
9096
6098
9690
4147
8352
7205
8012
7320
4404
6252
2307
3013
9821
9483
2170
1863
8486
509
9047
4910
840
8236
9824
4246
8406
3465
119
3762
6645
5029
690
7789
1534
8031
8184
9112
8070
3424
3782
5432
1979
1426
5282
5980
4440
2638
3390
4703
8315
9647
1832
5907
6265
2876
3454
1184
8007
5498
2491
9582
2399
72
9341
1491
8144
5607
5623
2832
916
9713
9467
6827
2523
1073
8930
7514
8737
2585
5106
2298
2557
7728
1994
9861
4166
4363
2800
7360
571
4607
5361
7538
3247
122
6040
8547
541
3261
6275
4704
1485
1368
8825
3452
4890
5872
1174
5222
4111
7702
29
544
1914
6816
1967
8431
1340
6944
7429
5764
7745
5419
8745
9393
7009
7790
7552
7379
1253
8933
202
8808
7265
4084
9058
2605
7373
4869
8222
9472
5468
7827
2956
8298
8720
9525
4970
6548
1173
9511
4150
6112
5044
3649
5433
5599
8873
4045
4900
6787
1689
5379
6661
2607
1127
9617
7492
3602
2700
3333
9013
5879
5876
1622
1753
9048
3921
4135
1930
4502
1388
6436
5673
2919
5966
236
6298
6095
3720
5776
9850
7144
9122
7486
9898
5768
4674
1191
3417
7292
395
6214
5861
6368
7243
559
2422
3285
3173
4905
5220
1932
4328
4741
749
5581
1942
7175
1322
6528
6028
3819
9616
8171
201
5676
3590
3539
91
4744
9293
4020
5380
7833
263
8646
9729
3895
2356
9875
8200
8115
6158
9267
7069
855
7649
2090
7626
9884
6775
4192
3402
2520
9902
8241
2418
3168
6041
4779
6589
2694
3633
6306
7978
1696
4281
3524
1697
4818
9959
8751
4545
373
3362
1635
6222
2078
1011
5625
9571
6255
9151
8282
9157
346
8867
8135
8852
9674
3573
7351
2988
5366
2000
6748
8829
9938
183
897
1873
8644
7838
2898
3745
2434
168
7859
7758
1300
8038
6965
9274
286
742
2573
813
7359
1749
6354
9331
500
1390
1842
5347
6919
3609
1714
2239
3861
9260
5749
2392
8030
9790
2893
6653
382
7777
9314
2695
4410
1064
6943
7137
6166
680
2224
6634
8084
5716
2317
7445
7382
3497
5440
1287
4405
7193
6181
3566
6352
9918
9235
6631
9148
2489
2184
5559
4285
9857
1982
7424
6707
3807
9459
8931
3207
8243
7640
9074
1224
3494
1318
4235
9478
684
5769
5089
1848
4063
5027
5171
2027
9377
4591
4810
7984
6894
8412
422
4803
9815
3696
5434
5377
4124
1850
9746
1621
4579
9828
4038
2420
9569
6315
6295
1493
2689
2270
6111
3376
9919
7775
4634
7954
3578
2995
1963
3806
547
8819
181
9534
1719
8641
5671
81
3615
5830
130
3221
665
2120
3883
6846
7540
1429
2125
2100
8746
670
2193
5069
3343
9705
5454
2589
9208
5901
8363
2231
3309
7310
5669
3528
5317
160
5010
3479
2023
877
5288
2633
7890
9565
7601
7943
627
478
5913
6138
6337
7309
3046
5252
3761
5253
7606
3491
3248
9500
6606
7110
4261
2827
5987
1872
6534
1427
9950
9947
292
8885
9202
9060
5112
6915
4635
7523
5985
143
5636
3090
293
479
4652
3535
6935
7845
4426
2157
7334
9233
1951
3014
6224
7643
3846
2430
8565
274
3973
1722
6189
8511
1838
9745
4533
4780
1647
4250
2247
7019
4211
6957
4042
5466
8351
6695
323
4180
4801
8331
6124
2828
1125
2121
2150
180
271
5522
6141
7439
3508
4080
959
3498
1947
1571
3571
1882
9097
7920
4488
8340
3604
1132
8798
4815
4770
593
4046
5878
2836
3463
9903
2847
1140
2562
7730
4123
8103
9303
1943
9831
9344
182
2793
9346
8501
2945
2779
2428
8756
2487
9291
6923
8215
7874
3156
1547
8085
8674
8964
399
3944
8512
4239
6431
2142
9392
774
8796
4935
618
9513
6591
9953
3784
3561
9286
1579
5045
2115
2717
4585
5810
9209
9280
3835
9004
359
658
5101
2895
823
2545
782
9389
151
3282
280
3145
8555
4127
1013
7517
2619
9296
2050
5006
7989
2789
2752
6726
1199
1728
3950
9507
9330
5264
515
9780
5605
4365
4962
1324
9183
6805
3387
5955
1585
4279
1687
4799
5875
1501
7762
3576
299
5020
7147
3699
1933
2282
5225
8294
1003
6714
3763
7541
3865
3809
3908
4659
3371
8832
1928
8757
7945
9937
4466
3205
4369
4873
5281
9963
9224
4387
8919
1492
8263
3009
9886
5831
1668
4202
1638
3290
691
4128
4929
4256
753
932
1209
5887
8088
778
400
499
8139
3120
4832
5900
4631
4745
1583
3358
3473
6727
3734
3232
4738
9482
4778
2992
3818
3597
2681
8533
1898
7747
1045
7937
1793
5241
9480
5311
5003
3878
1738
8387
6698
3087
9355
9668
4330
780
4368
4378
1804
9799
2728
2979
4762
7414
4309
7085
8366
7466
7014
971
4226
3056
94
5359
3768
5783
9573
7464
2460
9040
44
8679
4734
8886
7764
9580
1146
2639
9527
1023
9306
1005
9992
1386
9461
5894
363
3622
250
45
8469
7796
8370
9958
1138
1957
7905
758
6463
2960
6527
4418
8732
644
4864
5752
7279
4168
5733
6246
4011
4201
5341
4461
6499
3346
4253
4118
5751
4210
4672
7888
1989
5886
7022
125
8513
5430
39
7418
6340
8781
8384
4710
740
9501
2559
2796
1902
1461
9917
6280
9215
9188
3641
4608
6473
7409
9118
341
9723
7856
2417
4848
1333
6525
3394
9888
6452
6056
1159
4490
1518
7269
6913
6342
5401
1608
2376
5956
3400
3160
8071
7317
9367
8443
3230
3685
5290
5064
8847
1692
2271
8794
7202
3243
1043
8888
7494
6016
7590
2458
1798
4729
9408
5168
5694
3187
7109
21
4828
7280
8598
8422
5543
7819
9909
1956
8797
1762
2662
7596
3093
9252
5870
5299
2463
3525
5327
5766
4789
3627
6687
821
339
996
8682
7787
950
5953
8343
3770
3795
679
4668
4677
4198
367
9845
7962
9423
409
9193
1265
2455
9300
8881
319
9649
6188
3793
2670
1066
7578
3277
6696
7143
8329
428
2332
1818
5537
8896
1860
8021
9735
2593
4227
450
9568
4062
2291
3993
2808
6830
5732
4676
7384
8060
4936
9365
7124
1677
8150
454
5748
9108
5579
5143
6100
2215
1052
1477
4560
3414
7625
6498
3871
3233
1604
411
4169
3252
549
6547
6173
3076
6131
3349
1760
4223
5649
4076
8504
4733
4487
4716
1945
5961
1725
3201
4921
588
960
9782
516
2316
4154
3085
4207
512
8165
1272
9111
6566
55
6543
2744
4909
905
2611
6483
744
9316
8560
5287
3626
5818
7487
9458
8830
766
1716
8253
663
1682
3461
6670
5394
5939
2160
2467
9756
8723
9871
278
8274
5148
8130
406
1566
9179
2129
1286
4512
987
5318
8240
336
2678
9462
4434
2014
2524
2237
9226
4897
1560
6019
2783
9878
3306
2107
9079
7163
4805
9863
4983
1103
1630
6199
2961
2478
3983
2025
891
8173
6089
3601
7873
988
606
3630
1133
3951
4899
4303
8182
8047
4073
8189
56
9514
1313
5618
5175
9035
4093
8606
6376
3197
8999
7713
9221
7038
9795
7717
6469
4176
4967
8094
4683
9486
9983
8053
9093
7078
8791
4715
3374
4055
9633
4077
7602
6945
3792
3742
7985
8264
7614
1568
3628
2197
5097
171
2069
9000
5221
2284
9100
452
6607
5418
1026
4590
8309
8505
9740
7259
2521
5832
6801
7803
8943
2407
4460
542
5845
9524
6136
9542
7403
128
3580
6178
2141
7914
975
2135
5455
2798
7474
6887
2416
5499
287
5087
2914
7579
7214
8940
4753
432
5976
3669
6947
7253
2733
6161
2007
469
6289
9454
7991
7891
8254
8659
2853
1114
7927
3047
2325
2276
5999
1515
191
3001
4918
2672
53
358
9894
2710
6622
2482
4437
6864
3240
2969
1799
5557
7059
2264
816
3300
8680
1436
2741
7830
9762
9936
1396
7584
9612
2592
7708
2955
4484
5181
7885
2762
6195
9553
357
4944
229
1830
4130
1078
980
6549
9162
6912
9184
107
4996
9874
7755
4670
4662
5609
7923
4819
2454
9817
702
4551
6026
5570
2532
2856
9062
1562
5641
6314
7980
1699
7553
507
3729
7674
2968
5528
1724
8317
2220
2357
845
2461
5207
1150
5165
4808
5954
272
6129
6022
9613
6442
2742
9945
7129
8795
2569
5247
8928
4643
4205
9634
2599
9552
6758
3976
2436
424
7613
1499
9976
1467
7185
9833
6890
7801
2155
9343
871
1792
3608
1878
5970
3727
4417
7356
1615
1021
5481
9596
2055
6636
7531
9978
1561
3933
2043
6305
9994
5067
8992
7529
4464
4823
8102
4750
655
5210
3190
2425
6667
4997
7774
669
4516
7681
5000
788
5687
8048
800
6973
647
1972
46
7966
1803
6568
2366
1378
3721
7691
7875
9087
7368
649
5328
7862
1162
2615
4494
2552
7680
5989
1108
5090
6262
5794
2261
7112
157
8162
1196
6621
4458
124
6093
5267
8447
6221
2663
1540
6300
8385
7489
7987
1500
3657
2875
4249
3130
3283
858
8906
4323
6939
1584
8296
7599
3737
9635
352
3268
8556
5426
1267
7054
3342
8664
5008
5145
6421
8575
2563
9117
6066
285
463
2634
8838
9380
3650
7516
1773
6201
5731
851
4103
7073
4409
8840
3913
8463
7909
8472
6785
5587
7200
1723
7822
6624
9124
4172
4958
7810
1016
9029
6817
5945
1616
425
5711
1640
6416
8851
6893
3276
410
4197
9946
4145
3134
8454
2943
2387
1331
1676
2996
7060
4489
7651
6104
7953
6133
4534
3393
4609
2665
5585
3998
8742
6870
1323
5182
755
2033
3959
3583
4262
252
246
4041
5037
4520
6285
6373
7629
254
8458
2517
7763
2370
6814
9207
9911
8989
6502
965
4263
2437
3337
4523
2568
8616
5880
3940
6356
6099
9364
9770
2062
9678
6791
9127
6045
4389
2345
5590
7227
3482
2944
7612
5567
6347
7688
4673
9287
4114
5597
1961
3655
5926
161
9939
6447
6302
153
255
6889
379
8050
7367
1018
8948
5700
5199
2109
7753
3582
9622
2156
8407
2966
6003
5249
8306
6531
4675
