2547
6359
3372
5318
8181
2820
6874
6259
4466
9564
5987
6682
1603
5748
3949
4079
1934
3357
5371
9452
678
8274
6210
6407
174
8042
1882
5210
6584
5167
8771
962
6659
7808
4370
7818
5213
3947
8876
3993
1223
7587
5976
4696
8452
1787
865
2719
2812
5929
5261
1619
9166
6790
9420
656
264
9494
8911
5168
1485
4803
3981
5452
978
6869
4207
3494
2541
4895
5390
3791
4647
8914
9948
9801
8695
177
6050
471
2223
643
138
5621
8443
5750
2385
9829
7716
579
5634
8222
7584
6274
9165
542
3763
6955
4020
6806
4262
1495
198
8302
9978
6736
7391
32
2254
7102
2635
5638
7719
7946
219
3832
7874
3168
8613
1401
6958
8879
4138
8554
8696
6268
8563
8282
6515
9762
5625
7964
180
9585
7894
3901
324
3192
9077
1426
1813
1287
9330
4435
2553
2096
5623
1289
8791
7301
4577
2234
5598
8668
7943
8015
5743
3743
713
8018
1756
9093
5453
7633
7284
8106
4099
7382
7835
9741
3733
3122
4842
600
8729
9365
335
691
5471
2491
8616
2948
6657
879
4785
7447
9545
9688
2331
7192
7261
8365
2304
9732
4164
4292
5545
4768
1179
5572
