2077
8998
6648
5236
3232
6063
4822
3647
4601
1747
1319
1302
9996
6610
3010
9327
6182
2238
4698
6357
6811
6338
4077
3941
7704
5398
4309
4833
3797
2857
3851
4937
4964
3672
8488
6785
3980
6099
6066
6902
5524
1521
7086
2441
1570
3331
3374
1177
6749
3658
9892
2447
9552
7412
9198
5322
5433
912
754
3664
6329
1236
4784
5842
853
9376
9646
5155
6477
8928
5007
2212
4551
8410
5644
1936
4195
2392
8388
4198
3666
9324
1970
1307
4799
6841
858
9097
1638
5671
6444
5942
2204
7304
687
9236
2053
2963
4349
3898
2261
5157
517
3936
3895
6389
4959
6455
5144
5535
4146
1454
9736
7569
8694
4273
2712
2547
8848
1074
2350
325
3134
699
4792
5544
5287
5041
3900
7832
6908
4318
3758
5424
5836
5615
6273
5581
8539
2522
9345
1258
4256
5919
1422
2103
2297
1651
1831
2850
9431
79
8335
1992
9547
3188
7178
2242
1752
4744
8906
3203
3513
6851
9314
5447
6551
3056
6652
1261
1448
4922
3765
3599
7858
1666
1415
426
7731
6741
3801
457
4835
7705
3979
6792
3645
5888
963
8908
7632
4809
6406
1733
8031
9664
7833
7689
9021
2948
243
8081
8332
8745
3263
734
8023
9109
607
580
6637
5334
1812
5027
8105
8474
9205
5619
6225
6217
3915
2651
7185
9704
1004
4404
1646
6083
2247
8780
230
8675
4760
1487
8537
8609
4162
7613
9163
2133
7272
6752
7561
2776
7482
5428
7248
7509
3217
6937
5827
2479
3557
9804
468
406
6569
87
3197
7055
2372
8266
7061
7302
8021
5319
758
9962
2326
566
9299
8682
4679
9214
966
4385
5345
6002
9116
7838
96
5199
9249
5309
3583
8427
9145
7464
1464
2761
961
2694
3779
1907
7147
5286
9193
1626
377
219
2483
9311
7040
1470
5710
2521
557
8529
7744
3532
4875
685
8655
4152
6985
4313
157
4090
7066
9684
4482
4081
8578
5873
1784
7578
9046
7913
5767
4346
3944
554
4257
3638
6511
9466
53
3432
2290
7067
511
2766
2805
665
3065
3135
3450
8285
8740
6115
3910
9310
3959
240
7687
5563
8192
7560
4001
6179
381
3766
4659
5137
8206
5819
105
7646
8203
4603
7916
461
9734
613
1790
6988
9689
5807
2106
503
7434
9760
2710
2816
9166
8429
8712
5181
6846
6481
6810
2987
2673
4878
629
9496
5999
5423
5910
7865
9644
5600
2370
9978
5757
2214
1202
7630
736
9611
5323
5443
266
4332
3153
1685
4192
3378
884
3711
2657
1030
7408
1388
3173
4568
4428
6634
7004
8070
3198
7017
1637
5095
3051
1658
6465
5956
4451
6052
1478
7982
6981
5662
7215
3078
8872
842
8093
3277
574
4030
1540
1575
5829
8431
8625
6064
1777
9350
9680
5056
786
4377
2669
7359
1740
2072
2287
7137
7317
1902
7776
9781
3012
49
9446
2377
1694
4387
655
6901
5518
6056
2209
5051
7851
9244
7140
9002
5603
7477
1569
5346
5048
9168
9911
6156
1799
5350
9989
7392
4469
186
4688
6708
7618
938
9598
7606
8030
772
4492
9865
7078
5108
366
1578
2541
4144
895
2988
8149
2907
6091
7790
9449
5080
5860
8223
5151
2705
6187
8597
8071
3831
5744
5190
309
7271
9484
3866
5968
9110
4580
9888
9053
1437
9074
6756
8972
2085
7425
7538
8153
831
8200
1788
2264
2132
7610
2909
3355
7355
1159
1826
4820
9112
5060
8667
8713
8109
2131
5208
3488
5895
7475
5201
7337
1853
9056
6050
866
1060
9894
415
7183
114
1657
1514
6697
3632
4522
9824
7890
8068
55
1014
4613
6175
6628
1804
2797
1315
5118
307
3445
8323
1173
9069
3608
7666
6784
2507
1485
5497
9016
4131
9993
527
6998
7451
9560
1471
549
4930
3601
9593
567
7934
840
5951
4322
1305
1883
8480
3685
1901
7217
8040
8240
4507
4005
2339
6822
5477
4533
1859
5582
17
3067
5594
4279
6131
4577
7998
2601
7768
6690
1086
7597
2926
7638
2495
7094
6514
9433
814
7504
8517
9995
7124
8434
2418
2921
8375
8782
2010
682
5331
2867
8731
7645
530
3522
4780
6222
8077
7967
7930
7812
6528
1421
8720
9521
5636
9533
3650
4693
4793
4869
6085
6833
850
7634
2723
231
3787
7523
4952
9710
6212
7076
8187
7100
4238
499
4128
3891
992
2960
2340
5770
7870
7549
3005
5917
1042
9461
7924
2323
1781
7558
7165
1976
2590
751
6798
1056
9787
4811
1489
2047
2229
6036
2688
9631
9595
7698
8424
3438
4324
215
7115
9031
6324
5523
6754
9950
1131
5567
3476
5413
779
2097
904
3832
1496
4189
8283
9261
6076
5234
1247
30
6098
652
1198
9128
3180
8976
3280
8500
4594
3481
4581
649
7856
5525
3243
306
9392
8913
3053
9416
8860
1008
642
2457
4933
5561
6805
7168
236
61
44
2560
3577
2368
8727
9747
848
3629
4675
2750
6469
3189
4564
8455
3336
2018
1801
9491
3201
7971
8220
950
1107
8971
5244
2446
8143
4853
2799
1940
3673
1495
4508
9395
5971
6372
4667
7043
3147
1687
9761
8820
4136
9580
4275
3
9049
2678
3741
6650
4107
4972
3594
9071
4330
6871
718
5068
4181
9907
7405
3318
3168
8447
9470
2695
1071
7771
789
7479
978
3523
8864
7324
1119
7333
7279
1693
727
3461
4423
8979
550
2854
451
6999
9125
5217
7588
2869
5595
6549
2151
5538
7278
7796
909
9003
6351
7562
8069
516
7174
9509
5576
5798
5981
7652
4339
4426
615
4689
585
2902
6903
7886
9001
1872
8194
520
7218
3386
536
948
3530
2279
4612
8871
2375
3227
2858
4287
2980
2552
9958
9181
4262
965
2364
4167
3901
6248
1871
1335
1509
1063
8814
2102
5006
5330
7756
1835
7836
6045
2904
944
5814
630
3074
3394
9173
6046
5392
8300
4918
429
4338
8577
7735
3420
8094
6247
6472
2256
4378
6228
4934
9934
6261
553
350
5559
4123
7088
7900
3422
5952
2668
5858
2461
8802
5826
7557
8714
7243
