2156
6621
3385
540
4122
4594
5432
3583
6064
2795
1934
6516
8033
3990
2844
7628
8477
497
3462
2736
9546
2155
9963
6700
4192
4205
958
4813
7400
592
9218
5287
8128
9630
7603
1220
2357
537
4546
9396
7324
250
7079
8146
3446
9257
4383
3937
5204
4287
5034
9696
4213
3657
8222
4490
2200
9541
1823
4985
7278
2203
1377
5296
8160
402
7723
3173
834
3229
7414
7034
4699
1233
2807
5691
6984
1717
4540
7126
478
9120
3378
1689
8322
8758
5345
8650
5597
1862
7721
3492
4381
5381
1889
9814
1468
2936
2224
9093
8683
919
9819
6854
7065
7774
1903
4263
3126
239
2491
7026
6876
5906
5078
8772
6772
4871
2735
7059
8909
3987
2504
6640
3939
3075
1759
756
5770
6067
4191
1236
3595
5802
8524
9500
53
5872
1072
4464
2427
2673
8347
4027
7471
3793
4251
5637
7984
3782
7189
7457
9412
114
1908
2260
1215
2368
1359
5561
753
285
8074
4021
3433
403
9711
6033
658
3014
6753
4675
3283
1336
5343
3697
1640
9086
2805
8657
2739
3080
6387
9401
3850
5951
8605
863
7886
4989
245
5321
5453
416
7001
510
2653
1324
5813
6345
208
9005
6883
4254
7961
8032
6477
149
1852
3886
6006
8695
2127
5490
8465
7580
8626
5946
401
6008
5094
3473
5772
1257
2828
9077
4741
5341
6619
8476
5201
9639
1384
5915
5170
2363
6764
3130
7365
2895
709
2048
2724
5299
2703
8753
3148
8065
1916
2593
8117
4720
2298
410
6823
6201
1782
6722
9411
7497
5787
5548
895
7386
5810
5239
7704
7834
3061
88
1472
5886
3742
254
9284
6063
7921
4
9136
4065
8617
9008
1608
7381
3425
4387
8949
1295
6024
8296
4264
6867
1339
7232
1334
9302
4291
5858
9221
4129
7271
8029
8627
2670
1044
938
1978
3680
6989
654
4033
9223
8849
6158
69
8942
5133
1993
8268
1591
7121
2034
9579
6030
4298
5789
9149
2244
4581
7601
9338
3147
5190
7890
4113
8008
7288
8428
8618
5021
5727
7137
4605
9721
9127
219
4382
2226
7885
5910
3821
6947
4874
3522
7646
8981
2812
2766
3237
2410
8925
9082
3897
7120
1147
7744
8242
4523
3234
9071
7101
9804
965
1111
4528
3214
9679
1921
9226
3534
2651
6797
3647
837
9329
2416
4307
3869
5093
8971
9310
5006
7768
1273
6148
1707
5536
5516
6732
4232
6428
8897
3798
9948
8961
2691
8377
649
4995
2188
3265
1744
9228
7895
7640
7317
3052
1513
4002
4171
6994
2019
5844
6313
9417
584
707
6169
7690
9724
8462
2912
4510
3705
4922
4219
8168
1479
3752
3673
8756
9517
3084
3941
7085
3710
3411
5192
4566
2885
4907
6283
4834
6026
7234
6160
4392
4147
4794
4422
1846
7590
6331
7289
7322
9635
5805
8363
7920
7929
9067
8784
9405
5823
7392
6802
8962
2124
3186
7283
6054
5236
8546
7350
6262
7207
888
3641
7020
2106
8165
9986
1367
8372
629
237
6319
6861
7876
2855
1861
6370
2386
7127
2753
5207
8076
1443
7201
1392
3515
839
8932
4822
1923
8562
8457
4925
6996
594
1447
182
8865
7157
8896
1245
8878
1326
7084
10
9244
1140
7428
1175
4101
8645
1948
2221
9933
1499
5985
627
4932
7437
8648
8808
3571
8154
3174
4503
7394
9423
9318
4368
8261
3216
5799
9023
5337
9372
6086
776
3764
5429
8672
5104
3396
6572
8010
7901
3139
3958
215
9256
1113
1226
2240
1974
9859
372
8637
9425
4424
5437
7312
3504
9799
7341
2105
9663
1568
4603
8191
8452
9352
7182
2144
2615
1705
8937
4119
2272
3870
8666
9399
1421
6232
5583
4436
7670
4683
6365
7166
2280
5206
5967
7829
309
8324
500
8621
2577
3584
3071
8977
80
2171
7944
3786
7282
244
156
2377
4861
9620
9410
945
4772
4872
6670
3235
227
8172
704
3587
5935
4200
2139
5555
6767
9701
916
3640
7945
5165
4411
308
461
5912
5884
6326
145
2759
7477
4960
7355
6095
6323
6678
5125
4732
307
8399
7050
5617
4139
6309
1380
3352
976
5332
98
1704
8071
8434
5074
862
1363
4990
5499
169
278
4905
5530
5924
9274
9347
8575
3503
6270
9877
4335
4965
7728
2480
6617
725
6493
8864
2849
349
3334
2481
7393
1902
6010
5547
5551
3413
8623
8904
5248
8899
1018
4902
2097
7609
231
8006
6035
2520
4035
5576
5106
8867
2839
3245
6806
9623
3259
6244
2665
8631
6140
8011
7638
5974
910
3878
9277
5028
1734
2238
8910
6990
5229
4913
4484
724
9368
6660
8138
2992
7035
6494
9116
5476
598
3991
4152
1458
3397
6329
9676
1165
6533
7518
5407
922
4449
9549
6167
4227
6592
6128
318
3093
7224
2683
8540
3799
7078
5629
9666
9706
7981
3300
6875
6548
9241
8439
354
8583
7141
5723
1203
3177
2057
1138
5065
9361
2890
9397
1187
5411
971
6730
4108
4466
5032
4783
892
8861
7263
6563
8312
1565
6763
3792
5040
8028
7624
5401
6741
1489
7782
2798
1114
7043
287
426
4120
8952
7348
3150
9967
5474
7158
8729
3619
2958
582
1263
99
9653
1110
3650
3625
2232
5491
7013
148
4803
8285
432
4728
488
937
1414
9378
4322
7469
9431
105
8309
9971
4788
1939
2296
8096
474
6257
2287
7911
6363
4469
7593
5458
9613
7850
2901
9385
3533
3802
7363
4943
8744
3546
5483
5371
4955
869
8474
5097
6171
702
6642
9534
9738
1431
530
8526
8906
3074
3326
1498
1188
9249
3624
1701
4150
4937
2565
2699
7783
5796
1
5338
716
6113
8719
6509
8364
9242
1956
805
2452
3277
8875
9357
4199
9439
7668
8003
8120
7993
9349
7016
5714
5295
348
132
3112
343
1477
2728
1399
3725
6521
2874
7183
7185
6706
4376
6612
5929
7880
1063
6900
8331
4735
6855
1872
7871
7199
3156
1843
337
6176
6073
4895
6634
4336
2137
5000
24
5512
9331
2707
5970
4765
5713
9432
3511
3964
8844
7706
4843
9506
8366
