760
1335
5116
7813
9514
7145
6841
9748
2580
4957
8732
175
5936
8905
7188
376
3229
9007
7908
3319
347
4064
6370
4972
4886
5553
5762
6646
8121
1868
6000
6916
1564
8127
6448
8050
7696
9302
2495
3317
5540
7178
7232
3747
781
7154
8776
8093
3364
6931
4198
9774
672
6601
1659
5378
4759
9331
3569
701
9709
5352
506
8550
1414
5147
2818
947
8912
872
2335
6735
827
4461
9651
1634
2175
3503
3615
3344
4559
803
3655
6575
1299
5419
8673
6098
9050
8690
6554
2390
2576
8723
9140
8842
3244
7288
3216
3212
8447
9317
2827
7185
7281
886
7238
9464
9843
8640
4319
2717
6074
2332
4538
7498
1059
2469
9340
1587
504
3977
2271
705
2217
4267
387
3052
6637
4008
6422
8993
1145
3404
1179
8146
7117
6856
2658
8972
8678
9920
394
2792
519
5398
8290
3032
699
8602
8847
7308
5118
4495
1291
6377
768
6922
6596
7392
1211
7455
9098
5814
7600
7329
1926
8997
363
8115
9987
3724
5845
7143
2100
9316
3806
5397
6325
3677
5770
1594
6873
4011
8014
3423
9000
4174
6715
8163
9111
1866
3025
2028
8977
8152
645
8522
8987
8798
4131
2780
3185
278
4107
6165
9782
479
4909
8107
1933
991
3725
845
9688
3238
8743
1352
9751
4435
4136
4652
5989
4661
2625
1278
4758
6156
3155
4829
4478
7828
7992
9226
1945
889
3788
546
7301
7656
1614
9264
2424
1700
7768
2443
1847
4954
7511
8424
4978
3632
8220
1242
4299
27
1929
7618
7750
8230
3601
386
3368
6379
4259
7616
5160
7056
893
6620
1353
8554
4245
6595
7112
8542
6895
9299
6689
4959
8067
7242
6206
1399
2079
1386
7929
1581
1635
4292
7558
9199
6760
1266
6291
9693
658
8071
4043
868
7865
5636
4400
8980
7044
1350
1571
1270
478
8519
6815
3080
9284
1204
46
7480
1555
7458
9073
5927
2331
2105
2499
6960
4817
4621
9983
284
8617
9811
9698
1774
3884
4186
1474
5015
6567
855
8251
9788
7982
5702
393
1229
8726
408
63
785
743
3958
1817
9536
4269
2946
9494
4633
1404
5550
7622
8799
1135
7628
1763
6683
1871
5304
3208
9129
8145
301
2862
7179
5662
5411
3852
5469
9474
3756
7579
2667
7378
5041
4341
3819
806
574
1051
2891
1493
8373
4710
6699
5554
6917
7347
1509
1701
3047
7473
7207
9142
6044
961
8836
5344
5265
3033
4523
8579
4490
9378
2796
3273
2117
826
5282
3837
7522
9336
1984
7708
2347
9763
3360
5855
259
7212
6676
8385
1632
8391
2328
1939
9904
5484
6962
8694
8716
7581
1979
1805
650
2281
9666
2506
1887
2948
793
9250
2005
7773
4167
7964
2893
135
6563
5741
7097
4027
7271
8893
5578
2501
3842
7644
2684
5391
3011
5909
3088
3420
6344
6751
2912
6536
2316
5639
7115
4041
2442
9867
254
8414
9230
6809
4766
4907
5899
7775
1542
379
4172
2258
3585
3674
5952
4877
281
1379
3849
1286
5285
8843
173
8739
1252
1366
91
6316
2533
6571
5059
414
9744
5338
6621
9347
7847
7142
9090
9944
3013
8367
404
2703
8597
9134
6642
3570
344
2572
9460
5437
5786
3390
1821
8661
4526
7810
5144
4293
583
7635
8524
2857
8940
119
5938
6435
8595
2406
1054
3911
5031
7327
8857
5430
9449
4493
1883
2295
7544
9408
3075
6598
4922
8975
326
2045
4324
5455
662
5051
3556
7590
4974
5866
309
4944
3346
9357
3355
3175
4946
436
3421
6880
212
319
4112
6771
5581
8058
9204
1992
1186
802
4984
1720
7385
7197
2240
8663
6542
7046
161
2113
8174
4235
1370
6992
174
2536
4190
3644
9991
8136
4323
6885
1447
4317
2642
8016
9836
2581
431
734
1540
9699
9685
8314
3966
1349
3840
8311
6889
6543
1786
5728
3908
8018
7239
6766
9539
2063
9786
432
759
3825
475
1501
4607
5869
7025
5885
8509
1073
8821
8983
8061
9203
5167
3472
8291
6589
3268
2121
439
7018
9437
8829
3880
8502
4160
6251
7652
1201
5221
1612
1724
8531
168
2835
3792
4906
5603
7556
7968
279
6118
4489
6901
6109
2151
1031
3199
6680
2561
8608
6157
7529
3646
9457
680
8221
171
8529
7065
6773
4565
9305
4556
2863
3506
9619
1256
9025
6447
8328
6114
9899
8470
5034
2167
4491
8326
7341
1105
1357
661
530
5061
7234
4127
8398
9696
1507
8454
485
5977
3778
2756
7095
8749
7456
8362
8448
3779
7979
8844
2537
842
1707
3890
9406
1556
3384
4401
653
2590
7193
9741
9294
7070
7910
9067
1528
8243
4822
8117
1108
7366
3773
8645
8334
2669
9168
6312
1041
9689
5280
2015
6416
194
2253
1081
1374
1332
8922
9496
5355
5959
8633
2950
5229
9058
6814
9953
342
2467
3305
4735
2150
3400
1191
6407
7561
2462
7527
8428
9068
3567
4646
5785
7945
2908
5387
9262
7646
2793
1245
6572
4723
761
9162
3349
5520
5692
2634
4
9759
6059
3018
9318
3656
3453
323
8231
703
3362
310
3820
2765
357
6255
413
6237
6576
3
9383
9074
3357
4071
9329
1849
6211
6877
9076
8329
8065
4790
7126
5307
7284
4347
7780
8198
3767
4937
2917
5266
476
2027
8680
5940
3327
3500
1976
7437
3524
5630
7875
8816
9234
1864
9927
5191
5500
7555
2604
6834
5283
8808
6403
405
9458
115
2613
8692
9895
3627
786
6045
9367
683
5016
7071
1691
5231
5794
9465
4264
8153
7129
8171
4605
1398
5376
30
7687
1731
4851
4448
2372
587
2802
3086
9178
2340
2343
9396
8994
2655
9201
1083
3150
9384
3373
2016
9244
7492
1697
9435
4210
3859
4801
9415
7536
4266
6729
1803
8181
1417
3860
1420
1185
5807
1343
2001
8413
595
8970
1551
110
8310
7240
6357
5184
7798
4194
9509
7720
8029
7182
498
4659
2112
2463
4207
4403
2864
3935
6172
9239
1131
2947
1538
1993
7739
6810
7871
7799
9429
3915
9219
6780
1932
6460
8801
4844
