5388
2509
4180
8388
9984
5906
7778
2297
6336
5950
9726
1194
9494
2620
6511
8307
8589
5856
3375
3197
9915
478
3453
4457
4706
6535
6667
2895
6007
6341
3064
3999
6555
6991
7164
7207
5629
7782
2696
1109
7122
8558
9526
6696
3883
4254
9977
1902
9190
7906
5381
7495
9866
160
1807
6621
2576
8328
6197
3065
9754
4076
8845
7617
981
343
7070
7851
1256
7543
2971
965
4280
4307
9422
3071
1266
2004
2487
6286
4993
6539
4652
8716
3642
9051
4643
1140
3430
820
1802
5646
4192
1884
3957
8094
9156
8516
4965
6630
2912
3931
4172
7011
2156
3853
2617
8292
3538
5747
2272
3740
5527
318
3629
3377
240
8511
7931
3584
942
224
9704
2090
5701
7175
64
1825
3321
1672
5068
5353
9261
6023
1368
5574
4734
1734
749
9838
6076
910
4355
7609
3194
6698
9683
7206
7982
6176
3342
2032
5129
9561
2738
8623
9120
9152
5862
1528
8024
7365
6010
5356
9917
5331
1262
8886
3028
4979
9770
2057
8843
3129
7448
857
1848
7211
1373
8951
4487
2815
7313
7252
7537
7864
4056
7238
5334
7925
8189
9052
3502
2362
8021
8828
3076
8134
705
3943
