9738
6771
2328
1833
6337
1076
2335
1633
665
4001
9112
9446
9847
5055
9192
5445
2535
2736
4735
3446
1400
7428
159
3722
5332
9679
3578
3016
1243
654
4366
2197
7162
1239
7798
3082
1660
8105
190
5354
3504
8983
9410
4316
9093
5215
1122
9521
5112
774
5737
7544
4430
1947
7484
9580
359
92
5246
9465
9692
164
6841
5647
8626
2593
4978
8492
8986
7801
6219
3687
3871
3789
660
6346
5210
2340
7914
8423
6908
9951
2863
8093
3304
7609
2305
8107
7552
3781
9752
2867
9591
8310
6387
4783
6252
4267
4059
7833
7176
1852
1006
3368
9626
7295
4466
4706
2053
5841
6620
4777
9424
7865
1591
627
6426
6367
9529
2016
1424
1921
4963
8268
9933
6409
5720
5676
4328
4831
625
9491
1115
3974
8138
8919
424
1252
664
6173
6432
7970
2021
3392
7948
2853
9406
4750
935
8333
5523
6866
9938
297
6805
6827
6326
8288
974
3137
1436
9851
6457
755
9777
521
8502
8671
9846
5243
260
1842
4123
9648
445
3144
8361
7494
1049
7273
4216
7989
2743
6254
9271
8259
5461
6705
5675
5880
8449
4391
2104
5921
2271
5236
8631
9855
5181
3702
5393
1139
6430
2942
7755
557
5652
8712
7366
1482
9530
6614
6546
1777
347
9395
6800
2693
4727
2996
1616
5053
1846
8710
402
4285
5619
3575
4709
6336
4162
9285
7403
5186
567
3840
236
6024
810
5874
5836
6665
3479
6471
7967
9284
7188
5657
9237
5623
2806
8357
3625
2720
2659
4654
1959
3377
8115
1059
9165
172
454
6251
9475
9214
4562
1128
2275
607
1447
936
3498
2685
3293
5154
9735
4616
1669
8346
4472
7827
7262
1287
6438
9169
8256
2013
4268
8510
3864
2003
6896
2234
6195
8708
6495
2823
1667
5997
7416
6262
1359
9289
8462
2602
4902
6092
4248
8251
2838
9922
3476
2363
4568
477
3002
9813
7907
8265
581
3720
4646
3423
3046
8211
7211
1602
1501
4816
3186
233
5757
4452
4349
4914
2370
3424
7373
7180
6188
5955
151
7372
4810
2332
8948
1429
7523
5036
7993
8721
4608
3912
3813
7338
4014
4945
9837
6989
3007
7492
3091
1961
3739
5078
4290
1589
4021
6052
7520
6657
9344
4443
4933
8685
3232
8938
1432
2625
2413
1963
8468
9811
4054
9535
8965
7346
5814
26
2916
8794
5371
8949
3445
6636
4530
8362
7774
9232
5590
9924
5325
4133
7831
9227
7916
6344
2878
396
7931
1966
473
6810
5518
5610
5259
6059
7510
3195
3000
1634
1581
4237
175
8051
3042
6296
497
6919
309
7389
1231
2819
1015
5312
6833
3558
603
8025
1733
8370
8680
8129
9062
4531
5729
2464
8064
2378
5815
5659
1832
6949
6513
9549
6172
3827
9554
1941
1784
7959
1681
6932
3814
7206
5741
246
6606
8433
1938
6281
8181
6309
535
1136
6061
9356
9655
5992
88
604
2163
6493
9528
1150
4227
9270
4711
9619
1877
6502
5727
8426
2155
1043
108
6401
8707
985
