7022
7713
6932
68
3117
3265
4562
5411
9705
1358
8333
749
8413
4873
1251
1995
2492
4913
9031
5172
9839
1124
221
6344
3925
5242
8741
6621
4742
1106
2978
112
643
9138
5745
685
3628
9533
453
2369
3030
7928
8518
2788
8499
3813
1812
3659
4145
180
5182
5199
2985
1515
5999
8507
7811
5354
48
2730
6721
8627
7953
1287
2018
3007
1118
3071
2308
4708
1433
1951
9553
3537
435
7257
3055
7017
4367
2828
1093
1263
2981
4294
4267
3060
6528
2622
8107
5771
6854
9344
2228
2262
9680
2142
2605
6975
4586
720
1231
5401
6249
8301
8467
6005
7705
9079
2737
8407
7253
4087
1825
861
865
3332
8791
2505
1899
3366
8236
3
2258
8504
1758
657
3155
7229
9141
2276
8633
6413
6214
380
1626
3428
1798
9722
3913
7556
5812
714
5525
2668
8899
4828
4371
2168
5469
782
1289
8462
6015
1679
2086
2296
9317
4024
4347
5551
893
1259
9467
1817
9803
9010
3733
307
5759
4733
1966
510
470
4790
2431
2377
9463
2192
1881
2472
1958
152
8198
3724
8691
5773
7103
326
7397
4910
3663
5222
2150
9239
6018
3008
5501
1931
5373
2144
7067
2972
7462
9376
1110
926
6229
1107
5377
5709
1963
1734
5406
4115
3178
6087
20
2088
616
6483
1362
9017
223
7373
35
2400
2607
6168
4515
4833
4487
5264
9094
2888
1021
2514
680
5002
416
2363
2132
9583
3658
3094
1553
13
7179
4710
8550
1533
9660
6636
5540
4189
4829
9514
2161
2867
2159
9907
2670
9286
2772
6228
8055
9083
4953
264
1398
5516
738
2382
10
4657
4236
156
589
9391
544
5781
9091
1937
8328
9632
3208
8554
4937
8663
1076
8606
4760
198
3608
8196
1539
2044
5195
3184
3819
7855
5217
7093
8284
1319
9291
3112
3572
7055
1576
1877
9281
9938
8711
1568
2059
3065
4923
9702
91
3782
3205
9400
234
8447
1839
4437
5308
17
1408
4140
3159
4724
662
7823
7773
3718
1868
3566
6464
1844
7880
5833
7890
5789
6912
6717
7360
8733
5900
3042
4227
9867
8295
7629
5070
9891
1133
3843
8721
5513
5419
5120
5903
7604
4816
2570
3626
46
4882
8168
8623
9859
7144
4204
2864
5592
6394
5639
6868
790
474
7383
4200
1919
7759
1602
273
2776
7784
2846
8239
9110
8831
9815
1360
2829
6518
2796
8778
7946
3774
9397
7323
8376
2588
3143
7921
485
4527
943
3565
1888
8200
5047
5125
1474
2956
9419
1883
2918
924
936
1206
878
9088
454
6839
3693
2157
1742
6667
4211
5280
2184
9735
283
591
2765
7020
9544
1446
7951
1965
4001
5990
3507
2531
8958
6574
7898
4758
9484
8980
8798
5770
3349
1117
4750
6053
6983
9525
1845
7596
444
4715
3838
5135
2169
7303
8165
8051
4668
323
2799
384
480
7413
9889
8987
4385
4532
1558
8361
9975
4175
7232
7030
7747
9030
7034
9462
6893
7704
7679
2232
8206
3040
1458
5809
9458
