4266
6835
2974
2214
871
3665
7008
4845
9971
3450
2359
2644
1656
264
683
2868
5523
2811
8549
2895
6725
7746
746
5579
5213
198
5527
1393
4559
4569
6683
5162
9578
1084
8554
2076
3663
9817
7964
810
7268
6915
456
4061
4063
1108
147
938
8891
410
9020
6979
5261
329
1569
2363
3731
261
4788
7698
8325
696
2318
67
106
3781
7640
723
8600
738
1258
8732
3744
8678
4367
7566
1996
1234
9381
719
3226
8903
54
707
7012
4908
844
7155
8121
8489
5190
4274
5172
1972
5217
997
2342
3528
5131
3393
121
1559
9290
5607
5388
2875
201
6569
5958
4700
3849
577
7272
9453
1427
7190
4581
7365
681
4533
3236
3146
3953
3066
998
4095
6934
9818
8952
5811
2370
8674
7501
156
8114
8627
9296
9968
560
6303
6000
474
4382
7694
587
4784
4280
5810
849
8226
5098
5284
6220
1265
3015
3030
1231
4901
6940
5159
9008
1877
4835
2325
604
6053
4066
8628
258
8645
4789
1450
1938
430
9384
6792
3323
8045
9297
583
1004
6055
7312
5761
6403
916
1766
6507
5577
6924
3918
6394
6620
5427
7797
6799
2095
473
5293
178
