5782
7752
5185
4357
7319
2954
1298
7457
1457
9566
5805
9895
7594
6133
6199
926
9361
8977
6707
3686
2715
5579
5125
9835
1919
3801
3425
1215
9990
8904
2244
142
3802
6679
200
7816
7006
5955
7150
7071
2857
8186
3868
3600
8383
8846
9915
6516
442
2663
1270
7690
3627
7213
6163
4131
2377
1108
9550
121
2400
7631
9691
4181
9385
287
5045
3092
1109
1605
5130
2359
2313
781
7520
9837
5583
9204
9098
685
3597
421
1683
3026
2549
7818
7502
4606
4055
276
7127
3283
8101
3054
6981
9439
7491
628
4228
2858
9305
2241
4815
5569
3979
7686
9390
5800
551
7412
1342
9415
9288
2078
3473
6590
6845
3481
2620
7972
7846
3562
3702
6444
6166
2216
5789
6614
2086
9936
1410
1757
8298
6820
2487
5845
2936
4983
3325
8293
7360
8076
2121
2576
3512
2156
9752
6436
5390
7595
1017
7432
5028
8323
6687
858
4344
7448
2307
1000
2700
2231
1972
6690
5327
430
4660
894
5638
17
8312
4353
9931
5413
9553
9200
3090
5508
737
5065
3494
5944
3469
6668
2854
2175
5806
568
2965
1272
1762
418
8824
6203
2405
9854
7658
9576
6318
8982
