3336
953
1057
2075
1233
6363
8056
8156
2129
689
7433
6074
5669
7880
4711
9676
4230
3697
7073
5283
6260
4894
7566
5360
3863
5045
4773
9649
7181
2953
2149
4607
7873
273
3614
8821
585
2752
5893
1485
4422
4391
5761
3711
8332
2462
8774
7829
6195
582
6612
1122
1257
9225
6513
3301
8351
2071
9962
9074
4096
9695
3937
1187
4963
1923
6327
957
4500
8421
144
6051
1464
5254
9986
816
1036
2344
6859
7962
9070
1653
1134
4824
9058
2671
409
8190
7943
7447
5913
721
8928
9843
6247
4951
1170
7891
6908
2858
8902
3129
9725
3122
9588
3936
2961
3926
3390
4990
8220
9242
8727
7416
2773
6679
1972
8879
2138
9151
2401
8668
3111
5320
6593
299
7410
7271
8735
6788
8106
530
9164
8974
3846
1777
406
2784
7857
4118
5364
1603
3554
8027
8584
4302
6891
1018
5372
2719
6313
2831
9616
1326
1630
7471
6857
6045
3182
2081
8692
1327
8279
139
6687
2409
931
1992
3180
4274
9182
2028
9437
6133
2385
7776
714
9907
3000
6648
4129
5055
6651
4753
8665
5502
8483
4534
4819
1390
7180
5156
1727
9432
6321
1143
6048
206
3558
5193
7919
5990
2339
6306
5384
4025
4388
4475
6665
5419
7794
220
7219
1933
7884
6863
5920
7678
7415
3811
1440
3277
4622
1523
8099
6828
1865
9282
7841
9475
7443
1687
5465
3174
318
5165
7081
6491
2407
8773
9092
5951
9273
5046
717
9974
980
1458
9918
8035
296
2442
3228
8063
510
4071
3637
1285
7960
2976
6972
589
1197
1518
6149
7675
2641
3545
9323
94
5864
5874
5068
7738
2931
6404
8585
7355
9233
5921
283
7640
2547
3170
802
1622
4004
2390
125
2804
1930
3821
907
9890
8623
158
2023
1624
3503
455
1805
6075
1406
2170
3787
8230
8494
9773
3531
6423
6254
9581
6808
1211
3430
8400
2675
1001
2313
9989
5657
7783
4010
8899
2678
8017
676
6951
6276
1645
3398
9064
6012
6064
1265
2969
4981
8830
8396
2768
5188
677
3921
7183
8256
5573
2988
5324
5606
8740
8827
3038
7023
5257
1529
1581
6152
1267
1457
9177
6390
4610
7080
200
7193
541
8660
306
767
817
1845
1783
1960
328
1351
156
2391
4545
4463
9736
7553
6429
4423
7685
2358
8510
9315
2951
2150
810
4372
8176
3364
8753
9414
6411
1317
634
3339
856
3373
5170
3835
4021
8540
7142
8263
6850
6482
2084
5375
972
3589
448
13
3058
403
6001
3211
4109
8954
4083
7287
7573
4733
7723
4506
679
3223
3972
9158
1270
2664
9522
5202
2287
1153
2246
7969
4330
5297
5505
6297
6062
1200
8817
3876
611
8275
3041
8084
7459
4231
5036
6819
9236
3377
9350
433
2220
2865
504
8835
2245
6369
1284
8737
7643
2293
6219
7725
4729
9795
7875
3854
7901
3342
5661
249
3457
9210
6967
4267
6713
6948
6660
3628
3136
5908
8707
209
8754
8907
3604
7068
5611
2940
632
6949
6975
