5929
4735
9847
5239
3871
8349
9258
6857
1155
9232
5429
1985
7679
2093
2766
9187
1933
525
3253
1508
494
2958
2641
4151
6457
5286
3345
9000
5623
2363
325
3778
2457
6295
3514
9251
8485
3014
2162
6881
8362
6027
5987
9305
5169
4170
1562
918
5647
7084
4343
7883
4436
4363
6167
8669
9666
9497
7039
2090
1804
4754
4709
2332
5597
1065
5260
6998
6778
637
5671
9080
8722
2008
1701
9974
6129
3821
4905
4395
8145
7373
7205
1464
2230
6417
7655
2048
1313
5911
8987
4922
9208
8512
5183
9825
2950
2149
9330
7279
5901
5980
6105
7231
4729
3110
1171
5753
366
5015
3824
2912
6294
8471
1840
9806
193
784
5719
1514
3619
3231
9639
1807
4607
8558
5267
1940
2173
9797
439
9400
68
3803
3997
3364
2616
1713
492
6960
9176
6348
5323
8008
8066
5996
4892
5512
7905
4902
6854
5058
5252
7881
8521
9612
4798
9180
1197
4945
4448
6887
4650
4858
5811
6817
1928
4850
4316
9098
3818
6470
8881
535
7588
3262
9855
8974
5069
5349
4656
4260
2168
1722
1251
9508
411
3664
5614
2578
7200
824
2488
6789
3895
5606
1435
4959
9406
5241
4461
2951
4149
8228
7456
8295
3721
6162
8032
5832
1739
1408
4040
6725
4334
1640
2623
7143
9748
1475
9320
280
2382
7719
5160
8726
7877
102
1008
1975
9525
284
365
2216
3524
723
10
2901
5848
3884
4250
7603
4424
5372
1340
170
9936
9202
9505
8529
6124
5342
4039
4377
4819
4779
8932
5615
3223
9420
1384
4372
1565
3552
3723
3984
8587
5577
2608
6945
1844
6091
9534
6874
159
6075
4364
9428
5224
5768
2776
9914
8819
2142
797
5063
1266
2140
8070
9754
1518
5872
7402
4680
8367
3219
6898
8311
9945
7889
9325
270
5791
1679
9071
6039
9388
8219
4291
6633
2486
7686
5289
584
147
6855
6979
3567
7281
3399
4355
1510
9450
2051
133
8778
6208
6478
7848
6912
4518
6507
5721
4816
6253
5196
1152
9404
1044
2484
1329
4264
2128
1120
6981
1537
1015
3740
1115
5804
5833
3453
6106
8312
4313
4036
7933
167
5544
9981
8378
9675
2263
3209
7413
3983
4097
3058
3352
8091
1195
8791
9624
5869
8614
5861
706
9285
2581
9943
323
814
1823
770
4813
511
7194
8243
28
1765
3636
5695
6131
5949
7014
2319
2208
5737
5715
8775
8322
3626
3102
3618
4324
9880
2886
2656
9996
5120
3091
4651
426
522
673
2591
300
9256
711
5165
6876
7567
1407
2331
5582
2372
3238
6121
2159
8185
4469
139
295
9345
609
9732
9361
6096
4439
3167
5485
6560
2686
1379
5790
1371
1832
2065
2096
1357
6232
5423
3641
2379
7714
9429
1854
2723
1032
1232
4531
9805
5246
8651
5562
5732
8542
9441
4528
1717
2533
3424
8917
2398
4489
7872
2791
4488
1429
7442
3461
2864
8762
2733
4829
2194
4854
2702
7632
619
2583
1993
7792
9531
3719
1192
448
953
9923
7698
888
2213
1522
4766
1468
5489
4519
9628
1592
1234
3532
2028
6864
1781
4172
5026
7685
1594
7589
4404
57
2618
2936
2866
4161
8414
973
7496
1260
5784
485
194
1675
9842
4295
9316
8359
1052
3861
5392
7866
6010
8193
8199
9193
9175
1609
9271
2072
5416
5945
1505
5079
387
7512
4820
6890
4359
8536
1655
8227
2195
2721
2695
8163
8820
5409
1086
6718
8807
4262
5724
7192
6122
8240
2911
8090
2170
3956
6951
1952
1332
4968
9769
3060
8003
2492
7682
7814
262
1471
9983
3265
5331
3688
4668
1773
4135
2475
8802
4579
1981
747
9047
6900
7047
5776
9074
6737
8315
3256
5612
4918
2995
6670
7339
3656
8639
4632
5873
3410
2041
4888
5478
1557
6986
6892
3684
7630
2949
441
8787
2955
1239
9788
9349
4119
2897
7978
6191
6051
6251
5431
2190
8912
4309
2293
941
8963
1404
3622
5442
7587
4866
4719
5253
3252
1143
4562
5297
5956
2582
7093
8189
5078
9309
564
3699
9065
7388
9261
3355
1444
1337
4950
9016
8009
3248
1817
5822
2419
8836
268
3995
3677
3972
5181
8599
2036
6165
2289
3650
3834
8941
3046
5616
6894
1625
5592
1066
1443
4381
5969
5263
5251
5315
4832
1623
3629
2435
6268
3795
4367
2040
9723
9264
6993
6001
7238
8302
6664
5053
27
2015
2511
4413
5871
8749
5189
6858
6505
9357
119
6852
5443
5035
6843
187
4029
8567
7193
6409
1078
9552
2242
7457
9605
1659
1231
2543
3432
2191
5865
5411
1812
6519
9328
5195
85
7597
1838
2402
7428
3284
1342
6301
1401
46
6627
4201
7547
1274
5335
3575
3966
3040
265
2625
1858
3348
772
2440
1794
183
1915
9351
9229
2584
4597
559
5938
3569
1768
7695
289
6785
792
460
5038
7660
1108
8708
150
5202
3148
9548
1736
5366
9337
3082
5766
9701
1019
1618
2259
8983
2375
9408
7257
2068
3859
2400
1073
5999
9025
8069
1135
8921
4802
5230
8613
1376
6783
5339
2225
925
7818
902
7521
2205
5703
3115
4736
6385
5277
3361
4610
846
8436
3197
5186
1170
5591
9448
2828
1587
2991
7171
1315
9160
3368
2523
4893
1123
8167
7336
817
2575
1169
6462
5580
2344
7377
1161
1248
4433
5031
9573
8057
1184
4392
7824
6651
6831
3937
2573
3328
5749
6156
924
1992
3433
3772
149
1327
5381
2209
5846
9616
1628
9162
2236
4124
6315
2774
8024
9133
3467
2338
6022
3275
1410
1507
916
7572
9277
6425
4572
117
4268
3154
972
2834
5052
1172
9218
6205
5000
5773
1477
6278
7221
3864
8236
4517
7976
804
571
1501
4753
2826
1045
7147
6943
1955
3915
1020
8569
8154
1787
6007
2393
1049
2017
4465
3904
4619
2023
8701
9228
8262
473
2943
1223
5085
4777
4179
737
6404
8126
8581
8897
588
996
2221
7535
5091
9476
5328
4814
7692
8458
7946
7935
2410
742
3617
4256
4400
4841
3333
560
3159
8566
9989
7412
6238
1947
2830
9638
2069
8811
4222
4282
8063
715
4516
6372
1336
5595
6904
391
1100
821
1390
8540
4676
698
8764
99
8142
4767
2896
3786
6475
8827
9226
2832
3843
9827
5799
1459
5955
4041
9300
9750
6932
5772
8413
4292
67
1500
3400
3153
834
9775
1936
3260
3008
1362
5777
3076
8157
2378
6399
708
477
2530
8329
8098
5559
5068
2056
3183
3039
2444
3696
4856
9280
6241
9577
2726
6352
7666
9011
4411
8321
6865
3194
6502
753
3132
7961
8477
2737
622
4105
3735
6844
5244
5932
5243
3193
9683
1355
9454
5637
6812
6086
8993
7915
5182
2527
2330
6257
7007
2783
3693
5256
976
9864
5889
1097
2704
4934
1132
9553
2362
7819
6103
5355
5661
3535
8588
9062
4746
3031
5952
9778
1174
6724
4032
3852
3660
8585
5668
4731
5090
1927
3534
4716
3838
3023
6307
5395
1400
401
9515
3526
2421
5896
2777
4000
5276
9168
5883
876
8204
479
3094
7981
7696
410
5550
6731
7401
3973
3697
6408
4894
6371
8885
9763
7570
8857
6720
9564
8841
537
7113
5279
3491
4001
9079
6120
6420
6703
5188
4824
3449
3663
1650
5585
9894
105
7930
1710
6144
9042
9242
3819
2248
2638
3311
1361
7423
6686
2647
3813
5320
7291
2136
547
3866
1449
1529
2043
82
103
3993
2245
2983
8325
7564
4014
6322
2449
600
745
1796
2694
3507
5131
3839
1803
7102
395
1497
7174
6588
5666
9254
2809
881
8338
3379
9992
3765
3924
9824
1402
5598
4545
8303
1586
9215
6805
998
6456
8640
548
5208
4401
8878
3394
9393
91
7880
8786
1339
3160
4958
6582
1294
8687
7683
8892
455
7722
6283
5706
2255
122
4662
5803
8780
2264
8914
3297
7422
4100
4638
3722
1258
1289
773
651
517
4127
6557
9111
4452
4423
5514
9611
6212
1105
7909
2499
2083
8716
9159
4300
7297
4333
4137
621
7507
1002
997
904
327
7086
8249
8804
6693
2940
8346
3522
1182
1571
5663
9446
4470
7487
5767
6714
9911
1001
931
822
5589
1575
20
8034
5405
2879
8027
4612
9677
4210
7206
6985
6780
8839
7054
842
5665
9210
7121
2350
9792
2450
764
3168
7731
2572
724
7989
1601
620
7811
6802
5419
8457
3184
1058
7739
9306
9685
4500
3000
4876
4543
2823
4784
4993
8595
8630
5802
6965
8511
9741
625
2780
283
6264
4358
9402
8301
9657
5588
2129
3737
977
1380
8936
1730
1457
9560
6782
9216
2965
5453
7639
9470
848
4103
3428
7160
1237
544
4051
9033
4258
5129
1345
242
3234
3161
926
7940
6533
6600
8023
8755
5862
9682
93
6014
8108
6671
7204
18
3678
5262
9843
1009
7863
2688
5806
6562
3105
5440
1894
1884
626
5073
7910
9904
3302
216
7748
9803
9607
8698
7743
2374
8773
5946
779
4342
4647
3125
7926
693
4641
466
8563
9822
2288
9977
2781
587
647
8376
4191
6736
1224
7927
1491
9135
3985
5652
1179
5697
5903
7056
4711
1785
4408
4352
2715
6291
8076
4962
768
6194
1553
3121
4157
7878
4200
1776
9590
1139
4370
4038
1624
1581
8538
9083
1813
940
8173
4180
4703
6579
6161
5161
1825
6390
8464
3941
3879
4624
2601
3222
4460
7331
6568
4782
3426
2439
508
4156
4592
7554
9598
4308
9238
3897
1991
1472
2252
226
4972
6309
5167
389
6997
7497
4548
2487
8854
9795
2585
690
1324
3744
815
1107
8030
2089
6956
9684
3934
6915
5024
8980
6983
4831
3519
4332
2538
8624
917
3488
7022
4004
5986
1600
9347
9571
5326
2109
6318
2123
3533
5756
3029
3104
2526
2493
4277
3892
8058
7003
520
2164
6169
9646
1454
3204
6076
7891
8861
9877
2267
9801
6972
4822
4178
9298
704
5627
4194
5529
6072
2687
7876
3714
6369
8124
506
1968
539
4027
4567
2411
8905
7845
1747
7362
7583
2117
1364
3645
2172
6617
835
9001
1831
8706
8553
1363
2098
8241
1325
9221
6011
9329
5836
2197
4190
2779
8239
5566
3251
2082
9714
3971
9422
7832
2184
5109
3468
4386
813
7073
3583
4304
7123
3523
1353
8125
4305
7752
1567
6538
4432
636
2422
6019
3174
222
6717
5370
8945
1303
1147
3237
9260
2016
6365
9630
127
7488
2579
6185
2744
2396
9109
1451
472
95
4203
7542
8017
7988
8267
2534
9597
1617
4849
631
1711
9055
5377
7490
3614
7569
1101
6474
676
4933
614
2562
2861
3768
8005
5388
2275
8934
3673
4883
5879
4346
1227
9463
8391
1538
50
4547
991
1856
3646
3451
4284
6968
6429
4535
9637
5021
5308
8309
9961
1753
2357
2677
5568
7387
416
6846
7495
6099
7934
5617
7052
9270
8342
9435
5655
6774
5508
6366
8746
7128
1425
1033
3633
1298
6754
9736
4021
2750
7970
995
5057
7742
6839
8283
2013
8089
4564
9955
215
9576
9888
9891
3698
459
2612
3176
7049
9152
6320
5808
1168
4164
9014
4117
4536
244
9558
9342
5410
88
6333
6883
2318
195
6133
3185
8490
8232
7767
56
2725
3502
1194
6922
6587
9699
6752
3391
6988
332
6734
245
3555
409
5985
9969
445
5781
8052
6300
141
6682
2302
4056
9447
4199
4690
6895
606
3658
6107
4506
7871
4984
9054
5545
4815
2038
8961
935
2628
5002
9362
3793
9286
8604
4183
9084
7440
2762
25
6126
8898
1532
7649
107
7371
2827
7906
8645
3124
2722
9868
4360
4486
7697
6845
3652
2323
7555
6830
713
9652
6719
1848
5821
9680
2838
9332
1397
8740
2829
7190
372
5826
6025
5551
9384
9648
9523
4224
385
1396
8343
7263
4992
8060
3679
2091
1893
9542
3032
9882
3548
9968
7320
8803
3758
9225
70
4407
6521
6705
7758
6614
5994
5731
2073
1530
2260
2877
9747
596
5937
634
7477
5455
3431
7269
7936
8402
8805
8386
1036
9764
1083
236
8523
8441
3298
9940
9359
9768
9371
4243
1943
534
9603
7539
9949
6216
4453
9620
3958
7058
8208
2167
7235
3730
5902
4910
3418
