41
4809
8135
6820
240
6939
4729
218
2876
4047
3243
282
4253
1014
4067
5219
8691
5378
9881
7789
7894
9392
5854
2351
9923
9694
6166
4411
7222
3560
3646
1509
8633
9821
788
7185
9208
7875
4030
7177
8238
2543
738
1527
1697
9938
8162
6237
643
2626
6083
1251
317
6485
6099
9189
2337
2593
4547
3619
2277
248
4685
5989
1631
4895
5992
5143
5301
4224
9924
2458
7905
1072
1700
1459
7658
4288
39
6729
669
420
6682
5903
1604
3102
3266
95
125
2797
4728
5636
8257
6800
4079
7822
6296
8007
7409
3417
2103
3703
3735
7375
736
5926
3331
5030
7629
336
4881
9324
6904
541
9774
608
6297
368
2925
1188
9347
6633
3970
8062
6450
9959
4452
5468
4196
1494
5251
4720
8685
5277
2045
7128
6967
9042
8984
4958
6819
7547
241
4336
6890
1922
872
128
5680
1538
4412
4416
3549
4603
1000
6020
8407
3807
4025
113
3172
9238
8945
263
4654
9534
699
5066
5107
2641
6037
6997
3423
3862
4442
4340
501
5436
9593
1804
6531
5223
5759
3072
9123
1100
431
4051
2935
6906
3922
6811
1375
3736
1546
9508
9207
5457
3098
5540
4397
9233
6866
4655
6063
6429
6022
1860
3913
9833
4339
3450
521
2800
5321
7615
2041
9586
1619
804
4090
2040
4754
8750
5536
200
8866
3383
4613
7186
7419
1249
2514
5215
665
4005
2414
4494
8546
4402
9855
3854
6837
3557
6490
1037
7683
6515
5139
9002
31
7930
9539
7628
6780
6555
9698
8223
5348
3182
4132
7004
6069
9655
4703
7586
7584
8952
5292
4568
4820
5846
2706
924
2206
2816
397
4187
3108
4951
2374
8053
4610
8395
4230
2435
5878
9666
2101
8553
4299
906
3823
1660
4745
2777
5373
5506
3813
1960
9618
327
799
3277
3926
3141
1039
6616
672
6974
4095
1870
8976
1811
1786
2274
8175
3367
8150
3403
9757
2470
5330
5911
1650
5706
6171
4687
2611
7097
8335
9374
291
6766
3640
892
2031
6813
6605
8336
9457
1904
6074
8775
4633
6447
3930
5165
4783
2223
4010
6936
2967
1542
8121
8111
4430
3347
9752
2716
4517
4176
310
4158
8152
4930
2314
5519
1443
6814
8487
6993
3481
3323
5166
3710
4773
9632
1830
3152
6845
1078
7974
9147
77
7755
4017
7639
5573
164
3022
6712
9127
688
6163
6528
9356
153
5677
4291
6927
8491
6882
3914
5826
7506
75
3974
4496
9871
6259
5455
4404
1993
6216
2808
1539
8028
2158
706
2341
4075
3014
2377
8277
484
6417
9311
7556
7804
3828
2734
4074
6433
6581
5553
1988
9388
6307
5720
15
4142
1076
8923
7901
2494
168
965
4195
676
1170
4197
1488
8664
7163
810
2577
9382
6563
2744
4487
6260
6949
5725
3142
2795
1182
4586
3513
5427
2561
5534
8502
7653
3358
8439
6016
2160
3104
1587
6336
2373
2343
3239
7403
3381
5198
7648
8157
9039
5980
9246
9636
8704
9811
6930
625
1366
326
5825
7087
6991
3328
1041
2331
1674
3304
6120
8435
3590
3252
876
6923
765
121
2507
9418
707
5988
6922
915
360
6966
2159
7229
756
1083
2169
8460
9
5332
5685
5655
7424
3637
2108
8779
5252
3712
7781
6822
8558
3601
65
6505
4861
425
833
8758
5894
1413
6770
2306
1788
1663
6289
562
297
1323
6978
6807
7342
4349
3901
7160
6167
2723
3920
2590
5600
7151
3925
3260
7771
8452
1137
3816
9338
620
4489
1671
602
198
1260
1898
1242
3314
8663
1335
8459
8020
5583
2663
4456
9431
1558
1673
1828
202
179
7237
2755
3164
1506
7861
725
8045
3797
9680
5395
929
9402
7095
2700
9118
9795
5087
2115
9796
9330
7531
9568
207
8825
9557
8559
5882
251
5119
2085
3237
3196
7840
9430
1710
9211
9974
7753
2986
1523
7336
2530
6436
9464
7393
3516
4960
7568
6414
8850
5238
6636
8585
1220
3325
7739
735
4704
8503
6103
175
8263
6854
8762
2311
2345
6618
939
5653
9126
9649
5364
6403
1001
8615
8834
2010
3289
8971
1185
3752
5339
3882
5401
8195
3057
7565
2677
2818
4978
6944
4502
3889
3095
4515
858
5225
6824
4501
4855
4694
9384
9480
7196
926
2410
1015
1097
5437
7560
1751
2143
737
2609
2447
6877
7299
3496
6051
2571
9976
3178
1346
7388
7318
8890
196
4543
8806
7833
6850
7317
2695
4186
450
6714
6886
2535
4520
5464
5407
9899
45
1106
3247
4166
6518
6480
5351
9027
711
7809
2000
2993
3213
1905
3113
3360
815
516
7216
264
7900
1735
3808
8961
5460
2660
3011
6419
6584
7485
8737
7098
1896
7271
8092
9664
8236
2923
2163
3906
6170
4086
1407
8314
2630
3283
3937
6331
8393
5839
4673
5631
5268
862
4207
419
9518
4949
3199
2393
4278
3604
4860
1936
5868
2835
73
9128
7655
8810
2958
7525
7732
8656
8024
8635
894
7313
7021
3730
4376
5705
3350
2720
1434
2878
80
6781
9809
3255
5660
6415
4908
1052
5259
9026
5050
6488
7784
6956
136
3536
4453
8557
1048
4600
8564
5688
6647
5752
3036
5113
4599
3119
850
2247
7977
7203
4931
6363
6990
6184
8102
9682
5327
301
313
7872
5994
6064
714
6428
7441
5928
2220
1022
9209
154
8562
5231
4587
5099
4585
1576
3371
5798
4398
7764
5008
370
475
1586
1417
1436
4638
5039
8939
7230
6448
9911
5314
9813
6613
7392
6687
6377
5186
7420
4887
9994
8490
8508
8988
3910
871
4417
3696
3885
6440
1458
8130
8801
1390
58
6031
9287
728
9055
3580
6227
5804
1230
7756
192
4645
8556
6253
4518
9393
9460
9203
4947
9489
4769
8322
6140
9107
3919
1387
7820
4516
8318
4101
8004
9308
9563
6445
2834
9303
4533
9273
8854
8326
8492
6691
9001
5687
187
6801
6767
2436
8542
3951
3045
2991
2479
9548
6093
2868
1948
148
9840
4808
6517
2090
2877
9420
14
2509
5027
477
1849
9479
6356
401
2671
5159
2898
