3372
5855
5546
1612
476
536
4307
5993
9608
7454
4683
6029
4647
4737
7283
8610
1412
7293
1346
4478
8994
4446
1689
4910
7414
803
6682
4570
3386
8497
3992
8541
648
9659
5706
236
6859
5279
7083
7647
9748
6554
256
5721
6812
9422
274
1752
5834
5026
9787
7187
72
6243
4299
7361
1673
5352
9651
3217
6780
4427
5488
4571
1313
73
7533
2394
5206
5039
9664
8566
1319
6821
1999
4815
3138
5031
3346
6174
2044
3871
3709
8278
8524
6490
9157
2954
7408
5588
3662
499
8287
5164
6911
9417
1738
7211
9877
8222
8947
2031
9151
3616
7403
7668
232
5334
5160
4038
470
8849
513
8591
4799
2586
6155
8115
6794
6394
508
5658
1579
3551
95
6676
5695
8346
5035
8240
6946
9137
1493
9081
5462
169
1678
1286
4056
4238
9549
5306
3494
7975
1022
6750
5780
3223
354
6809
8865
7423
5136
1494
1495
4854
1600
7981
6276
8402
1861
1396
7965
5550
6213
8677
325
432
8556
3207
46
2003
6653
4812
5503
5764
146
2671
6076
4241
3595
1774
3610
9099
5231
15
7421
9560
9166
6286
1229
2205
8930
9867
4556
7442
8746
5887
1839
794
