9083
8307
1236
3344
2518
2748
5750
6160
6949
9837
7110
4065
652
7618
1872
5212
5787
4851
8961
1207
1446
9389
7694
7713
9801
6645
4213
7152
3721
7208
1185
8775
8212
7048
2686
315
6770
3458
3519
2126
7866
2149
5706
4926
4328
6853
4371
650
5353
3422
5842
8083
6363
7700
6931
2985
3901
2567
8567
3382
945
3432
3112
2968
4327
595
3083
513
2486
7304
6813
3540
6630
4681
5169
9639
3512
614
1672
1572
8996
3648
5457
7212
3766
9554
2668
5050
9439
3287
1751
9610
5259
8418
5190
1150
7708
1016
5380
3777
350
3560
523
6990
7862
159
3801
5774
9666
6517
7433
3651
2168
4393
8046
5483
524
3681
2697
9996
3160
6179
2371
7522
6907
2561
5171
9586
9496
3864
8469
7341
4714
1595
7002
6892
7521
7977
8558
3792
1457
4897
9238
8542
9380
8027
3467
4689
5032
6443
6971
2772
8452
1656
3108
9640
6223
4117
2351
279
7059
2758
6399
9843
2276
2480
349
6535
2273
8927
9109
2081
3129
2925
233
3593
8383
5296
4941
6062
6111
64
5445
6952
8659
8325
1490
3842
7546
5866
4092
6186
6109
5265
1667
8031
2031
6095
906
2344
4983
9885
4887
2194
4042
4703
8712
6113
914
6751
126
6583
2367
3050
4298
4114
4089
7416
7571
3005
8273
5382
972
9033
7201
2547
6148
9143
7392
6016
8191
3327
82
5140
4825
791
7484
4158
5470
5821
8946
321
4519
3548
7714
9738
3441
5618
4510
4340
3217
2467
909
4617
969
4135
6238
8650
585
4529
4345
2300
6008
6978
2174
2119
2732
7316
5882
6714
7932
3270
1136
5551
1407
9327
5046
7407
8816
4177
1451
6221
4508
828
2532
8108
3224
7134
8012
1932
7486
3278
9676
1853
7503
2702
6320
1024
211
2220
327
804
6029
1384
5196
9053
897
7989
8782
5255
5252
6004
9656
8656
7940
871
9562
1406
9443
4863
646
3878
3658
4901
937
2736
9007
534
6226
2836
1430
2114
9228
4528
1069
5967
8889
6252
4083
1128
2519
2667
7978
8912
6337
693
5571
9495
8525
9043
4359
8119
5243
4034
9541
5555
5519
5294
8709
1021
2573
3366
220
4622
6559
3724
1301
9590
461
1190
3161
9028
5201
8582
2624
2716
7076
4007
6611
2529
9923
5588
1054
7314
3611
9012
4917
1375
2707
4975
9528
9900
8047
6555
2083
4511
4272
7057
7563
8885
1170
2110
9529
6826
9688
7715
7441
2814
2837
8548
5442
1193
8345
6374
6742
1097
4545
8019
1579
5450
3964
8868
8213
3135
820
4660
7882
6294
619
9904
3368
206
1081
641
9085
6564
9201
9168
326
7784
1108
3761
638
6755
3496
9103
1061
3262
4976
308
2068
9519
7136
2863
3258
4063
9454
292
5879
951
546
7982
7437
8909
9417
9290
555
1755
1762
1978
196
8681
932
5589
500
4789
9009
396
3635
7809
9947
780
4070
7004
847
6483
8241
525
3795
5136
8077
490
6317
6988
6869
5980
6601
5394
1363
5432
4918
1281
3497
5234
9949
8794
1538
2800
4568
9426
109
4857
1512
9687
3232
6041
8725
6741
2140
9431
9668
1172
210
2739
4187
7474
5218
3220
2754
3162
5503
3699
5079
5664
7620
5784
3225
4010
9872
8395
1581
8037
3770
7150
2904
6261
2192
9180
8406
5325
1705
1474
7946
5285
6622
9696
1508
5134
9082
1294
4420
7638
8899
2098
7969
7970
8014
3324
4735
148
180
3659
6039
3977
8321
2437
9651
8396
4567
3776
5351
654
493
5124
202
5017
403
4506
7704
7942
645
5902
3974
920
4053
5083
9478
6900
6797
6416
3679
1574
2377
6619
488
4733
418
25
5836
6090
4276
1115
6298
5954
588
8122
5932
5853
3105
3354
9122
1772
6467
8158
2197
1665
5930
4223
6566
9950
3561
3523
2163
9534
7436
7271
260
9870
3810
7013
7070
4254
3883
1629
1702
4884
5379
4908
9625
5392
9191
5179
3020
9395
3722
8483
3564
6590
4752
7560
4137
5001
2683
1348
2416
636
5312
782
7609
4783
9951
3400
4296
1536
7142
1777
1554
7939
9488
3793
8054
8068
8545
8896
8894
335
2798
842
8503
8148
8455
6520
3677
2699
2974
1788
3047
7952
8490
8811
3208
1378
8964
7644
8979
8882
757
3285
7001
1622
9461
2970
6568
4524
8991
514
3996
9093
8646
7957
4600
1557
3296
5039
247
8093
6348
4082
6670
2781
8268
961
6824
4149
5785
1616
1740
6372
9170
376
9659
8843
8570
9254
5998
3690
7881
286
7799
3443
3172
2679
9815
6779
1308
5487
4736
7791
5536
341
9746
1785
1297
2405
4101
3590
3444
7823
1753
6624
8773
7094
1088
7380
7972
3529
794
288
9432
244
1627
8948
9385
1864
252
5368
7340
3365
3311
1985
9045
3581
1586
1139
3402
5925
9020
8262
8699
2652
7622
8239
3298
9633
6940
9678
624
5504
3272
6958
2171
5651
4154
9518
1643
2535
1510
5630
270
9185
445
1336
8592
4940
5718
2472
8657
8768
7171
4737
6297
953
6758
5303
4553
7848
8707
6950
1928
14
3066
6697
4388
3803
4323
8153
2954
8975
6807
3290
4261
1239
6648
9886
3640
4589
296
7793
3956
4541
1177
4651
751
1443
7692
4731
1973
8702
9826
7153
7193
4002
110
9233
8892
1365
7822
9340
9660
955
4957
3210
1313
9700
2429
3391
1471
528
3010
1782
6862
6556
3932
7739
8974
3735
2301
6658
7252
7143
4928
8884
5547
2550
1070
2113
4075
9697
6612
2056
3398
3009
884
9890
3978
5386
7198
2620
8180
3663
3785
2312
2866
6487
6989
1337
7278
1951
7981
4989
3506
1043
3509
5603
7265
2638
442
5127
8565
6036
4716
7994
761
6239
1444
9694
2291
829
8361
374
2310
9869
8147
2076
5759
8966
7922
7680
7116
8488
1763
4353
2797
8662
3558
2742
5992
3744
9047
2489
3821
4915
1737
4147
4390
7595
6291
6101
6287
8428
6477
9374
1102
9347
8271
8189
7684
215
5820
6948
3206
7334
8863
8683
6138
3078
8619
2305
1635
4888
