4537
8364
4397
1560
496
9732
7163
4059
43
9499
6572
2612
7280
7686
1140
9299
5668
5041
2152
4883
2517
5314
5661
2321
8912
2001
6708
3355
3773
1100
180
215
4223
6255
7848
7886
1165
4522
4244
2586
7612
3267
3838
8692
899
3211
3758
4387
6991
3101
8802
5378
1240
6583
430
6645
7361
9756
6389
4792
4481
2646
4544
3418
2784
2898
1442
7198
3306
5806
7696
5825
5080
8674
6080
5433
1959
5563
6552
8854
605
7549
4278
3923
7199
9534
789
7306
8735
2021
3667
3089
7660
3050
3964
4020
525
2621
39
1637
495
1603
6751
7088
8945
3513
4578
7875
317
7777
6553
8526
4588
5777
7175
40
3543
9837
8604
393
7999
3508
2444
8034
3336
3229
2821
6558
8318
8127
3284
6778
8587
3889
4733
4935
1945
6061
2301
7383
9254
4287
7081
1737
7401
7795
3099
3259
7116
6105
6859
9112
4669
2604
473
9408
3122
1354
2608
2079
7341
1731
8512
6202
6536
9220
9371
2117
2468
6610
8821
3748
6996
1525
7608
9477
5198
5429
8063
4779
836
2213
5690
3886
963
2887
3061
9372
5619
3715
6680
8174
4497
3867
6197
8374
2034
45
5828
5478
3303
4812
2361
6117
299
4469
9701
268
4404
6900
929
3051
6304
6603
5644
1171
3138
4474
568
5252
2153
1509
4311
8522
6528
753
1089
2085
7611
4515
7414
9975
7831
3192
7317
2874
8632
2959
4653
200
4688
6435
2346
8956
3351
1684
9871
1232
8158
90
9181
5371
7669
3391
5519
6577
3327
76
7569
1155
5925
1534
4830
9922
8211
9787
3141
4025
5756
222
8740
9498
3518
517
4793
1197
6546
1739
2585
4612
1153
9373
6043
285
5365
5300
1904
6909
6131
5216
1098
6352
7801
9495
3791
948
4922
1872
9763
5418
6209
4667
6054
7670
7124
4975
1814
9124
4817
1378
5894
8094
7434
9034
8353
5715
8217
5580
9957
3845
7075
2392
4044
5297
2422
2535
1712
6082
7227
6011
7824
4075
2352
4041
4318
4781
890
786
2536
4256
2195
4633
4004
3603
4808
3112
8037
9731
305
6138
7815
1844
509
2900
8634
5863
2077
2240
4400
1081
289
3087
9171
460
2442
8800
5280
6158
3113
6918
6928
2448
5473
5968
2178
615
5951
2735
2202
5513
4582
9497
1429
9099
5759
5163
3876
6713
9861
7575
6012
7654
1128
4477
3977
8129
8828
2323
4542
5360
2485
3490
6729
6542
1137
399
8083
6405
7018
5660
6867
8843
2724
5942
7774
9216
1034
5960
6733
8307
859
2682
1381
7659
8163
4172
7567
219
5973
3252
3088
7292
3731
7600
1498
5292
5148
4568
9136
8874
4839
2095
3848
4740
1921
1357
4695
3464
9655
9278
7184
3524
2003
9080
2385
7828
344
7837
5344
7127
4629
3499
3574
4013
3135
1135
3164
7571
4003
9639
1186
6453
3422
6052
1321
1543
6313
9394
9253
8507
8855
9161
9809
5705
1294
8848
2458
314
5984
6322
478
7743
7419
6976
7242
2922
6282
1043
5645
4329
3708
2740
7604
620
1322
9692
6120
5064
1058
8006
3614
6502
2539
3196
1997
8897
1782
4920
9105
7066
4652
2635
7236
6682
9329
7821
5713
7187
3793
2514
5071
7797
5598
9463
4241
8295
8477
8017
2423
1854
5236
3232
9900
4806
8468
8502
1596
7039
8218
8434
1633
7685
5045
1848
8306
6686
9874
201
3326
1914
8560
9377
7246
5256
5933
8336
3312
3048
6036
3742
9865
3934
1420
8595
5388
1850
6652
6512
1360
6262
5769
588
1039
7882
1944
5687
1115
3157
6948
197
2559
8653
9879
2804
4239
2910
136
4852
3053
6382
2254
680
1769
4519
7598
75
4563
3540
9734
4539
7909
4416
1901
3172
5946
3296
9651
2504
9968
3325
6969
5718
2157
8624
623
1383
8240
7410
4705
8518
8538
544
3423
1141
761
7169
4971
6181
4992
1305
9637
8756
4036
8441
4904
7111
3231
4493
9062
9739
538
2128
167
5255
9378
4679
7649
1751
3833
5359
414
8058
9844
3228
1856
7188
397
3828
3178
1127
95
148
6666
516
401
2439
1113
4214
1780
4567
8935
1986
1249
5577
3609
244
4448
5819
6742
5098
2333
5781
5263
5490
2280
0
9878
4081
8309
3065
2386
2864
1122
31
4978
9959
9899
2462
8716
2550
7591
9623
7808
1622
1747
8010
9650
9308
2325
8748
9180
5479
7542
891
5537
827
9358
4722
8915
767
8908
2511
5262
9813
7736
4937
7541
9601
9798
4949
5908
2472
6642
6367
3324
8439
5991
4341
8987
2969
3162
7474
438
8694
4639
7472
1144
9892
7083
5814
1943
9546
1490
1599
6819
9210
2255
8572
1919
3968
2435
2893
2414
7053
4972
5129
9990
9779
5316
1958
5279
5915
7067
3795
7078
1224
9617
7356
343
485
4310
5720
3650
8834
429
4083
50
5001
3093
8333
7136
3536
3343
4292
7862
5618
2629
6709
5862
1491
7248
844
1464
8087
1007
2299
7644
7162
8241
6632
3835
2211
7254
2632
846
1050
7212
1130
8142
8599
245
9804
5470
898
5027
8232
8783
8910
1526
3757
1541
5792
8119
9988
3105
7396
3959
453
9307
1291
1855
4301
6325
4317
5381
1284
6302
7506
6832
7074
8484
2452
6626
5737
9609
709
4288
4940
2679
3936
442
8350
1423
9960
9640
6060
6712
3817
6993
3427
2949
1457
2757
5343
5971
3908
3148
4386
237
7297
6066
7161
5552
6940
8197
8738
2914
8593
7475
9250
2123
9293
3722
8812
2526
1123
8149
6163
2336
3454
9886
6989
9351
866
6488
5458
6165
2488
58
7949
3210
5779
3677
8614
4120
6584
7316
5635
441
6318
3744
1185
7794
8964
5149
3202
3613
8288
4495
8184
5947
3348
2880
6272
7543
6218
84
6688
72
6378
8801
4289
4657
8403
9027
5872
8245
4012
2713
2719
8780
3890
7857
8919
8113
9488
1151
6857
2509
6484
2244
6070
6667
1664
3813
3598
6854
7664
2395
6624
545
4944
8939
2616
6582
4303
3915
8717
7269
9326
5474
1582
9709
817
645
9370
9281
4272
3831
9531
