8747
4444
5574
3612
6580
5349
4635
8112
5959
1248
732
7279
6498
6953
9625
899
7430
3725
3062
2105
1299
7808
12
6653
7196
6463
520
4008
456
1698
8682
7472
7855
1273
3139
4506
2371
9246
7103
6682
4121
7514
4528
8609
1934
5948
3447
6326
1665
8846
3378
8206
1181
2737
7749
8160
6330
2112
4836
977
3588
892
1546
6947
612
4824
1159
2578
6524
6135
1946
3029
7604
9476
8174
1356
7423
5086
4687
4508
9794
183
8950
8765
6315
4091
4196
1646
376
8577
8515
9337
6916
4777
6385
8390
8000
2289
2122
628
9321
4438
5989
5050
763
2709
6075
1425
1855
4206
7319
1367
2686
5563
5253
3839
2826
4786
9879
7696
9677
8491
1339
5860
4474
8719
409
8875
2152
6672
5964
844
4246
7698
1758
8867
5917
39
4030
84
9543
4740
758
6217
470
4869
7408
7337
5481
427
3176
3540
7208
4205
7513
5966
1460
9448
801
2568
2094
1954
8822
6866
959
4329
4436
1043
1110
4548
5139
262
60
2970
7613
3832
7475
2898
2653
3774
7491
8769
5148
4799
9402
3253
8072
2583
8895
1571
3943
9052
4962
9592
4797
1219
4901
4963
1564
9995
4450
6327
6993
1039
3058
9406
8560
8171
2906
8778
741
9331
463
1528
854
5352
8597
1603
5882
1940
5244
7877
9789
2688
3077
5573
328
643
6771
9367
481
5991
5463
5553
199
3881
4550
8935
3304
325
7215
5862
4013
5323
6670
4077
5913
3850
1909
5814
206
975
5345
4879
7399
7723
4075
3723
4394
3783
3318
8337
401
9581
3472
5046
2838
2127
7741
6227
504
6897
1227
6844
8637
8330
3360
5482
9212
3251
9950
3255
4825
8548
1534
1484
8463
790
5934
4918
958
8184
3488
9425
3134
1393
2651
5527
4741
2031
4063
4686
6648
9238
519
6704
8901
7585
2695
5397
667
2798
3494
1557
5385
5146
8183
9229
5411
6288
2481
9341
8549
3597
2646
1806
2570
9393
9319
3517
8672
884
2341
1832
122
939
550
3822
1852
6740
1208
3528
8635
1369
4818
5060
7361
24
4481
9428
5493
3
4946
83
4805
1311
2567
6205
3105
3347
8371
4158
7067
3224
5401
4626
5886
3701
3405
1705
4938
7457
3427
6399
7960
6636
205
8060
2889
1088
9809
6150
8305
3763
8470
1874
7841
3643
5887
431
8001
7291
9127
599
825
4308
9753
5750
2844
6358
8201
8388
460
6372
4386
1280
5256
8900
5501
6534
4611
5212
5685
6374
6988
6841
8297
8246
5269
5196
2635
7609
2887
9535
4559
6785
4654
6884
9121
692
3421
3502
4304
2834
5850
9929
9189
3564
6070
8227
5140
5111
9536
5853
7280
2392
8888
8952
2706
5314
1249
1979
800
6664
1775
4064
8426
2389
7050
8947
4595
2843
8907
5696
2276
7237
6735
6499
9959
1030
6642
671
4491
964
5719
7829
6516
9030
2381
6878
2780
7422
6761
9435
3960
7714
2423
4971
8099
5101
4460
9279
9864
5372
8146
8189
8181
5981
6365
5880
4749
4692
1189
586
8687
9940
4028
9492
3533
3626
9289
4267
4717
4387
970
6457
5693
9842
6859
6320
1937
506
2907
1785
5688
4691
5419
1631
7226
1597
5554
2730
1623
2990
158
9528
3333
8772
5602
2419
776
527
2639
342
119
3813
6920
1650
2403
4020
1060
3709
7536
4369
9114
5593
845
3800
655
3008
4497
9779
6919
9577
8056
2412
2796
7502
5611
1953
2604
3022
2829
5810
9624
3985
856
3562
8581
8481
6586
9694
6398
6989
5568
2619
9478
8615
4849
4100
3306
7626
2324
3040
4210
8805
259
3308
2254
9681
7126
8244
2039
6035
2517
4274
8252
5899
826
1266
2226
9333
3944
5204
5228
3468
5974
8450
3480
6775
625
1961
4347
510
2011
3205
7151
3439
3711
1602
6697
6311
461
2368
888
4191
5001
6671
69
7073
3179
4956
6413
6786
820
7200
4656
6283
5458
41
9571
3400
1049
7448
827
9474
3455
6194
9547
9263
6618
9334
6461
7114
1375
9832
4085
5726
6950
3987
3834
6274
1706
2727
5629
556
6023
2837
8005
1217
9878
4600
4166
4565
1089
7492
1379
485
6309
2648
9960
965
3530
2627
7519
9338
2542
5396
578
9662
4719
673
3910
45
574
5955
5861
8191
6250
5286
7913
4684
1521
7153
100
4877
2080
8023
2139
2267
5019
2972
5815
9193
6121
8068
6694
7173
2166
3692
4852
4834
767
1245
6219
5727
8999
9039
9044
188
995
727
2559
4078
2964
6970
1423
785
5566
3785
3682
7707
2430
2802
4516
5308
822
3177
3686
3354
8879
386
5963
6489
6846
9087
6066
3566
8158
6455
5669
5277
1323
6645
9755
7773
4016
9692
2563
7481
2487
2988
8124
7260
6601
1099
123
5614
1179
192
5414
3710
8150
1753
141
562
2257
70
2003
8346
5980
6764
1155
3639
7899
3341
5262
1599
1608
1116
8811
6518
8016
1980
7348
1755
7271
3937
9820
333
539
6384
8891
1843
8667
336
8837
4311
53
6157
2004
7694
9110
6420
500
7925
5203
2770
43
4993
2531
6448
372
361
3295
5255
9261
2129
162
4707
5403
1154
5106
9408
2930
2361
4512
4428
2669
5940
7993
1790
2428
595
6710
1495
4634
858
5586
5291
9822
4148
42
5817
5093
5441
1956
5721
1820
4582
9468
5068
8590
3002
6719
3364
5344
5856
783
5305
3856
8897
4316
7095
5892
448
3369
6479
7805
2017
5864
3539
4862
8084
1353
8742
5360
6537
2946
3264
5268
7854
6062
6477
51
4866
632
5543
1768
6687
2301
1928
9352
3981
8833
8226
6379
6655
8050
6783
9997
2033
8049
3702
7878
2957
8031
8375
4212
8513
847
3450
5556
2741
8588
1351
8517
1750
454
101
8621
6872
8113
2442
9823
9298
1929
8997
1878
134
8545
8168
1799
4960
7843
4001
1399
6782
23
925
8345
677
6397
8865
7997
2523
8441
3570
7662
360
3854
6604
9569
2612
7633
2172
6854
5782
40
780
2543
4519
452
5083
1190
4575
523
9839
6408
8315
