4159
4483
9208
1520
4352
5653
989
2264
3763
470
1833
8214
741
9515
3095
951
9851
2758
4141
8808
5815
4197
4143
543
9741
6985
2622
3289
4896
3636
5003
8818
7283
8507
5367
5105
5891
6179
8075
4529
9212
1244
2799
9261
1465
1477
6771
6178
5437
8316
8429
5102
1048
2663
3948
6123
6416
9298
6396
127
3809
900
9071
8781
6413
1159
7990
1146
5573
1483
6355
6573
6631
550
1341
538
5354
6849
4398
7879
3473
334
7458
570
5170
4676
8945
2369
536
2136
8001
1484
341
3358
3050
5127
5494
1845
7731
2655
1018
3277
1067
6220
3181
8069
2958
1840
9790
6564
8357
849
4314
7243
8232
4803
7941
1469
8319
3340
9768
6839
654
3221
8784
6828
8807
8441
3522
7937
5257
2549
2687
3538
8227
3195
6806
8668
5557
1503
1087
2944
9133
7787
3654
8518
5672
7232
8439
9227
4391
4014
193
2954
3954
1964
8180
3944
6061
3852
880
52
5011
3151
192
3089
2385
2061
7061
7446
4976
3049
3738
5007
4470
8806
9205
9605
4139
1348
5405
6303
6301
5979
3637
7213
4332
8403
6020
8512
3726
121
9755
3183
1932
9007
1111
4594
7220
7212
1726
8972
6625
2953
3714
5558
6992
7374
6014
4097
4369
1332
1431
7719
2780
1939
8295
6711
2907
1455
7589
4430
9384
5202
1786
4167
3858
9691
3361
2701
7019
4180
9682
3026
1755
761
7668
7843
8706
5152
9099
2349
2044
2693
9087
3920
3853
3734
7469
2355
6477
9979
1956
3691
4489
4582
993
2719
9537
2177
4712
2831
6599
1710
8654
8354
267
93
276
314
8307
453
3586
1130
2291
5525
4982
558
9962
2621
3827
4943
3854
6593
2292
4096
2548
4689
2604
6323
3025
457
6910
1599
3896
206
8244
1183
7159
1672
5688
3396
8550
2436
7983
7818
4411
9716
9873
5056
962
5827
3172
6103
4772
3510
5352
8262
1236
1453
5904
2124
9633
7805
4321
1136
5385
8612
5356
5348
621
9503
653
9348
3476
9857
6195
9185
7373
5419
4759
6399
6025
8060
6589
1040
8707
9093
9939
3170
5768
6443
46
9024
1542
7197
9015
2570
5218
8511
1266
8305
8514
4863
4514
7460
497
1615
3299
9059
9752
3308
3218
8223
5137
9835
787
3087
6091
1578
169
436
7387
7995
9773
8522
6237
9445
6541
7314
6941
1886
6389
3871
3400
6079
358
7099
4657
8409
992
5485
6612
1917
7151
9319
7242
8363
3394
3708
3583
643
3232
5698
3263
4995
9538
4018
5315
6
3145
3982
1296
7555
430
2699
6632
3324
906
3303
3593
5916
9391
7195
3074
42
9763
6317
9406
981
3010
980
5184
2894
0
3352
9290
9285
2731
3929
691
9495
7273
5597
4734
6077
2113
831
9871
7796
2742
4823
3237
966
4640
5569
4715
4193
2597
3630
2590
376
2434
3732
475
609
5230
7270
7305
9860
9440
1112
3247
8369
5785
4847
4394
83
5943
4406
8918
9993
4624
2161
7943
1313
419
8339
2556
4095
7353
3234
974
7832
9297
4725
6062
3186
5546
3033
4194
5330
9086
71
2691
8017
3881
1627
8042
1222
84
9368
3213
554
2738
4027
1434
8576
2306
6576
1986
1460
1440
6336
4079
9896
9552
2582
1340
8457
4176
3710
3414
705
5319
466
5738
5399
9309
9702
3193
7459
9969
8478
5850
7013
1908
4004
2553
7865
8430
8458
8489
65
8568
8837
1187
6343
3372
1740
8997
579
9920
8250
9033
118
5083
4740
9722
2172
7676
9343
9239
8097
1422
9786
1058
7661
3936
4728
2428
9134
5612
3515
7394
2063
3137
8380
7781
923
9116
6159
5608
5305
1389
2978
2771
9501
6156
7575
1014
4117
2635
3498
6883
3961
4188
6988
7533
656
5119
8273
4691
1327
7441
8776
4892
3543
9358
9474
3828
8127
350
2773
9551
7014
9047
3270
5296
581
9079
8468
4166
4893
1620
6832
8912
331
4873
4034
2603
3384
1292
2670
4891
9570
3729
6334
3756
2075
7740
1772
5567
534
5657
7016
5324
7780
3513
8258
64
982
5048
4168
9399
5895
4036
1149
6457
2175
397
8572
675
7894
6578
529
117
755
1125
7913
7229
6894
1852
2042
9425
7388
1511
6519
956
8633
5967
5798
2480
3152
9326
4598
4215
6074
8014
1123
8293
9505
3870
8068
6183
3681
628
2551
8908
4908
6581
1523
2470
301
9110
1168
8080
3784
9463
5093
2770
2316
7498
4000
5142
4636
3258
3266
7062
1041
2828
3850
1884
6591
3523
1940
9648
1933
1228
7087
3416
7558
3878
9337
8385
2658
6199
9237
263
8774
326
9898
2767
2541
3431
6512
8027
8936
2486
3907
1573
9628
5460
4226
9155
5661
7198
7338
9750
2961
442
6970
1576
569
8600
9546
5361
7684
3470
5320
6374
3440
2505
8558
8709
7581
3109
7852
8632
1718
9856
4865
2997
8449
5189
6958
7878
8292
1595
8607
233
9739
8093
4520
5607
6502
1758
773
6310
1727
279
6092
4570
7483
7333
7671
4765
6547
8044
2095
4820
6186
4816
9170
4090
6974
5389
2067
1195
6232
4571
5478
4061
7335
2265
9183
3143
383
9206
1291
4401
1052
1131
9083
7389
6713
2730
3160
5847
2610
5393
6363
6221
2558
2365
391
1632
9553
4868
9886
3596
7701
2003
9907
6009
8488
1953
1033
802
9228
3615
6204
6951
3996
4702
6769
3577
6553
4145
1735
9614
1272
7736
2447
7692
2192
526
2926
8115
629
8002
2333
6744
9305
6209
4541
7063
4196
4311
3107
649
4016
9558
5071
8204
1750
6699
2874
6201
1738
4668
9506
94
2236
9287
349
2563
2829
2456
9934
1383
9839
2526
2383
2083
3146
3814
3988
9065
5492
1868
8649
1178
4975
4966
1398
2704
5780
2334
8210
5554
4223
4465
5805
2444
1367
3740
4092
1444
5647
8290
6357
7361
6767
9278
3730
7915
5365
763
5285
8240
2363
324
1138
9453
7784
9777
8724
4754
4800
4267
1814
2672
2542
112
4462
7548
8869
1712
9359
7008
4433
8970
3830
4915
6242
5458
3845
3787
257
7474
3656
7386
7907
9249
4999
2890
8583
4729
8766
2034
9353
6262
4696
3478
9118
3390
6737
4543
176
7996
1163
6984
8979
9390
4738
5857
7712
1906
4735
2957
1384
6290
7625
8601
5451
5394
9409
4779
5132
4987
6446
4758
7677
1139
8243
6398
8269
9414
797
5161
25
9179
2757
8259
9416
3995
8873
3718
3317
4445
9104
6661
9808
9245
6480
7487
3624
1006
2286
660
2372
7946
2688
5853
7993
6083
227
4664
7327
268
1363
292
6702
758
2500
8961
5860
194
4007
6755
4022
5509
3338
8329
537
2849
2727
5055
8541
9415
6386
7288
3110
7313
2111
2671
5045
2782
4589
4227
5528
720
4569
5911
3000
3449
1847
8100
3628
8905
1539
7665
3651
2399
2338
3339
3280
9542
8789
4108
4588
9791
8705
5461
5956
6164
2646
8755
9492
9062
1290
4954
9574
7012
2104
7715
2127
5263
4687
1022
7541
5122
1506
3330
2617
5028
2028
6926
3034
7847
2998
1904
7055
1406
3465
4532
8063
3682
9811
2572
7258
8336
8856
3446
7756
8779
5340
9579
7125
264
5368
2946
5217
7896
1268
7226
1281
6650
4473
2324
7091
555
3331
255
167
3924
157
5936
6747
623
6513
599
2146
4399
7666
4080
6902
7182
9120
6153
1675
1352
8393
1696
3012
9785
7480
6119
1459
6473
7407
7928
8272
1694
9697
6097
1516
2861
6916
3582
1409
8819
3610
8797
3117
687
1034
7135
7550
5234
5515
678
175
5280
7269
9601
9300
6055
520
4144
6760
9855
6298
2496
6655
7778
2255
6693
4944
1537
1925
2482
1365
948
5991
9798
8700
9828
932
8792
5299
7508
3190
9932
5987
702
9941
9461
3389
2209
700
6188
8931
832
4555
8300
6189
2382
9231
9097
7953
4901
3802
2220
2912
5474
2323
1258
5752
869
6215
7876
6090
4131
6794
1684
9711
3295
1644
1133
2862
8215
8692
139
5416
1336
1064
394
6335
1021
2533
1017
7978
938
5238
3602
4918
8308
18
2073
5899
9330
6271
1403
9894
5304
9377
1763
7163
3872
9514
5540
5957
2993
4796
2901
9825
1265
1335
8597
954
429
9975
229
2816
7571
4950
1059
1412
6968
4845
5295
5721
7259
6677
6287
9395
36
5954
9262
8090
2812
7853
5553
3285
2741
4670
9217
54
9878
3851
4643
6975
638
7316
4035
9485
2289
3546
2106
3595
2331
1540
8153
69
4441
469
4138
2166
4855
8552
8298
6906
3832
1269
602
4565
8265
3439
3677
4268
3167
1864
5049
8894
2424
7741
4050
2774
7817
5568
5881
2309
792
4195
2823
4688
7999
2130
1671
5395
1053
8882
8621
896
5431
9232
6447
3760
80
5776
4204
5645
451
1974
8915
4632
8168
8025
7631
1196
6060
1000
863
9944
9816
3662
8375
6668
1526
5609
9595
3659
7179
9985
221
4482
6715
2361
1937
9411
5968
6719
4099
7162
2990
7104
2720
9772
5833
1975
5981
155
2337
9459
7275
823
4750
8041
1062
305
1999
876
8809
8364
1824
7634
8795
1779
2064
7330
4466
4786
2916
7145
7356
9407
9992
5757
9620
9940
3914
5804
3264
489
4136
2900
24
1949
2593
9210
6756
8565
913
6019
4102
3967
8181
5013
7927
4870
6770
2726
6034
5889
7364
7799
6261
8521
9016
72
9174
6675
1424
1967
9585
4310
7800
2911
8133
2440
6112
3931
3436
9264
7011
9564
8185
977
2653
4132
4916
4637
1565
5919
5650
1789
5370
8929
296
2924
8174
7261
3815
4491
4048
1699
2722
8900
3061
5150
291
3311
867
8877
9302
6641
3623
9903
3675
4919
2942
5482
7539
5454
3217
7544
5341
9111
3246
4189
1656
7511
9952
6379
9108
7880
8914
4468
9030
96
4854
1144
612
8971
8096
3974
1197
3
9613
745
7556
5949
21
5566
3444
3670
6135
3231
2348
7289
2848
7381
188
1907
6812
4135
2015
6801
6788
6361
9866
7007
7899
5755
7869
3821
9806
590
3403
3201
7678
8005
5413
483
2755
5512
3124
5691
3273
4937
244
1095
8161
309
6994
4083
4306
7969
4682
6344
1175
2410
8880
8975
5866
4604
9508
769
7140
4381
8757
1685
6792
6003
7221
8742
937
7402
8194
4609
3882
3088
9653
2968
4878
5426
6035
6342
1894
524
5026
7922
2800
4638
6479
4827
7385
3432
9011
3003
6551
2284
8016
1004
3164
7255
7653
20
6700
1777
6960
8534
7451
5713
1851
4490
9458
8201
8605
7955
3590
1639
414
3469
9253
903
2327
2516
247
5821
2919
953
8106
5870
7263
783
352
6278
197
9589
9565
6874
856
527
2575
7048
7360
4082
9132
3245
9225
9187
6308
4067
7931
3770
6148
7746
4857
5708
7142
7979
7193
5018
9592
8990
396
4276
9436
3272
4094
2536
8987
1844
2991
389
1921
5565
5467
6786
2878
594
9581
7214
5249
6068
8681
8296
9769
2585
4134
6821
346
9165
1896
1994
6372
2815
1923
1567
5950
4205
40
7379
7040
1757
6740
3305
9842
8859
6505
6683
2625
5092
8351
5561
5692
8893
4025
4503
3709
3131
2579
8334
6176
6375
5274
3579
5802
260
5195
8254
8275
5247
328
669
9426
3111
3462
888
6913
2810
6621
6923
5632
1879
9020
563
8751
9255
5756
8544
2678
275
5538
6292
6175
1744
5051
6171
7467
8606
4437
2404
4731
8116
9145
272
2543
7623
9473
6617
3437
699
9304
907
7982
4829
5141
5651
9677
5074
3986
5517
3649
5470
5490
3223
8640
163
9477
4548
339
2173
1137
663
4496
3009
2677
2518
7399
7762
5371
9481
2053
969
7875
3695
2880
4785
5266
7321
5412
817
9150
507
4549
9951
1692
6431
6630
7363
2750
6211
8325
7143
2043
3363
4412
1435
5349
7986
5649
7718
3705
4837
8637
7627
8836
6067
9991
9263
1119
7471
4967
9938
3999
8823
8864
4368
2709
9981
2917
6225
5733
7072
3329
533
1208
1377
1519
5775
4114
2587
9364
6877
3148
6319
3645
5363
1088
5598
105
6305
859
7849
1912
8667
2868
5914
7022
1066
4935
1498
2698
4245
4654
6509
