9894
2935
8384
2786
851
6225
5433
130
823
5374
4452
7740
6531
5867
6130
3615
2921
999
6530
9216
5511
296
4616
4949
2655
2195
397
6591
8282
3265
2
7922
5659
2564
8762
7583
7364
2197
7783
9857
4466
9750
2862
337
7674
2277
1305
8636
129
6943
5398
184
3900
2546
7110
391
5025
3367
9003
650
6965
5763
3983
2694
9272
7113
5643
7979
8121
4406
4266
593
6141
2991
2486
9061
4009
1776
8864
3372
2753
1552
6668
2291
3480
2270
5604
1127
4657
2506
8350
3622
4462
9348
2273
8664
8517
4368
3882
7857
7568
8403
1324
1254
9055
3241
8814
1634
4367
8794
7503
9891
2803
4676
1850
5660
3259
5076
1691
489
7948
9050
6340
3761
8356
1454
490
3809
536
2516
9332
6846
5820
2211
9342
1810
7069
535
3081
7405
27
195
4626
9430
6320
2024
1358
2171
8202
4478
3427
9397
9725
9898
9918
5607
7955
6848
9219
8493
9060
2802
8310
3662
5977
1860
8744
4241
4854
7748
1598
404
3076
5812
7486
923
5123
4417
6185
9923
9224
8233
9987
1439
2045
2540
8771
9023
3306
4939
6991
6678
3947
6115
8979
1766
6809
7788
5493
3646
