8220
1084
8436
9312
9052
1163
1134
1176
1722
177
3921
6294
9107
3943
1074
8002
6121
5723
1459
7375
3469
487
9286
3343
8901
6485
8800
9605
6850
2612
9807
5331
7385
1724
2447
8919
5545
7977
3466
9017
4790
7051
9650
2591
4484
3391
5504
6535
2403
6831
3583
7803
9638
6768
6906
2479
8096
4211
7249
1290
7769
8890
2375
6540
2420
2480
5396
1055
9349
6088
4444
1168
6677
4353
3826
2609
4804
2874
5590
3121
7797
8000
1154
9365
2299
3437
9887
3401
6764
4302
7904
5346
4273
2900
2952
6439
4107
2174
670
9351
7552
291
2414
4832
5220
2845
1395
6149
3224
1156
5800
7196
3694
4725
2932
5755
2511
5633
556
3740
6713
255
2931
3734
3527
7084
6607
7952
509
7053
7155
5072
4692
2065
6760
5547
4130
8020
7845
126
3963
650
3992
5258
4701
2566
6266
7494
8206
1767
8078
4356
9451
9683
5126
7244
183
3181
3812
9208
9982
9380
494
1118
8943
9110
3646
7480
5133
6255
587
6596
2680
1968
9434
8981
3687
6783
8510
5651
9872
5435
4204
3817
7444
1376
5856
64
9061
8141
4066
2828
6524
4971
3956
7970
1219
4404
2643
5688
