350
8905
1323
7299
1713
2982
1297
3780
4818
1184
721
7690
6138
8071
5769
2544
3980
1716
8214
6695
3791
3773
9130
6296
749
9136
529
5668
632
4002
2111
905
6549
6371
8988
6693
6166
8550
5544
641
6564
1789
3556
3154
1075
1187
3638
1850
3465
2136
730
8920
4584
947
3453
6487
853
5421
2323
9475
7874
9898
485
1791
4666
7619
39
211
1114
1065
5036
8137
4292
7513
6200
3652
3611
7497
6641
7534
8305
1266
1229
7304
9654
4785
4383
8883
6748
6269
1672
6287
6991
8546
6612
9821
5739
2845
8897
3510
3693
5282
8042
5860
5028
2603
2826
1411
5139
2425
5470
951
6239
9864
5176
218
7821
8746
806
1748
2566
4036
7835
2815
9927
93
9761
5291
8458
7445
2545
4502
6952
7451
7665
1015
2297
4520
8913
3668
25
67
6776
1339
3624
3362
6451
6868
9082
1973
2856
9438
876
9335
4677
6260
4355
3231
5304
8250
649
3443
9026
6094
4847
9152
6304
8254
7824
3601
7915
9395
3514
5741
8799
7664
9185
4516
4133
5869
184
1430
6208
8771
9417
8157
3995
2222
2331
2663
696
6697
9494
8603
8347
5490
6841
7401
21
3292
6360
6313
1264
181
2027
1484
8482
1409
5188
1396
7236
8737
2359
2413
5270
3870
9812
5912
4906
3961
8113
6615
3093
5039
7722
3691
7843
3680
5344
5761
4323
4592
8768
2079
5514
9770
1589
8541
2580
2957
5500
2097
3716
9942
3258
9073
5259
9949
4216
1466
8575
4653
5184
6003
5934
4557
6936
3036
314
4494
1220
2692
8469
4149
4337
7826
5658
7310
2579
8936
6994
2827
2549
175
5109
2653
487
9407
4627
646
2170
5785
5673
1018
5098
1744
5676
7753
8051
4330
6289
501
1514
3503
2531
5437
6979
7699
750
1211
2699
2890
4977
906
512
1830
7395
4246
7132
2873
2315
8978
9920
4960
4876
6009
8873
5811
5219
3338
4412
3361
8604
2938
3950
7226
2686
7938
6963
4802
1139
704
9169
4659
2361
7404
3884
2910
1454
5441
901
2179
3769
3619
7545
9149
4336
712
9282
7879
3395
8326
144
1586
1844
9742
4658
4357
4214
9869
742
4325
9173
1611
5737
3962
4916
5410
5178
9512
3104
5960
4550
6763
9881
7105
5777
1533
1821
2047
6587
3627
3029
3806
8267
1433
1447
5961
3603
8126
2922
9798
1966
2118
1252
7913
3226
5852
1017
3300
2166
3460
4796
2925
9804
536
6106
5755
7650
1227
7940
9705
9605
773
5748
825
6414
9166
3240
6856
33
1768
1517
3588
9075
9337
5564
1347
8104
6387
5900
3485
5854
7382
9478
6605
3932
1718
3392
2978
3642
9826
6372
8322
2045
3535
4742
3185
3446
1858
723
9983
9915
1269
2578
4421
2713
8086
4175
4385
9590
6353
8215
4102
3610
4079
5455
4569
7978
4473
9805
5325
7357
1698
8789
4982
7800
1952
1743
8635
3358
6725
6961
952
7836
9240
19
8857
731
1531
7965
647
4130
8016
5600
4134
8195
1033
6960
8713
6815
2088
2352
9067
6184
3339
7456
4455
3359
4841
5464
5343
8467
564
3861
3927
9843
2565
9634
7712
6653
8453
9290
5056
7688
5347
3324
1631
2151
5834
2249
8821
790
5553
1815
8839
2556
3890
8384
1891
630
7860
9005
1860
5454
79
8406
5856
317
1102
1656
1733
3159
7816
4109
9719
2584
292
16
4207
7033
5742
1577
2952
2628
7661
9461
4185
5453
1734
8612
6206
3805
2358
9325
8687
8948
3122
6562
5958
5142
40
5541
9495
6060
3320
4848
1167
6461
4245
76
8018
1259
7937
6463
1378
4655
8776
3885
9643
4556
4387
492
5272
4205
3302
3516
8245
7621
2529
7504
6741
9980
6761
545
9445
609
9295
8454
7213
1654
4101
788
2290
8010
4937
8976
3377
5186
4052
1684
9326
5977
3234
5955
8904
7386
3944
5174
4710
7918
4358
42
559
8144
2104
7739
7662
3455
2228
6942
8694
2750
2521
8767
229
9728
1292
8135
2766
914
7397
3546
4092
6121
1538
8156
9121
4188
4000
3977
3365
4880
5018
2561
2471
9372
7872
5986
5974
4738
6874
1412
8492
5880
375
5398
8652
9746
5818
2158
6405
4581
5822
3867
7388
3079
1427
6293
8960
8146
8088
9763
1832
3078
8249
1771
5491
8957
4290
7344
679
5305
458
106
2889
7675
5035
3596
5217
1981
9050
9750
9561
573
4999
6276
7333
3949
2216
4039
5801
2664
6419
1890
1104
2667
1206
8852
2141
8726
2353
27
8526
8001
915
9661
6466
676
3083
8182
3177
9180
617
9311
3900
2124
103
7091
2329
9951
4824
6586
8782
3984
4422
8554
8620
1997
2343
4671
5031
6757
574
81
1989
7293
9406
9404
9215
5157
4605
276
8034
399
4761
6744
3985
4843
7622
3848
4344
9076
9695
5016
9430
8096
3095
3779
3408
1618
2835
8303
7205
9443
4623
8329
549
5782
2554
533
2054
384
9794
1597
3184
4515
5147
2103
9745
6893
7284
2324
2337
249
2631
4470
4193
5620
7448
5378
8689
9722
6898
1764
2943
68
9698
7440
795
6317
8829
5760
189
7755
844
994
4299
625
8705
8872
7642
2837
1117
8346
5894
7429
9992
5988
5727
1638
6861
7264
854
4444
1806
2705
3802
9145
1580
3866
6620
8387
5580
1408
8324
1449
4484
7844
7495
2923
9819
1932
6974
8543
4293
2940
8891
9950
8423
2333
6351
5615
9560
3527
5159
2421
5175
5931
4141
1868
9626
6131
3251
6703
6382
2744
7565
9313
831
3495
9366
80
4350
774
7774
7240
8642
183
6969
4064
3994
5757
7092
3599
6172
2363
9641
7157
3126
9205
7521
842
8670
2183
4670
7671
4737
9863
7587
6627
2610
1496
1650
7912
8050
5345
2937
5873
1071
9555
235
7505
5417
8701
2935
9068
633
4211
5234
7802
1179
4342
3163
8517
9743
7031
194
9336
8825
739
987
5273
63
5471
2125
5753
648
1831
2600
7765
8222
6956
4369
3188
5780
6411
887
9712
5425
7254
7040
9006
4732
9800
7575
5713
2440
7717
686
