3782
3691
6310
7693
8414
8037
8698
7117
4927
9312
4711
8550
9852
4555
634
3109
4303
6050
9257
9993
9378
8931
6306
4544
3943
1607
2644
2147
2097
581
5221
911
4493
6322
1906
4197
8513
4751
7062
4436
2895
2953
3605
5811
1611
3237
262
1269
5309
8768
3959
872
9245
3239
2986
9169
8911
3546
936
8742
1092
8357
3025
5109
7264
3952
617
6149
6327
8766
1319
9591
5112
1918
9674
749
5369
781
7446
5293
8440
2670
3462
8243
3518
1532
522
8963
992
858
7602
3115
31
8907
7365
1952
9841
8235
6418
1426
5108
293
7395
3831
8307
6644
1400
5156
5152
227
6832
315
508
5772
8960
4027
6492
4249
9021
8873
1833
4182
3500
8073
578
5843
2505
4176
6265
7453
4206
2293
9919
9336
5118
3470
9566
7021
9327
6938
475
181
1498
1261
7499
3274
3811
7206
9054
5025
7515
8723
2688
8163
3570
4446
8317
6843
302
9264
5286
3356
3921
8019
4902
8567
2172
9463
6481
544
8523
3611
7241
6083
6045
9375
1503
2989
6362
1505
9672
8516
5389
1209
5437
1106
2734
82
9348
411
7546
356
5859
2157
7013
3753
4494
5182
218
3251
174
9091
9445
8588
3382
4007
9274
4757
4237
7785
9757
5185
5702
4564
9623
9912
6905
9762
2539
9110
220
8995
7163
1792
4217
2777
3136
3889
9001
6640
4140
6598
469
4137
3273
3097
8354
959
4769
3940
7258
5329
21
9033
4584
4437
9817
287
8981
7576
8646
6652
4867
7862
8364
8174
1845
5692
8715
3253
9200
5630
1165
3378
766
190
5361
2933
5239
5893
6257
5852
8745
2892
5697
754
7374
3886
1932
3786
7236
7024
4803
1743
1006
6636
3381
2852
5141
1311
9772
5968
2582
8947
8800
2315
7023
4761
3303
8476
7829
7751
8526
9833
5064
6343
3441
4163
1949
5406
420
7160
9097
1412
5136
601
7691
656
8883
9685
5150
4768
6810
8071
7362
7812
7123
3792
5786
9241
7171
9614
8165
6177
3593
437
4486
9908
4438
1374
8390
4096
7657
9673
6228
7840
9758
9559
5190
6427
5422
6854
2575
9642
4016
4752
9289
6828
3234
6730
5961
6347
8561
4637
4575
7449
1886
8422
9936
6340
862
5327
889
5284
133
8654
6157
9435
1446
4963
8316
8826
6624
6865
976
8092
9017
2199
6061
6385
6825
835
3111
8977
1104
7628
8284
8001
4062
8167
9725
7970
1707
1380
558
7855
8779
9167
9430
4731
9610
1765
44
6477
7802
5729
5878
1102
2326
8856
1114
6077
6764
7177
9637
699
2654
1368
6891
368
2379
2685
301
7686
4181
6224
1609
4559
3223
8882
3333
2952
8217
2316
4641
1988
7242
9119
8221
4320
9927
9207
3304
8511
3383
1087
8565
7772
6526
8590
5622
4312
7378
3930
2454
8254
4745
1377
7351
2102
9641
8693
7587
6044
6978
3845
9247
4728
1214
6032
6642
4102
6092
4451
2115
6812
1935
8772
8553
9080
5294
265
2497
8334
8278
833
146
1000
7216
618
7876
7581
4542
5922
8580
7173
5244
2090
8837
4558
9580
150
8771
3769
4662
5468
8596
2062
6782
9293
7897
3778
9512
4114
4784
3061
5591
6406
2356
6216
1904
9349
6806
5252
6846
9799
875
3129
3017
5272
609
4392
6273
4282
2585
3627
6438
6235
7978
9708
7721
3023
7513
7445
9874
5403
9690
8798
3542
6214
1834
3408
8787
7956
403
6902
1478
8295
547
4593
3266
5719
6256
8924
396
8207
5167
8530
4361
1726
3173
9026
4545
4976
3095
8821
2084
6431
5656
9310
8662
6674
7468
2313
4597
548
7252
1150
4499
5827
6411
7455
6245
7046
2118
4375
5977
3637
2690
5934
45
4957
2337
1246
9338
9242
5595
2545
6064
3581
7643
3230
8547
4968
1328
8213
1149
8148
4547
5657
9454
4808
2970
9172
4678
5204
3209
5926
3666
7867
4225
4844
4897
7382
8969
310
1483
2050
3640
955
1515
2054
8692
4268
7014
2965
5809
7898
950
5599
5754
8215
8048
7799
502
4659
1372
5631
7823
6816
6511
4349
3306
7220
6610
3918
6512
9542
6559
1799
3031
4234
757
1266
6112
8881
3277
2901
3596
4673
7157
454
1295
5346
9788
8421
2449
1954
7165
1398
9191
4619
8323
4456
477
2837
1101
2622
1304
1493
1885
3172
4107
5768
2094
1720
6803
2906
2860
4443
2250
3361
3409
9352
5212
7342
367
141
7619
561
8270
5933
501
1048
225
4290
8599
7332
6139
1466
6866
3008
1734
355
2258
4526
5049
2531
6399
3187
9689
5845
8867
3745
2665
2839
3704
5078
8259
441
5423
8311
3798
7644
7462
6515
3508
3296
2533
8332
3680
7188
3566
2595
7703
4684
3892
5052
6797
1995
5714
1558
8584
4112
9826
1397
5712
8508
288
8247
994
1064
810
6258
3767
4134
983
6837
3829
4980
5170
7924
8959
1758
6996
248
8356
9192
1725
2920
6433
4982
3054
175
2079
422
1598
3846
3709
1891
6977
2233
5122
2864
8702
1683
7699
770
4890
5507
387
9530
2913
9866
178
3794
4629
2963
5655
4772
6667
250
9679
7266
1419
5805
6304
193
7879
5942
1990
3612
993
7590
6791
5628
8720
7708
8940
5969
8005
1408
8620
1225
6238
4227
2027
4463
1832
7957
5499
4513
6985
3263
9933
5620
1205
8117
3756
7424
6582
1557
2957
1422
8630
4054
9885
2824
5836
7612
4859
7727
4200
9794
7935
505
1941
9451
9771
6870
6758
26
9545
3949
1588
8458
4979
8145
1136
586
3338
6052
515
1661
9329
155
3999
8506
8000
2943
3215
9248
6654
2727
7141
5099
9104
4010
2040
3716
7415
389
467
6622
879
533
217
8029
4839
7843
9568
3130
5932
9429
2922
538
3519
1184
5583
1016
4937
1805
9015
7055
8527
8966
4734
3426
669
8309
8522
7573
5402
6437
8362
5644
6231
405
7184
2420
7095
5709
5409
7057
1417
9606
369
6506
5175
838
6940
3208
9244
3416
2948
8690
1113
5418
7966
7004
9581
3074
793
1207
5715
7316
7895
7846
4920
9779
