2211
6974
2078
6818
3939
93
5131
4796
7094
5851
7350
7733
2602
7148
1152
7885
9299
426
825
7556
2578
8804
6150
5703
3994
257
4780
9211
9600
1632
6571
2746
3535
8471
946
538
6702
7667
2289
4767
1725
4379
9496
3997
8350
9894
880
8950
2792
497
8033
3882
9715
3248
3013
188
6687
5211
8334
3037
1613
4096
4014
908
860
2218
2929
4163
2055
1960
9775
964
60
8627
5548
8890
1511
99
1490
1205
8081
523
6049
6524
485
3529
5263
4135
5098
7534
511
5220
8363
3075
8077
8840
8525
1650
3688
6167
8041
1401
1393
4546
5753
6666
4568
2571
4303
1013
5566
453
935
9831
2428
4138
5325
683
4384
4321
995
2946
8055
2413
9022
2016
9032
7257
324
7053
5561
6173
6633
1874
715
2277
1900
3121
4919
1244
9297
2871
1446
3776
3932
1173
3199
3077
5430
8152
238
7405
6501
4658
3591
8994
6595
871
737
5536
8068
2120
9321
356
4026
4982
8719
6672
8225
8592
5124
3860
2980
9345
9581
5994
8461
9727
5388
1232
2440
4957
3088
9960
6621
7846
3391
5097
9833
95
9455
1975
9835
7772
4901
9915
64
329
5111
694
9392
4310
5776
2632
4798
1658
6796
3547
7743
3672
7717
6836
9602
1493
5638
7358
4
6594
5289
2564
8995
4908
7103
6661
1730
9842
2303
7456
4288
792
4066
3084
2821
1704
4740
198
4302
3452
6259
1867
7366
9023
4914
8108
2544
4351
8372
9732
8867
3805
9940
5041
2823
6358
1946
8947
5643
9468
9009
3280
1309
7216
5519
9512
8999
121
2327
3454
9909
433
5602
5240
7130
225
3927
8751
272
598
809
1630
9761
5091
8486
921
5808
6940
5050
6935
897
8833
559
6508
6927
7220
5086
1066
8241
8616
1670
7041
8112
1535
3458
3160
4368
4828
9584
6379
5563
8740
3187
4069
2429
725
1527
4625
3117
5406
789
7387
2498
3439
4023
3696
5689
4320
5234
265
3468
4033
2969
8078
6414
568
6014
5855
8649
5773
1326
2965
5633
8991
1705
9632
254
4837
4126
5902
4589
3988
5962
9278
4099
5917
2947
8239
1622
3071
4289
9872
7978
6684
9363
2004
2364
1809
8212
4799
8659
1059
3475
1811
2139
6489
7987
2646
5622
7869
9543
5399
8508
4642
8664
5651
9799
1864
1667
6937
9698
5282
8327
3755
5393
4572
9760
8962
7329
4832
1347
6417
7172
6035
6767
9007
6654
8176
4300
7532
7742
5324
1007
9388
841
544
1727
1032
6354
4426
236
8936
3531
1618
7676
1295
2376
5841
4255
4178
3796
7438
4611
3596
8315
4694
2195
6617
2936
5525
246
9404
517
6970
3238
1386
5713
6936
595
8206
4041
7674
9082
9557
9836
4879
2000
4753
3567
8455
9620
7141
1760
8863
5003
781
6500
4739
4644
539
9916
6551
4219
2257
6016
3307
1270
7505
3301
1061
7989
939
3579
9504
1973
6659
1949
5662
5068
9202
1870
2766
4877
667
4653
6441
3251
3960
291
9629
8277
4161
7558
2627
8035
8396
4459
1227
5957
6205
7112
1413
1359
9471
8838
8524
1315
2118
3840
4715
666
2693
4969
9162
8845
480
7236
7519
5871
6198
1172
4933
3440
477
2316
9764
5546
4522
881
4560
8996
66
2633
1057
9090
2038
7363
5607
3319
9371
3525
7827
1029
1931
3593
7082
6098
7453
5870
8325
3430
6261
9226
6538
6978
226
5832
8501
9969
4563
2901
8745
7681
6068
1135
7450
32
4649
9776
2469
6288
1744
2029
9866
9548
4632
3162
3151
6334
7193
4600
6095
7171
9316
9544
5663
6698
9630
9668
202
3352
9777
3861
1536
2732
8795
6265
1334
1256
1819
7868
8273
1155
5609
7179
9806
8780
3523
7769
695
2410
8419
8707
4520
8400
3888
7515
5241
7979
2223
4260
9272
1427
1580
5039
9747
9432
5556
1776
8543
5377
7296
3357
6681
7418
137
6219
2357
3815
8562
1798
5359
6148
6369
2147
9819
2001
9703
8096
8611
7000
6390
8776
9382
3053
241
2336
2499
3857
2611
2767
6271
439
322
7612
8657
2949
4412
6460
5494
7356
78
1264
1711
2085
2590
7451
8699
6771
2503
7100
1142
9390
4925
709
288
8329
3616
9047
5601
1995
4491
218
513
4353
1884
5257
6829
9642
1268
7951
6440
4693
2425
9577
1006
210
1103
7101
395
9303
4154
9730
9884
2111
6803
5687
9925
6482
8573
5422
8254
1871
5581
9450
3720
630
3952
1935
7828
8533
5740
3662
3974
8014
5235
2952
1833
9574
8163
9348
2172
7807
4666
7448
9838
6088
5960
8171
7832
9249
469
317
8179
9519
827
1363
4108
4414
9975
3175
6907
6827
8072
7994
5570
7871
6018
752
3205
611
9161
7738
8712
6024
5752
6874
9716
9452
5067
5083
5118
2162
7319
2334
3354
5865
3323
9298
1351
4410
8823
2191
765
799
3545
3365
8782
698
4327
1379
1815
7476
535
5838
8369
6840
9891
3901
6209
4424
2842
8271
4562
2876
8083
5559
9187
5512
8002
3349
9886
4159
6826
9031
6449
3645
1826
7349
8584
4258
6138
9499
9763
4936
6573
8510
6542
8046
654
53
4375
780
5985
8926
5979
8903
9467
2146
7760
6247
2831
1766
4989
5750
6616
6419
5921
7600
3769
3588
5460
3226
7812
6276
4745
7060
9217
6653
129
7036
5332
7169
6544
3800
9416
4294
4164
1252
9170
6227
131
460
7376
558
7603
2661
9568
6667
5160
8279
6404
3059
3370
3336
1031
6775
4758
9597
1373
4184
5880
7608
5168
3975
4592
6181
5467
7313
4450
3089
6180
3894
5084
7980
101
3527
6733
6589
9454
7232
9723
3804
3127
8074
2072
6319
7011
7726
8526
962
6189
3379
1607
420
6308
5237
4880
9020
3801
7314
7740
7411
4109
4711
4175
5159
3462
9199
2039
3473
96
4058
5723
7434
7156
9369
9501
4900
4347
3526
6031
3485
5524
999
8
7985
4538
7791
2254
9688
8284
5901
9550
5481
3675
5297
6258
2183
8854
7083
1688
9176
5826
3025
1026
9476
7654
2800
1009
4833
9648
13
6846
8817
7531
5064
9296
2050
2584
5767
1377
6318
5281
7638
4468
6721
9769
2572
3192
9639
1814
9910
5675
4462
3576
888
5227
6745
8602
3021
3933
7735
1537
3746
2204
6242
9063
9575
6359
7685
5746
3635
7710
2190
366
3058
2720
3661
5734
1345
2643
4471
8255
7240
8789
85
5817
1441
8781
7490
4809
1339
1800
8912
1459
1743
6559
2730
7799
1300
6045
826
5410
2854
3959
7553
5057
6994
3369
4381
1140
3289
7510
9808
2262
417
9210
6305
969
2900
4944
9248
4499
3491
5195
697
2819
8299
2293
6609
6006
9313
5408
9586
7570
3822
1064
9412
1732
9125
4253
2546
83
8807
7327
6268
4899
481
7966
8454
5545
1016
6299
4455
9045
3068
9015
6104
2829
6439
6706
8652
4281
8534
1793
3856
9824
6999
7477
2655
6717
3207
9911
7580
9801
5013
3165
6433
1924
5036
6244
438
9681
179
7758
47
6475
393
3684
2944
2641
7368
4673
790
1286
9418
1281
2003
3108
9822
154
9830
6340
4486
4080
2687
6101
7001
8637
8806
5669
6430
3186
5158
4470
3420
7860
5439
3995
7787
7202
6175
5043
5353
6179
777
4610
4875
6373
5882
9569
1941
2387
4692
5116
4566
3036
1530
6246
5295
2213
9365
6194
3836
2624
7959
220
3292
2053
4503
2887
6678
5795
2214
5852
6290
3218
2782
8386
1583
8951
255
8702
8799
3
1966
1965
4949
6792
4730
5521
1510
3754
9941
9612
1370
6591
5972
5910
6519
7900
8521
9038
5232
3197
174
4251
9880
4373
3235
5574
4130
2100
1822
9791
2047
9234
5603
7031
4926
782
2905
9244
6909
1248
5716
6200
5667
1792
4005
1853
3341
5315
2466
3919
1713
1765
7517
208
2706
4934
4432
6005
2861
1582
4152
8065
2169
9215
8713
6090
9233
7587
9320
9212
4013
1450
7115
3572
5475
5617
8028
9106
1567
407
524
1981
4185
1808
9398
1641
7566
379
6374
2380
6697
5144
98
3785
3533
3376
6795
8541
3657
9270
8718
7435
404
1585
8316
5975
3541
9938
8011
9335
3612
6411
3444
4952
5142
3134
3228
7205
2430
465
109
3024
505
3949
5858
7596
8157
6737
677
6780
8765
4953
1144
6759
8281
1617
6946
6412
924
9524
3315
729
4918
3278
9072
2176
80
8954
8591
6679
7399
9934
8147
7430
9283
9771
9169
9329
811
18
9075
1349
3146
3271
1164
2665
7108
628
2723
6467
1267
9238
6074
5840
7398
9261
6129
2
5697
7739
761
7847
2423
5395
8787
9967
730
4803
7522
3893
9614
16
7610
116
376
6855
5508
6809
7946
8766
6082
7002
4515
8571
8359
3213
8527
8029
3279
258
9885
2786
6556
5529
6156
3018
3716
7949
3106
3056
1685
7394
3016
646
9963
3090
285
8671
2596
8957
1558
9224
6445
8115
5284
1669
63
4444
1463
2807
3557
5850
2041
2509
8646
9034
1426
1726
6036
8170
5400
4884
8703
1850
4360
5356
9337
6008
612
6131
9998
6429
3338
8564
6631
5709
5702
6060
2769
4137
9301
5685
3712
9333
2131
264
1317
882
4132
3789
5135
1034
6350
3614
4481
7905
3147
6576
6636
2809
8245
5518
1399
9330
6700
8010
9378
6052
5721
1497
2244
256
6915
3498
4476
6000
9069
3582
7746
3461
2337
9665
6727
7142
9260
9511
3415
3288
192
7070
1099
1109
2284
8330
5023
8368
3765
9077
4669
3721
7093
141
4134
7402
7224
4972
7353
8451
3833
2550
4050
2348
4461
3929
6421
3118
5479
2733
3109
8177
7274
6039
2340
2902
955
9265
5758
364
7711
3859
2302
5108
8697
8388
1051
4713
5230
1591
2739
4677
7882
6109
3294
8612
779
8458
14
4898
6948
9311
4680
3135
1584
4999
6527
9903
9664
1136
2329
2629
6044
4741
8259
9323
3808
359
3105
5493
2130
2501
5597
4849
8095
8756
2714
1812
1553
9377
5933
4463
9498
9724
1731
4688
934
7126
4415
6115
6583
3353
785
1690
330
9736
2099
1229
125
6504
7500
2497
4442
48
7998
8515
9863
2713
3977
6076
4237
2642
1412
8759
6680
7337
8650
9254
7113
828
1899
8801
463
8151
1835
412
5980
3611
5463
1668
9922
7007
4782
2576
4242
8076
3583
3609
1695
5219
4330
5520
5915
2508
9778
819
3854
2840
4633
3584
5112
9086
3599
644
3128
4788
2776
5266
7235
2779
4088
891
1038
6110
5074
7133
7594
6671
5499
5476
5560
745
1787
1657
1213
8475
1943
8913
3350
9882
806
1208
2522
7347
6133
2305
5715
1559
189
4941
1677
2586
6950
3924
1384
3460
8938
454
3852
6199
1085
1438
2381
8401
4022
4706
3371
1723
6580
768
7907
2397
3985
1120
8214
5918
7598
2707
9400
235
4764
8219
5606
2199
7203
3382
2813
7489
1218
5839
7495
6800
8215
990
9774
6892
9483
1712
2292
20
6799
9399
3239
9522
5691
4473
311
4243
4578
6959
52
7631
2527
9746
2853
5541
5146
122
7423
624
703
6069
7183
7912
4359
5318
8183
5867
8736
6294
7775
2639
2209
3798
3455
7617
7699
7555
2212
8320
4873
4867
3751
3476
6301
7875
6610
736
2027
6108
2961
1857
1048
6926
6241
4199
4366
3823
2690
4420
8973
1409
7164
1693
2635
3910
7461
3723
9173
6578
9615
4843
8066
8784
9307
4714
6118
6022
8270
5542
985
2074
8103
7023
3573
1994
1818
2745
7323
3810
4369
2021
8931
1541
355
2346
8479
3883
7944
3642
8133
7403
9936
7080
832
428
3221
4541
8145
8964
1820
1910
4045
2479
1419
9469
9611
1721
4510
4725
4850
8690
9875
582
3979
1940
5145
2918
2795
7759
1637
6870
1414
3914
2373
3695
4702
4016
7879
783
7454
3566
5621
1895
2917
6518
8326
2086
5820
9995
2152
5672
8504
8054
5532
1972
8982
817
8317
21
4885
4521
4904
6126
7187
1488
4954
7524
9440
2294
8565
4085
6669
1201
1586
684
7633
4326
6353
3404
7550
1355
5971
9325
1717
6622
5660
421
2245
6128
4757
4631
5370
1199
4337
2884
1
8218
