3631
1704
7675
8086
474
6723
533
5072
4734
1489
3826
7089
7147
145
825
625
1761
832
6961
8247
7423
3705
6290
4317
5958
7173
9696
9770
8494
8526
945
8956
3167
9064
5148
3978
3774
8655
1878
837
5429
5811
6951
9351
5126
5047
8830
6542
9400
5011
9965
4863
9270
6411
9476
1968
8988
7890
12
7459
1154
940
6615
4893
3347
8764
3696
8492
5279
9143
606
9684
3261
7314
4742
7797
4732
8837
1770
5357
2823
4864
5750
974
4674
4418
6131
2299
154
1919
1942
7270
229
2593
6446
9135
5733
1428
507
5686
7142
8204
4886
9232
1382
7357
4790
4594
293
3707
6392
3758
9060
4412
8611
1723
7932
5382
2587
910
6728
8690
784
5222
7627
9359
5270
6708
7489
4061
5471
6295
9210
200
3554
3360
4077
6450
3327
1516
3716
8947
5487
5428
2927
3625
6341
9461
5845
3782
5673
3423
6527
157
5521
9721
8125
6665
2003
2975
3324
1582
569
6557
2929
237
1575
7263
6782
1793
2977
3578
2209
735
7994
6454
1104
6242
981
1732
8721
5900
5384
5891
1453
2511
1566
5118
4091
5677
7640
6836
5618
688
411
2735
1098
6160
6517
8440
637
8111
9175
2678
9692
9562
6039
1289
6880
9930
9028
3315
928
5614
5889
4174
8082
5199
8466
2365
2674
7294
3893
7424
2246
4827
5897
880
4804
9676
8003
8486
9070
8663
9998
3379
8301
5517
6535
5260
3656
2941
7067
7915
5395
56
2957
9356
7573
8130
6114
3010
1514
9748
6856
7534
1494
6038
314
3479
5092
4015
5332
171
7593
2362
6254
1344
9554
9176
8949
5887
9763
2689
2298
5373
7114
3449
3150
1485
105
1650
5143
5140
4750
6894
8772
2628
9137
5933
884
6853
8510
4251
5294
4749
7794
9008
5815
7828
3184
746
921
5106
4144
190
8300
8089
7422
513
5742
1424
5307
4019
8293
1934
2571
1808
6796
5190
952
2847
2381
3424
93
8024
7331
6768
8348
6727
2487
1294
6766
3723
2919
2851
4606
9561
7880
7167
1356
2863
4555
5048
9160
2834
5463
7860
2768
932
6435
4645
4860
8586
813
4869
4916
6426
2651
3832
1611
6623
3990
807
85
3586
59
7567
1026
9430
9690
2656
7611
3207
8515
2119
7148
1391
8012
4668
2520
4494
8453
993
2231
2513
9903
1880
2170
3651
241
4946
2097
5440
4021
1670
9385
6264
2270
7361
5136
2974
6753
5166
1460
8635
8684
2540
9121
7356
2869
4563
9788
1809
1461
1643
2252
1421
1555
1020
3538
8707
9630
7852
9108
2950
5424
6422
3276
1588
182
8411
678
769
2258
4417
557
8695
8091
7689
7682
9887
3540
2882
8747
9168
3326
4470
6222
5654
7528
2763
7973
8341
4030
4656
2443
6285
6323
6731
2789
8819
1034
9335
4143
1178
2292
5324
7286
4402
7188
5656
2432
243
399
7224
1058
9214
8023
2481
4366
856
4140
1558
7574
1115
8229
1988
2442
4184
2757
6403
2103
8838
5743
866
5469
4622
1955
5765
