6753
6601
2806
4932
9679
5087
5149
3685
6347
131
1278
1600
7892
388
7135
512
688
651
3624
1627
3543
9702
6045
9988
2305
360
1442
4728
3092
4125
4900
1057
3719
5195
8680
2953
5756
6583
7033
8611
7511
9455
3243
6004
3756
8474
7527
4995
3394
7762
9937
7928
8030
2403
8416
6814
5092
3364
3213
8369
4596
9074
8322
3357
627
4104
5524
5905
2300
9574
9961
546
2984
5116
3802
7534
5163
5758
318
7380
8257
492
8298
3600
6195
433
6235
7465
8820
8349
4157
7702
5870
1652
1967
1192
8723
232
2974
5042
4987
8435
6718
5798
8029
9430
8899
2236
2340
3472
8
7819
5722
4857
9026
1887
99
1309
3681
2886
620
5330
5856
281
4733
6407
6894
7072
6656
3780
4106
7625
6221
5710
3338
1078
9973
815
2109
7902
2606
5167
2662
6954
7471
6403
6027
2138
5942
3910
9922
3402
5762
1206
6353
7028
5995
6544
28
3576
1725
4112
4217
4393
4868
4324
2620
6307
754
3888
5215
9688
64
6845
5016
3801
3752
6300
3668
4587
1409
1441
7910
5552
5483
3030
9583
6854
419
5965
5886
2461
1497
6215
614
4720
1014
2519
3463
4896
9290
3151
4729
8060
5316
947
3374
2441
4306
9763
5339
7998
7474
3546
6992
1624
7666
6741
1293
9715
1982
2541
3645
4985
8825
8608
6129
7518
4793
8082
9380
423
5093
1977
4923
7850
1663
1317
6464
3104
1010
6881
8851
8781
6878
749
4910
5516
3476
3148
9824
4648
4174
700
8755
8505
5258
5227
4027
7189
8586
4996
3068
9900
5793
1660
4096
3923
6518
4830
8098
8565
9633
6897
2700
5766
9130
4844
4016
3089
9400
3694
2898
5706
1449
3289
7950
3315
1056
5041
2319
6279
6236
1305
7102
5312
1378
3331
1228
2926
8503
2148
9700
7669
1766
8612
5078
701
6834
9293
1621
678
8138
8066
623
6722
1585
1339
7593
8913
852
1710
3462
9175
5744
1230
7881
6798
1240
4471
1902
2212
803
9255
4659
6540
181
9126
4527
765
8730
8246
4310
337
3454
4797
7289
5098
5610
5597
2531
9080
1048
2638
7302
6495
29
8315
8973
1440
3442
2745
496
966
7552
7594
7641
166
4146
5440
7091
899
240
7631
963
5972
3177
7025
3307
8439
8983
6018
1101
4329
9640
1586
2255
1920
460
5416
6266
4221
1666
2532
5218
7580
9974
9422
3522
8107
4713
6552
1802
4260
8113
6922
4927
2975
6871
3841
384
8879
6309
6824
7041
1084
4902
4148
4621
7615
4958
9217
1949
514
8100
9144
4443
2764
6790
4697
6355
8058
1691
2988
3291
5137
1991
8117
8202
6889
6646
3060
7581
8577
5188
278
6661
5551
7398
2758
9803
7753
6928
1832
9279
3452
4882
4330
2831
2854
4095
8802
6695
8669
7985
5910
5317
3549
4683
1812
4076
3580
8709
8307
1411
4109
9707
2916
2526
1823
6997
123
6106
5017
4715
8917
9508
8943
2291
7789
3598
6882
6930
5481
9138
1531
2711
7411
2068
9605
