184
5487
7341
1261
9569
9053
3762
4926
7507
4131
9923
71
6064
1985
724
9744
6034
2440
3608
2344
8214
7579
5333
5039
9518
958
967
6451
2974
4305
6115
9671
6593
8607
7213
6520
580
8388
4632
4453
6994
3579
5290
8398
43
9929
7125
1811
9897
8953
2441
1739
9077
2860
3851
5049
9019
5854
1255
2544
7356
1855
9937
9401
7864
3833
7566
4981
1339
7472
5793
1301
1593
8701
866
5081
9188
1088
6576
4648
3666
2439
6614
4807
8452
6967
7267
4058
4492
9940
7526
5287
7947
1777
1568
9762
7198
2581
9619
9757
255
860
3528
6224
2763
3883
4171
8333
9877
9729
5459
3612
8181
4955
9006
1736
4175
9759
6745
9702
8900
7056
5249
9289
1241
82
1021
7488
2220
6273
8105
8606
5501
1025
8626
9683
7497
6256
7861
3040
9166
825
1099
4236
3276
7935
9686
5332
6257
4849
3219
4079
8894
1765
2733
7828
8897
5943
7466
3484
8331
2046
7431
4368
8482
7540
4422
2658
9917
9934
5572
6023
5020
8075
5492
5659
4346
2662
9788
6174
6035
706
5112
5686
516
2493
6306
4077
9829
320
8312
7473
7057
260
1931
5316
8334
3658
6222
674
8054
1622
124
5151
3401
298
8359
7618
1190
9612
7918
1326
5156
4607
3011
2224
9130
3591
9890
4651
1029
9220
4516
7923
5621
6469
252
439
2920
8540
3614
7224
1699
6558
164
37
7850
6829
2328
1507
4929
8787
1426
5477
9430
5620
104
9214
4366
8207
9654
8784
418
1643
1917
8678
552
4388
9952
2035
7225
6822
1145
5510
7645
732
3343
7105
1128
2422
9340
3613
9978
9444
399
7088
5363
5640
2928
8561
6189
7173
5065
5401
8964
8515
3239
9134
3419
3409
8235
2615
4502
7077
974
2502
8992
3244
5403
3597
2697
5956
1951
3884
5940
2843
8510
1076
6405
7628
5513
2377
7800
5036
4898
3202
6676
1647
9287
6849
1669
1595
614
7285
4181
2278
901
9633
4876
7084
2249
6171
2506
4007
5729
4669
9685
4457
4215
125
6489
8551
5728
1755
5433
5217
6671
9747
6067
3245
7048
6307
4071
4166
4882
4273
1405
9235
7517
2105
1575
7247
2905
5345
5993
7039
4164
7989
3960
738
4420
9581
4793
215
6517
7964
2050
701
9179
5466
607
3882
8212
8077
3090
9992
7296
1936
4409
8393
3296
669
8003
3098
737
7208
478
97
7479
1767
8365
4970
9579
457
8287
7259
2174
3228
8230
426
4484
6388
6109
3410
5183
4928
7530
9175
4524
3490
9135
8209
1893
7716
6653
4962
596
3810
422
2210
890
5922
3945
4919
1509
1309
3186
6063
9931
8772
2096
5682
5319
9208
8932
6694
4958
1383
8584
3585
6368
6221
6541
4223
611
6317
5037
7995
3358
1477
7547
5032
1362
4088
7826
1378
7009
9661
140
7214
4455
4394
1434
2862
130
9268
5375
3444
1530
5562
9561
6895
6796
8492
5380
5931
2002
1235
3721
1176
3729
4737
1972
9560
7345
4390
7848
9893
7706
4751
721
2100
9906
8243
6053
3782
396
2277
4474
3772
8640
1479
5567
1187
9662
6585
779
6864
7193
8175
5886
6803
2218
2283
8083
8368
9520
8342
2556
8685
6916
2499
2541
4269
801
1583
7511
6112
6157
6624
7372
8915
9988
6893
4017
1727
7999
3097
4806
1732
5115
4256
3965
6018
7878
605
4038
4259
9351
861
870
7426
6292
9308
9604
8892
5439
7953
9322
555
1096
9623
9118
4675
9343
6540
3544
6741
5355
5768
8638
1046
7780
1085
2268
7407
489
8420
5662
8228
4959
6029
7608
3858
6464
8838
965
5781
6497
7273
3170
4586
917
5683
5048
8765
2343
4061
3267
2721
5352
9651
7378
4295
1911
1262
2567
9635
247
4194
3445
2554
3105
205
8284
5197
5118
5431
2983
7596
2755
1939
4470
5542
4666
6933
1779
80
6207
3055
3802
996
4802
9486
774
4121
9862
4233
3821
2519
4065
4361
2099
6301
9919
4433
9121
5110
208
717
5571
8198
4179
277
590
6971
1171
8461
9153
3724
5259
5626
6327
6836
5551
4505
6448
3917
8469
4673
1799
1146
2228
6670
1102
6105
3848
5509
7031
2883
3177
3268
8938
9695
7463
1239
4096
428
6754
8166
90
5983
2102
2079
2508
7524
5838
7203
2137
7806
5715
879
7292
8823
7428
9707
6802
7710
8769
7275
7352
3196
7265
8628
9830
9760
9758
9611
5187
771
3395
2972
9350
6150
1220
8412
8102
7943
6622
8925
930
4284
8049
6057
1095
2628
4165
7158
3929
5842
3172
4803
8344
6871
7942
3028
1413
8022
5976
8686
251
7436
4852
9863
6658
419
4432
4515
7578
2512
1996
6337
3702
2608
9124
2798
6005
8762
4125
5665
9101
6233
5622
2605
993
7050
3897
6184
334
5018
1769
574
8397
4191
2131
6006
448
1026
9983
1836
733
878
4498
8846
6604
8340
8560
7968
5851
8121
8818
714
8574
5669
5929
7438
6309
3330
6355
8300
6003
3741
8208
4999
8939
2937
3111
2199
2892
4676
7017
1024
7652
8624
1844
7174
1989
8930
8458
8081
3371
1883
3814
4172
7424
9751
997
7730
1464
8457
6861
1200
6110
1871
3298
1189
3319
9095
3378
7681
9842
587
6404
6412
1486
1955
2358
5041
5055
4446
7742
2988
3180
6592
2776
345
105
6164
8509
871
328
6406
2273
8301
7365
1711
7924
8691
4313
4650
1493
4092
2604
5208
3675
5841
6288
7156
7272
7501
4730
6885
9786
4320
6736
9980
3109
1345
3555
1971
7047
1708
5229
4684
2001
3963
8851
6359
8723
1295
3842
6590
4490
4652
895
9161
1182
6662
2342
9608
5803
278
5904
7698
8836
4357
9780
5199
2915
7668
4989
8303
4744
75
4196
317
6329
900
7646
9108
2992
560
2510
5253
9575
3758
5421
770
355
7762
6420
6204
6352
3083
5322
1899
9965
8534
3
1423
6295
9205
8962
1159
2282
484
8942
368
5935
2861
1529
4636
4010
9055
3948
1835
5161
412
2456
6333
1695
7987
308
6017
3210
1126
8680
682
2458
1438
