4091
9860
9106
1909
9969
6886
1811
8003
8317
6820
5818
7309
7165
386
724
1974
5079
7925
7873
642
7981
7868
574
2503
9863
664
9372
9787
7988
9004
7505
2381
5702
6854
1814
52
9554
5642
1821
1632
8746
8433
3936
8605
7498
6767
8301
7018
2261
7698
5046
5538
5166
601
2129
8717
3046
8063
7669
348
5179
7003
3497
2672
2066
3092
4781
6047
1046
1156
4371
2607
108
2956
998
710
2707
5668
6444
1062
6881
6672
8929
7348
4534
5385
2908
5692
4525
9423
874
297
1587
1874
3406
3197
8092
8757
9585
5272
3445
334
6446
5187
7586
0
4736
2784
5026
6333
8578
5602
5783
4478
1503
248
4574
6504
6719
7984
8379
9038
5667
4014
1165
7953
1563
8254
369
9155
834
9139
6903
4233
9512
3076
5257
1037
2259
3838
1056
6638
1118
2165
1864
3945
6399
3626
7794
9368
9816
2905
7502
1453
7791
2303
74
3841
6518
1511
7405
4833
7590
5380
8054
9119
1943
6056
1991
7721
5309
9258
1300
125
8811
3157
3335
6810
3665
1913
7093
7204
4835
1702
9515
7923
9322
8079
7946
1726
8684
3912
4433
8035
8324
9782
823
9626
4965
9016
3383
2702
7264
5053
9387
3907
623
9332
6532
4444
5001
4664
9715
6901
6632
8880
6287
7757
5271
8918
5359
5567
2577
5472
2590
8181
167
8451
9049
9474
7479
692
4175
7340
2210
2667
7076
7888
6819
4666
9602
4216
6934
4150
7419
4032
2352
7170
3848
9922
788
3
5811
650
2751
2639
2880
8434
9864
5969
3608
4324
7182
859
8104
9189
9542
8420
7703
4353
4463
2006
2343
2745
962
7797
7700
9664
8969
8190
2540
5223
9359
1625
7266
3798
4542
1339
9759
5361
6131
3594
6406
5119
368
1808
5227
5471
4383
2321
7489
9930
7386
7597
7144
2478
8423
7732
7921
2875
660
4031
362
8781
9567
5890
3311
6574
7980
6208
6140
1932
2439
8193
3207
5197
7181
5578
213
5122
5354
7913
3685
6267
5058
4979
7192
2372
7762
6868
9107
4922
9971
8023
8629
6191
1391
3241
8422
4602
6459
1767
6302
8496
7150
9161
5840
8680
9232
6342
7560
7349
6150
1630
1148
4061
4578
7922
7967
5215
406
7339
4884
8989
6689
2197
9757
3029
191
9475
7138
315
5123
6486
703
5313
7938
5914
1557
9632
4714
5539
9916
5556
7965
2028
6328
8911
861
766
7221
3259
3022
9130
8192
6553
7776
9703
2940
8716
847
1718
8043
5259
1116
6400
3993
9541
2136
9020
3254
6853
9120
7162
3708
868
9481
7437
2374
6872
5810
2010
6334
5376
4717
1398
8693
6343
3929
8847
8735
971
4968
5355
1579
1629
2685
4752
1562
7817
7402
1781
7021
4986
6543
9243
3324
4946
5436
2099
6207
9193
9891
8235
4314
1957
8586
8339
4403
8531
516
7951
9421
5876
6051
4116
4571
7712
2073
7879
1069
258
5384
9
1014
6752
1501
9028
9147
4821
4400
5487
8588
76
2659
2074
2511
5900
6616
2572
