5635
4269
8514
1442
2949
9236
9807
237
196
2107
7865
6890
1564
3014
9241
4958
9643
257
4884
4482
4067
7613
8465
5376
4037
8891
4066
5384
3921
3680
1393
348
3409
6793
7061
9484
9283
6382
9190
920
9323
27
7220
8272
940
3823
1626
2301
8728
7787
2524
5757
3013
1605
9514
2076
403
8710
6143
8308
7746
6367
892
1177
2823
2586
4517
2860
43
1828
7490
8018
5417
3529
2779
9699
5909
5326
5270
9557
4993
243
7489
8056
9518
2206
8887
8601
3851
7234
8846
7233
6789
9805
7039
8900
9011
5097
4791
5580
6054
7758
9224
6587
1935
7356
867
5202
7936
7834
7641
1261
8442
2890
3112
7223
3055
7957
563
7319
3819
2478
2044
3550
6654
2817
1976
2183
336
4685
6006
3143
350
4239
2732
4856
8530
6195
7740
2148
4365
9842
1746
7932
3060
8513
6300
6262
7127
6186
2482
4719
7206
7414
4097
296
7486
3874
5141
1137
7696
656
9083
8362
84
1832
318
7603
3725
6133
4657
5749
8585
4874
9713
8262
826
6281
6733
4911
1473
6660
5808
6346
302
204
6479
7
6062
7075
5788
7407
5977
977
3078
4204
5628
6523
1842
4225
