1429
8165
2926
5960
7626
2601
4486
9663
7533
241
4245
4953
8892
8405
7739
1265
5046
6423
3795
1571
4049
4969
4132
6238
8797
6334
1714
6228
4669
3187
4406
6065
6074
8201
4828
4391
3016
5204
2427
6472
2048
2092
8230
189
701
2927
5789
9581
5268
7542
3405
5420
4243
8222
2950
4534
1254
660
2569
6213
1360
9548
5284
9547
2382
3806
8401
9244
6330
4236
2346
9436
7408
3734
5816
8932
6984
7988
7912
885
4281
3851
5196
2170
970
8213
7365
2161
6979
1606
7075
7954
3477
8276
2093
7136
882
8056
3095
8402
2131
8514
6611
5865
7417
812
8233
7041
6054
8724
9323
2325
3592
5939
6357
6129
1550
484
7045
5018
5579
8839
8993
383
3283
9931
1412
5247
5409
87
9418
1630
8745
2074
4692
8190
4991
2625
4614
1949
2312
8612
2053
9696
8082
501
2914
1644
3371
8093
9501
1748
1433
739
6840
5383
4030
2931
5329
4637
6119
7140
8446
6365
1873
9653
9875
7776
6123
4494
9586
3123
528
4453
7133
6593
6069
8654
1266
4739
5013
7156
7294
3442
569
1501
8802
4065
2143
410
2528
3491
7128
1537
6826
8308
4024
2904
6742
3253
6510
340
7693
3058
7402
8352
7839
3119
151
8458
222
4351
5879
6421
3492
767
7504
6358
8679
1464
9592
7527
1172
2224
4551
9648
9897
7030
650
255
5139
6992
5001
8636
8040
8821
7143
9561
4517
2615
4658
5728
3749
9243
9812
5175
9352
4685
4626
5220
4197
8760
651
2121
8371
1509
2176
8931
6870
270
4238
6958
9203
8865
3931
3757
9986
1038
673
992
3684
7213
3638
4315
7645
7949
6319
402
391
2997
9735
1342
2538
2552
8155
8672
7671
2194
3136
8270
5514
9402
3559
7661
3447
6166
5964
5925
6987
7449
5078
2088
5633
4905
7790
6609
1824
7476
6730
2243
7342
1634
2644
6645
6073
2425
7844
1452
7993
1850
7709
4145
8885
8249
9879
4680
5210
9707
1589
1906
5677
6600
3906
8978
6255
1015
8801
8853
1722
1060
5337
2252
9565
8991
9055
4070
7010
6019
547
7817
5670
8926
9362
6512
1468
9171
4949
9140
7613
4978
7832
2506
7053
8023
6879
5977
2984
3975
4216
8955
3886
4518
9010
5267
5654
9304
3838
6895
8209
6393
9715
3682
6565
3391
3988
3074
5844
3873
9331
3380
9117
1990
9889
9717
1765
4932
1798
9692
4015
6168
6093
6391
3038
3194
1148
3033
1987
8633
3700
5536
1762
2533
7808
5233
993
1858
8530
9749
7104
3712
1633
6756
2172
3926
170
1461
9452
4563
716
2978
9252
7752
1756
1406
6719
146
6096
4985
2258
2833
9488
5604
4992
7271
2370
1347
9992
5752
9474
3621
9814
2961
8961
4772
7352
8234
6728
6621
5655
7350
2211
6170
962
1570
2200
1270
8638
1385
1097
3746
9872
3412
930
8372
7805
9004
6315
8833
2404
6263
477
5767
8418
6094
8011
4061
2119
1130
5818
8559
9356
5695
3257
3004
7112
4933
8256
4313
1388
3610
