9502
9866
8607
1302
3944
3836
646
322
384
9461
1925
2138
8695
7248
538
6511
6436
9262
6157
9403
7996
5505
4716
4216
158
2131
6416
2543
1730
524
8812
8025
6696
5418
620
1883
7688
219
9607
761
9062
7664
4723
7159
5359
3941
5901
5833
4971
6387
3866
3789
4933
1911
4697
154
8339
6582
3151
7339
1216
704
2588
8325
865
3521
5906
2288
6164
3474
9070
151
7597
1526
6152
3282
5002
2845
6839
8724
8331
1628
179
3800
2114
2950
6989
9071
1219
9345
9486
3391
8389
9481
2690
9961
273
7887
9493
8458
5857
2555
9777
2355
3545
1808
2093
8943
6758
3715
9151
7563
4446
3241
4350
7101
3779
6005
9311
2872
3494
2974
353
8002
3968
8976
888
7111
6213
9479
4435
1438
632
4365
2294
2454
6608
2747
7672
1069
4136
2654
9758
1691
9812
8051
4137
3536
9464
8853
2185
1314
548
1827
8554
2748
2817
2260
3693
8801
6089
2403
2884
8001
6104
5128
5398
8425
8006
3746
7149
8076
9140
6723
5819
7290
5068
4376
6907
170
6369
377
1651
8140
5621
928
6606
1185
8452
5889
6865
2406
2390
6148
482
3560
4035
6521
955
3949
7491
3832
8529
3507
251
9392
4346
1581
2209
4602
3285
5158
8151
8334
8985
7465
7502
5970
4893
416
5000
8547
8265
2631
4274
8402
2232
7335
8168
8357
2838
3036
2168
5533
2022
2404
3096
687
6121
5702
5229
3252
8119
3656
3950
1858
3553
4782
8087
3928
202
8548
4817
7014
7196
1387
8622
8650
9482
5467
8891
3576
912
2427
6076
5024
9885
2005
8451
7033
1631
7741
1111
829
4369
7318
6189
8684
9393
6360
8540
2250
5308
2380
7852
8390
6383
5413
4790
2658
6117
1238
8887
5654
7475
4531
3873
6553
6352
5259
7410
4748
1973
7231
566
4208
6029
6803
6988
627
7934
6382
2116
14
4736
932
8174
7304
6305
1409
8216
3189
6386
5790
8563
5964
5744
1855
1910
3218
8862
6301
7088
4020
7285
7046
9204
1154
9522
4604
7797
1490
6660
1759
3113
4166
1092
6631
8718
834
4885
3376
7291
3814
4926
9625
1841
449
9258
6568
1523
94
5205
2274
6224
2678
4215
806
9405
6581
4437
1158
1086
5756
9652
6800
448
5140
2499
7603
100
9734
1844
9848
8945
7276
1309
1753
7904
4883
9136
187
6254
2326
344
5490
5826
5625
3358
9445
2457
5978
7891
3104
5006
8556
8732
3601
3477
8033
2429
5699
7912
4935
6657
757
4041
7333
3858
9467
1303
7172
2391
3000
8095
4789
6007
726
3620
7532
6263
1810
3734
8594
3129
7909
995
3229
1033
306
5776
6149
3462
2449
9653
8227
4296
6440
1230
4643
9561
7752
7267
6904
2447
3475
2329
8049
9889
8507
8817
2878
4321
1156
675
2816
4366
1245
7695
1955
6049
1362
2787
5783
4449
36
5642
8082
6857
1143
8290
4682
9824
3645
8902
3107
8504
6002
3931
68
5938
2256
5013
1941
8642
3305
670
5169
4006
5236
9026
220
2694
3809
4928
1339
9054
6888
6982
9304
8713
9736
7275
8686
3272
2212
9878
4547
3862
1461
4251
5030
8434
5600
4385
1347
8285
6769
390
5451
9254
4728
4089
6316
560
2700
5040
2283
6747
8336
3047
559
5594
7214
508
149
1087
2828
107
7716
6947
5180
5967
8
3945
1863
5958
3608
4503
5419
1856
9030
429
1368
8935
1460
2048
7374
6551
2282
7464
6815
2638
4696
3522
801
9611
7254
7329
7843
2568
4768
3432
4502
4405
2372
1083
3561
2309
2287
3558
1877
9454
1512
5357
9765
6592
1527
5686
1552
9680
5015
5799
1404
9596
1234
2317
8911
2262
2603
4595
3389
9888
7783
8098
4835
2251
4442
2583
5055
4825
2592
4894
3368
2401
3057
2191
6123
1681
6136
5071
4105
2420
7079
3628
6877
4895
4339
8392
354
7971
2299
7431
7222
3414
8332
9396
8496
7147
6211
6753
7552
1376
2482
2247
1518
9407
9509
5191
7690
2512
4294
3228
4431
6829
4393
9015
2291
269
8447
8206
3651
9143
5720
7245
1274
3702
9142
7869
1608
656
5166
4892
2371
1437
2622
7804
4880
6734
2442
6707
6681
5581
2344
8399
316
2128
7168
74
155
6756
8823
1698
2001
1577
9333
4517
1547
6142
2615
5084
2582
5957
8584
9353
7698
7295
3275
2124
1733
5705
5639
8828
2278
7373
742
8636
4441
707
6974
7958
7661
4577
5734
3930
3619
1676
6653
690
533
9856
6687
1435
2577
5051
1621
5155
5758
1570
7823
7932
9572
6883
6348
1906
5174
4897
1384
6185
7370
6732
5968
9008
1488
7307
8582
8356
2350
2601
1442
6695
8947
1379
6868
1224
7458
5764
6590
1399
5525
8886
937
7242
8322
7
4704
4989
2237
1250
6070
4956
1915
8047
427
4443
9995
7705
4638
3613
8411
9585
7938
6241
1096
1140
4973
1413
7730
8296
9562
326
9115
6578
7157
2322
8745
4002
480
4914
7216
2940
4436
2385
4233
7834
7959
9826
6013
4433
5499
5647
3768
288
6837
9178
3310
9953
270
9511
4692
2587
7916
9865
7977
3991
8395
198
6899
592
5774
3200
2492
6173
9032
2791
9068
9505
7726
5961
8893
8936
977
631
3605
4307
4556
3016
2689
357
7043
4612
7985
9237
9431
903
6774
7467
1920
2388
446
823
7429
4191
5244
4925
9648
4649
1213
1043
721
8538
2225
2792
1510
1124
1440
6014
6893
231
1663
2946
8239
5203
2919
8485
2172
2962
3528
6249
9927
9438
4514
2196
2211
5542
3666
804
5411
8576
2573
3562
294
6407
6468
795
6424
3264
5069
4623
228
7293
8391
4847
5017
2273
9627
6320
86
6378
6175
2807
3502
3729
9485
7053
5577
3343
2349
637
6137
5571
9290
3369
8595
2757
1965
5887
2616
9022
6690
7260
8600
3131
9917
4793
3464
8199
5318
1142
7756
2865
4056
8408
4679
8407
5315
3996
5547
8314
8191
3380
7927
7170
1453
9471
8267
4256
5450
3150
5812
7018
6001
2871
5801
9376
1561
8942
2995
6404
9275
