6899
9111
6078
4320
9366
4996
9508
8657
2677
510
8235
8124
4368
1939
5675
9533
2067
8214
3013
246
737
9896
551
9571
2510
2482
1137
507
210
9973
3648
7066
7306
6564
367
8984
4545
5726
287
9450
3152
6073
7238
3780
9765
7574
8705
2212
6165
5731
6807
7862
6318
2854
8350
29
2191
1929
44
155
9646
9777
2277
5589
3559
9794
6341
8349
4683
8473
17
4297
2405
3294
1477
406
2158
7836
1616
7590
2720
910
2754
9120
7375
1906
5913
1822
6689
9751
6777
5840
4118
1109
6219
7021
1812
3374
5739
7373
3490
786
358
1524
219
4298
279
1036
6353
7237
2241
6823
6618
1185
7170
798
6670
5381
3938
4750
1412
8127
4340
1782
2429
9494
2648
7406
1398
7168
9302
1072
8856
9452
6959
6924
2993
7305
2354
9809
243
4440
7663
9349
9853
9942
8897
6169
7995
2768
9442
4512
9550
7817
9020
6032
6295
9358
7785
6320
9990
5219
2087
6096
5279
6603
4061
6092
51
5877
7196
8738
5588
919
645
2036
1362
7516
7278
8715
7123
1711
676
1722
807
1466
8532
5408
2923
2846
4095
8848
1742
9899
5094
6278
6592
8298
6312
839
