2458
293
2046
5276
2230
2539
2024
3600
9405
949
6026
1254
842
3056
4029
399
7224
2428
3472
2742
4652
3150
5530
6021
4262
5416
3155
3053
9710
9445
9988
7467
5778
9466
7537
4004
5893
7570
9876
8121
2217
6899
4432
3375
4995
2511
7664
152
7614
1870
1511
6453
3182
1355
6344
911
2892
8545
4973
6908
9728
6046
3038
8905
1109
3732
9916
6351
5933
844
2957
9985
1634
2166
1385
4191
6216
764
5064
2359
2300
6229
6681
1708
38
88
7866
1580
9188
156
2863
1793
6149
5852
4994
9779
5595
6175
4865
3422
6359
2265
227
2159
4843
699
1731
5409
2255
9729
9588
6936
1980
2537
6158
6944
8796
8295
8891
4536
7284
7949
1554
730
8601
4229
8917
3799
6736
3018
4263
9014
7538
3276
1214
2331
3412
777
5429
1802
6123
7928
3483
8998
1504
6675
7232
4076
9279
1489
6242
2435
6163
5268
1958
7535
7996
3764
389
9180
3944
305
7822
473
1647
4684
3379
9676
2778
1229
7823
9626
7639
1725
9922
9451
9722
474
8424
526
3454
5895
218
5641
6911
972
4900
9827
9967
6460
7791
282
2386
1309
3679
9972
3493
4633
7580
1124
4164
5154
9563
3093
9592
6186
9980
8709
5767
8344
9167
9202
8147
6851
1118
5892
9458
9312
4361
2279
6448
3796
9974
6077
7995
3243
724
4314
3113
4457
1020
8356
9666
6949
8044
2369
5527
5938
6253
8175
6423
4688
5100
6778
2739
9690
5979
1925
4094
3538
3031
9224
6108
7819
4176
9019
7266
9251
4051
3709
4983
8388
9183
4155
5730
6432
2677
8547
3913
8376
8351
5093
3783
604
7881
7728
3262
19
9374
8622
4198
3271
8640
2546
3404
7992
9095
8179
1379
7473
5260
2614
6459
9295
9560
5063
9951
2287
9743
5482
3123
7653
3191
758
7892
8049
9636
8712
9712
9103
8034
308
5939
5929
2378
454
2646
1281
8743
757
9785
4949
9631
7869
1196
3405
845
9541
2222
5737
2183
7040
9342
6386
4274
4423
8148
748
451
6918
1664
8090
9691
9955
4087
6680
9475
5157
9718
2907
4977
1052
6222
899
8897
7353
1343
4816
6201
1412
4073
2574
7092
2607
3160
2409
8284
6010
8963
3359
2769
2179
8242
6194
7942
3636
172
7964
1605
3023
5545
603
546
833
6232
158
9861
1518
4439
6499
1045
1110
6307
9259
4482
8302
5660
4923
8404
9440
7533
9463
1477
9163
1497
1756
4641
9229
3442
5336
6866
4528
996
77
8152
1453
5917
3778
3448
6900
1211
3418
441
2478
965
8458
5374
9664
3756
9489
7773
3141
812
6672
2106
5140
9215
2108
3463
740
3914
4920
2346
9688
6100
2613
5456
2169
8633
7299
6513
5353
7271
6466
6994
9899
2460
7032
8289
3873
5356
4376
1136
6094
6210
4790
4365
3501
5183
7841
3381
8491
8026
5223
9535
9826
2190
7455
4249
8607
3720
7506
5288
5365
597
6156
3241
4430
709
7935
6263
4871
1482
5052
4944
3990
7810
4287
1440
2915
7660
4210
3617
977
6785
1781
7361
1675
1241
545
715
6185
69
9942
997
8620
9840
6935
4922
8343
241
2007
4515
9284
8742
18
5404
1758
409
4125
5434
1493
6874
5835
7412
1996
7265
153
80
9571
4149
7984
8426
7876
3087
391
4513
6821
9816
6956
2154
8345
7470
6527
9173
4686
6538
383
3908
2240
6978
5673
5662
1272
9549
2464
2345
9522
820
9153
9268
1527
2990
883
3763
8236
2694
8063
9301
1084
1651
7840
7345
688
31
6090
3661
9047
122
4958
586
954
8403
5115
2683
3006
8010
7842
7239
8423
698
3380
9384
3667
7107
8946
7657
5418
1545
9997
3033
9944
8041
5788
6734
2327
1216
3363
3026
5883
2219
9815
658
9243
9750
1590
9982
8163
6732
756
5602
3409
798
1364
3266
9278
2718
7481
8430
3432
2194
8971
4664
161
2407
8663
8959
1679
8446
9041
5573
1920
5081
7440
9435
2244
7969
8787
2726
8449
4257
4928
3020
2921
1204
4746
8566
2493
7263
4001
8774
8287
8907
9794
3002
3843
8323
6481
5987
7175
9719
5217
7583
7243
149
3095
9143
6646
4906
2711
2865
4709
6076
4034
7588
1575
34
7326
4046
8329
8467
6752
8965
9486
2204
4491
6458
1769
8432
195
2571
9613
3995
7357
6561
3044
1417
8924
2351
1819
2551
4159
7341
242
1693
2032
3854
7053
1140
2974
6207
9877
9537
2625
931
1791
3293
6068
6607
628
1011
776
7276
3800
2802
791
6275
5977
2198
8508
2723
7418
5283
5733
2160
788
9969
7493
5275
1589
2929
5447
15
3096
3110
5899
5667
3766
6824
5656
9940
1240
9793
8045
6631
1009
3119
2174
4607
8206
294
61
6290
9965
7640
8191
5877
3534
5407
359
272
1678
2461
6031
9479
4391
3265
1088
4661
8164
4801
8926
3234
4021
166
2060
2665
8346
775
2054
7210
2859
1872
423
2862
9792
6840
862
4316
9605
2318
1961
1404
9267
4625
1033
3478
22
9989
2510
6630
8630
8624
1847
7629
7661
8062
6037
1050
7477
4429
2443
6371
4554
1105
8718
4750
6695
7343
5794
8265
9497
1436
2544
2012
1032
7820
3371
7688
1618
2294
8290
2545
3285
5824
1928
8368
9767
1828
6859
6861
9004
5284
3900
2850
4602
2869
8281
4853
121
7179
6806
9086
2442
5783
3393
3880
3696
1919
512
4749
7443
3632
3355
7267
4479
1207
8544
3821
9108
1231
5763
3685
4455
4943
929
2996
8970
7429
7958
5108
3789
4671
2374
5458
4059
101
4408
7870
1019
5705
8365
7133
6603
6706
3233
4220
9635
4392
1199
7562
1764
892
3739
8021
5901
6943
8417
1250
912
1522
770
371
4754
1815
2534
9367
9189
3557
7789
9784
2504
1386
7896
2998
3004
6140
9844
8937
7071
8017
6566
7439
3728
7770
5380
7799
5027
6559
5441
7650
9507
8580
60
7231
4240
6053
524
5675
9361
4667
1305
9530
7466
4621
151
211
9203
3256
3236
1986
8724
4203
8506
4153
5493
118
8850
96
3837
