11
9297
5762
9516
4176
7176
5122
4562
1338
7189
5911
7156
9800
9988
8219
5312
6400
2284
2297
9871
3475
4227
1382
4452
8999
4149
3273
9118
3028
8075
4029
1436
9314
2348
288
9081
8285
8521
3726
8715
7157
9503
2532
3027
9718
6211
6766
8419
7249
2568
3961
1835
6133
9174
2786
6504
7365
9280
5644
4397
5140
6903
5764
4776
7611
7555
2035
6952
23
9610
7941
6713
564
3957
4596
8644
1957
3880
9643
8051
5308
7812
8982
7794
1019
8466
7748
2317
337
6828
6497
6473
7715
7940
6596
811
1042
8696
507
6684
1521
265
6007
3017
4197
6048
8514
4326
4970
509
7317
8759
4931
1732
4527
8476
8957
9851
1651
4771
7880
4548
4150
1374
9598
2601
7990
782
4096
9147
6427
9572
4158
3052
973
3495
5024
7356
749
4923
3868
5724
8311
2147
1764
1215
2533
8467
9510
3162
6279
4487
4867
3499
2261
9638
4020
8431
4856
5792
422
5897
6907
5041
1865
1323
7379
6028
2697
8267
6541
5111
1725
2289
1098
7234
3966
3969
9816
7154
5135
1316
3546
6932
127
871
1528
3187
8766
3406
5084
3113
8063
6233
7158
2457
5863
3474
1608
1077
585
3034
6796
308
1242
8915
4608
3704
2495
3053
4277
2183
5957
4130
728
5169
9803
5714
4437
5046
2486
6121
7922
8964
1092
319
1287
3185
9157
5234
6409
4272
268
3584
2644
5602
8695
7320
1388
5642
8544
5958
1567
8108
9421
1194
1681
7355
9422
437
3935
6913
2333
4395
3361
7626
330
9349
8891
4137
6200
501
117
4553
6936
5568
8623
6407
8374
978
8923
4987
2494
5160
7101
3312
583
258
9809
4593
8498
9436
4935
5307
5593
6196
6521
8600
4073
2440
1319
7418
3120
2523
3665
6250
5643
7484
9931
5499
8074
8719
3617
459
5153
7989
8613
686
6601
9483
7582
1261
2896
8746
3289
2920
3127
3277
1577
6093
8542
5614
3619
8578
4296
9531
2628
4345
6818
8087
6745
3914
3520
512
1390
8013
8599
6401
6313
7115
7944
2558
3941
2854
3626
8458
2766
6995
746
8997
5410
3423
1359
4796
1368
9327
3077
4244
9309
5980
1856
2732
8322
3496
3910
6421
8581
2773
4640
6879
4412
6329
9944
8313
241
6461
9521
7720
9717
786
5332
2053
1851
4913
5065
3728
2810
3087
8078
5758
5688
1217
795
5224
3095
8220
5437
9032
4250
309
5898
4729
3119
5324
75
9381
7354
1412
9893
3140
3343
9773
4438
554
2268
7419
4263
215
6412
1485
8953
3488
1045
9757
7536
1365
7820
6734
9798
8140
6594
2650
4713
2663
2152
1414
2501
7025
7289
7543
4883
7704
3291
7932
5784
5124
8472
4063
7790
5309
7830
1787
1587
2737
8788
3296
3775
8226
3522
7933
182
1766
5118
2410
8854
663
4745
5977
6651
187
489
1731
5710
2634
222
2277
2231
5611
5403
1039
9657
33
4911
5881
4033
6232
3321
5917
473
67
4632
878
3357
7036
6021
8460
1676
5187
897
323
8870
6140
5003
7570
2153
1713
6867
5188
1031
4373
7076
679
7576
102
4374
9623
8972
6129
4639
3324
7090
1531
6098
8334
5704
4344
966
5012
832
4359
4094
7225
4762
5360
307
4139
5202
3556
9267
4147
2322
3962
8918
1723
1293
9372
9599
7055
4560
1255
639
7777
5190
2800
7657
6634
6683
3511
8264
3450
6582
4085
5867
7718
4405
3400
8255
4655
1891
5319
6483
9709
1466
7187
5759
9899
933
6342
3547
1009
6860
1190
7876
9620
7024
1094
748
5356
2818
5289
5935
6646
6173
9564
6920
8174
7228
4299
3057
8843
2676
672
6680
6124
8393
3105
5719
5782
9269
4670
3396
7230
7424
3545
7292
3183
8044
2802
329
9671
8677
5756
7719
4308
6297
6783
8436
9580
4335
2202
5618
8770
964
7835
9725
4315
1685
7338
5590
2414
1435
9008
5723
9200
152
4831
2406
9946
822
2814
4726
3624
1783
590
8291
745
2825
3663
2799
4491
5597
4406
7277
3794
2534
5806
1381
8596
9325
3290
4557
2357
86
5533
9738
7430
1966
4540
9720
1373
8142
1655
2681
1005
1529
1324
7046
4825
2070
3179
5761
735
8089
4628
2629
2207
8799
7423
3381
7130
237
3114
9937
9933
5051
820
6146
3639
4312
606
974
2514
3637
8507
8601
9226
2861
3094
4789
6789
6366
4751
9203
5581
6813
7129
8598
3240
7063
8352
7298
743
617
5683
7928
7477
780
4200
5848
3386
8852
6891
7368
1790
6485
7559
1744
7825
2550
9519
5795
6990
1544
9058
5928
2471
9696
292
8071
1852
9281
2311
2117
4451
2437
6749
1022
497
4601
9852
805
1315
1545
9985
8831
2951
641
4053
545
3332
9612
2897
1758
1991
4043
8828
6277
6278
9769
5796
770
6126
1940
3558
1684
242
6603
3721
5364
6372
5754
685
1332
8123
540
6599
5059
2878
9739
6494
2402
1557
8308
7147
7137
7875
4554
8884
4990
6086
8069
1402
4337
2944
1099
9320
1640
5765
5261
3823
8714
9395
5853
8822
8824
7223
8
5788
9654
956
194
4114
9653
4697
3079
8272
9877
2874
6571
9302
5888
6950
9239
1888
1836
5500
8779
7792
246
9513
358
8439
285
9999
2967
1478
8527
4087
9340
8096
3539
8708
5668
2871
2135
4874
2651
9188
3131
5239
3711
8133
1159
3106
7871
9947
5032
9592
6691
5377
4809
4211
1392
306
9114
5752
333
7685
9670
6514
7273
275
1281
8411
8110
3037
6777
118
367
1253
9787
8676
3871
8340
8310
4443
7009
2272
6333
3411
7440
5466
441
6940
9785
8125
6335
9476
8729
9892
8531
2884
5913
8896
2719
7739
1438
4529
4598
3646
6918
9466
192
1013
928
6699
4371
6895
5797
536
9774
365
1420
7300
2204
3817
5217
7844
8537
3093
7449
5649
113
3550
4228
1482
2391
1370
2223
8003
8323
2009
3911
4446
2019
5204
8256
1703
3301
9532
3739
286
1883
1391
9376
560
6844
1884
9753
2659
8585
7981
2012
2258
9053
2769
5056
193
42
1481
2656
154
3808
9149
9185
3233
94
2770
6539
2767
996
9965
1461
5786
5107
8338
7909
5952
7942
7364
4217
3527
2113
3235
5179
3165
7179
8834
6618
9736
889
7008
3916
5731
6060
435
1397
1158
8552
7408
6517
7800
739
1702
7357
5068
7128
8195
8971
142
3783
7530
7265
717
2314
7396
8945
7680
9318
4619
7655
7402
2982
5713
9895
1670
5007
5136
5538
796
5854
1938
866
7549
6499
2507
3088
3758
6904
6861
5982
5633
9546
9896
4768
5932
9464
2962
3288
8429
4426
3627
1868
2200
2595
1794
3788
3002
8211
440
4968
6526
146
8222
783
3448
8054
9524
7726
6305
1540
767
6324
8390
1050
8617
46
4539
5781
8157
3122
1021
718
5318
8057
3852
1922
2541
7395
2842
9173
1069
2840
8785
3245
706
2199
1943
9641
4123
9204
7843
8547
3353
3250
1111
2078
7516
1659
7480
2230
2935
1018
3956
7264
8548
3329
9071
6751
8984
2525
7709
5269
1575
6743
7672
2161
6849
4500
1201
784
5767
2717
6346
616
4604
7593
9044
4254
9045
6408
9300
2964
2870
4076
6736
7098
5491
7437
2688
1285
2438
2052
4103
1524
9812
7795
5572
2736
1216
7397
385
7353
6605
7833
5252
6456
7831
7849
2425
2279
634
7177
6669
4846
7992
7644
1204
2481
7813
6702
1221
4206
9504
201
9663
5628
9498
789
2774
1616
2385
6370
5411
3427
7394
2375
3390
9825
8289
7761
7485
4926
7775
1945
3110
3968
5415
287
1962
4410
7557
7999
5492
1203
7660
6239
5844
5971
3025
3875
18
6428
2083
9520
6476
7597
6923
7216
8470
1846
3682
1444
4661
28
3506
4538
6848
6045
8866
7671
2046
1635
9818
2479
9070
3965
1897
9467
9568
6037
5355
3622
6144
8734
4575
21
3887
7014
4512
5181
8640
993
9796
5325
3055
9187
9321
2552
5857
1793
7152
9904
9755
8254
8887
6712
8129
6811
7010
3282
6415
2150
669
6629
8107
7786
7328
8761
7832
3420
4006
79
1480
9007
6016
7304
9672
673
2217
5577
8151
7616
5692
5883
2843
4907
2301
3722
7759
7315
7348
586
5694
9808
5803
7905
2167
1502
1738
5729
6854
8095
9450
6653
2088
4024
8280
3252
9305
4282
4896
6989
1410
5902
7253
3204
4556
2251
7588
8993
7960
7636
469
7127
637
1131
9801
6290
981
8660
5374
5206
5969
5019
1106
3587
8481
9630
5420
3881
4750
5508
1187
92
1559
8302
7460
2669
6071
1267
2654
7268
4690
9084
6798
5868
3413
3036
5605
7717
3915
6560
4641
4993
7080
7069
4678
2751
1303
3456
9151
8713
2916
5552
2652
6010
947
629
1523
4212
9152
9438
985
5391
351
3745
7894
236
4842
8295
1469
6142
5814
1274
3736
3439
220
553
829
2294
5715
911
4436
6719
6204
9925
4940
7332
6506
2627
4542
3540
3173
5903
6159
7974
6969
2079
4286
537
7345
9197
6419
7910
9938
2433
6786
777
8903
3767
8594
1327
463
9862
7841
1110
5807
6378
4314
8987
7136
7996
7645
5333
1238
8141
2142
6260
4075
3980
8277
5874
8889
1546
959
1177
431
2763
5458
3084
6625
5070
3334
6030
2300
9192
3958
6168
8825
1371
5145
9716
5100
1924
859
6572
7836
8686
2376
5725
693
8838
9924
9394
5539
1877
7652
5496
9898
6268
5323
2138
8958
2838
1507
6442
3798
4785
2841
8833
4205
2903
7435
9117
7027
4725
1886
2286
3042
2905
1807
4731
5009
9644
5542
3133
8228
2000
657
6901
5218
6547
2241
9165
4564
4714
3835
2192
5531
8327
394
2059
3816
620
4323
8202
7459
747
1754
6919
7888
2543
6885
1781
4646
6852
7799
9940
726
5586
9289
5339
3300
4297
3770
587
4355
4245
9843
6692
6336
4515
7450
5476
7643
2060
9814
2335
8505
8730
8991
9095
9482
6769
5486
6000
4973
2667
6487
387
9310
7381
8076
353
3500
5213
8435
5380
4234
1171
7774
9573
5212
3934
2738
7710
1778
2954
2157
4005
9655
3219
9499
5922
9745
797
704
9341
1558
6707
5972
1634
6379
736
7077
3949
2174
453
5366
8474
5090
1526
9547
4708
107
488
3190
1931
6291
9928
4119
1062
3537
6096
6263
1937
7219
8269
9358
9415
7618
1191
2374
8300
9832
3232
7939
6282
3021
3781
6198
3533
7654
3560
3821
4686
9976
5015
6199
626
5612
2271
1046
5654
818
9509
5483
6395
6715
2109
5899
3861
5150
9106
2588
5222
5816
5862
2912
9529
9150
7495
8180
7242
6236
7979
9035
6210
2285
6402
8027
1850
5417
8324
8018
2608
2136
3455
4419
395
653
1819
6765
3733
9743
1672
8540
5452
5193
2112
27
6845
648
5861
917
7575
4629
1932
9013
4692
8010
4108
9233
4464
8520
3061
4577
2315
6334
5279
8309
4458
4848
3566
1115
460
1283
9339
8117
9315
320
4889
3948
8326
9930
8203
2180
7523
9398
3971
4974
4948
7730
4066
5340
7987
1464
4325
8169
9606
4884
7371
418
562
6643
5371
1679
4218
7804
9116
8669
4316
7306
2790
8711
6974
8101
9127
4513
6449
2026
3097
9979
900
2997
3462
6964
5859
5275
1771
2603
6574
3851
8059
830
7164
4117
571
4129
2325
5575
3001
6255
1133
8797
9874
5313
1433
7007
1631
4305
1923
297
256
8655
4897
1140
5285
3998
7038
8926
7049
8000
8451
1768
7
7878
2222
3698
5344
2503
6390
1268
1864
5409
2509
7650
1988
4823
8857
378
932
2475
6259
4181
9991
4068
9659
3401
9121
6659
2542
2051
1064
8290
5167
9550
8840
1698
7632
8705
4898
4281
4850
226
3519
7224
5780
6827
8582
2034
5297
3898
3611
526
1646
2695
4365
9304
2990
6025
9834
5979
1686
1936
6865
6809
1292
6822
4508
4681
2170
4709
1282
2367
2172
7863
8922
1270
1752
2925
6559
391
4044
5845
2565
6298
9423
5595
4109
9145
7324
1844
2915
7592
6225
8861
1072
1014
6775
3260
7415
5061
9235
9563
6481
2444
2055
6184
4112
1035
9014
7900
5272
2776
2830
6655
4027
7140
