9137
2902
7208
7978
894
8632
6898
6164
6062
8395
751
6961
3354
2279
7627
5985
4081
3738
3222
5520
9716
6626
5915
4062
2365
9204
8157
8263
8941
5519
4609
14
1301
3754
8140
6315
8072
1146
1217
5043
3334
5365
7633
9533
9815
911
4732
7674
8722
4065
7973
9707
4797
6477
8924
5157
6958
3478
4364
8874
9934
882
5958
771
5910
5791
9975
507
8539
2238
1380
5120
6601
2155
6726
239
7341
5937
1160
48
5165
2386
7928
6544
1518
5359
5442
4400
8680
3159
2233
7788
1046
242
9682
20
9082
2602
9124
9184
2808
6406
6536
5386
7494
456
8622
4325
4692
7275
7808
2653
5408
6835
5279
6119
447
7401
3407
327
9378
2497
8428
3275
8997
9810
2075
4541
5600
7812
4839
8450
2135
1790
7755
3480
7368
2657
8928
9585
7801
5307
1900
4590
9067
8807
8832
1849
9077
5716
260
4657
6721
6305
3801
7830
3756
2567
7379
2934
7848
4395
3261
5552
9620
6847
9485
6723
7183
5135
5223
3553
3209
3975
7567
26
7174
72
9768
1463
7601
5633
5253
1569
9523
3555
3996
7603
8479
6063
9121
9252
4408
2592
5765
6983
5076
3882
2709
68
8212
6466
4569
5213
3034
1119
963
3185
5250
8373
1079
3229
584
968
8055
3336
547
5446
5868
7393
4822
3341
4978
7671
7290
5036
1766
6575
8752
9391
2226
867
3565
4921
974
1568
7557
4464
6813
6446
2096
6269
3417
8010
1328
8454
7405
2447
6323
3200
9703
3271
6246
3111
544
7836
2208
1697
1633
7242
5233
2509
5310
4298
4538
3809
9323
7521
5016
1654
7472
1926
6370
9116
4114
180
3040
4616
6439
852
4854
9157
9978
3613
6493
3827
1899
1044
3041
4618
60
8880
8137
3750
3017
3424
9293
3168
7093
7597
9254
8366
7269
569
8506
16
4901
9883
7680
9281
2333
3626
409
8910
6166
3375
8639
6153
9546
9771
2404
1490
6388
6731
5719
1219
6908
3605
339
9882
4943
1623
4741
954
5696
1610
1720
5086
997
1111
3515
2663
2395
8282
7858
5478
2034
9914
8921
1169
1867
7636
7795
4634
6203
225
3991
4394
3601
7475
9698
2194
5077
6706
2577
2518
8732
8518
1692
6661
6489
5825
7773
5574
4201
6901
7653
9274
8465
1783
5847
7568
1178
4517
7276
8911
8669
7635
8900
1945
9643
7639
3784
888
9434
6749
1477
5324
1481
3721
1761
9004
6712
2148
1804
850
9951
9941
3523
1425
2687
9884
6273
5477
1613
5971
2820
7923
7049
1473
8595
4469
2128
309
7503
2298
1832
0
1284
2571
5932
9446
2204
876
3519
6779
4555
8337
1162
2596
1541
2638
6285
4873
4696
9417
515
3967
7527
5174
9578
8378
7926
7002
3878
8792
6221
8888
4859
5109
6407
6613
2788
1158
3617
2484
6883
134
539
2887
8838
3076
8339
752
6028
6402
6921
1232
5659
528
89
2605
7118
3658
2464
4182
184
6600
5660
6524
2896
586
8453
9808
9023
8613
8667
2658
4625
1909
