2851
2287
122
5270
8054
1710
6907
1767
6325
1029
8643
6967
9903
2621
5872
5751
4069
8123
3781
4013
8635
3603
6085
2555
3466
6626
1393
3364
5199
8969
9838
1555
9918
8461
5913
2467
2890
8261
1022
5049
4581
6539
276
9728
8576
6087
51
6321
5860
4597
9491
3258
6275
2953
4218
6655
7788
8712
5325
6007
4765
7625
619
1612
2057
7069
2324
3332
6231
6595
6754
5195
9469
5592
7758
8014
5405
6656
3114
7898
7588
976
3301
433
5917
6994
2524
1052
8392
7004
4573
1783
2355
1278
5826
3641
9565
2420
5694
8090
298
6635
9450
1011
4012
137
6304
9183
153
8733
7880
5667
3242
5538
1964
8865
6298
6351
9685
7438
6844
5788
5705
8726
4000
3837
3941
9713
9874
4058
609
2406
8304
8812
4741
5823
3108
5459
7053
8458
6641
9140
5384
4017
9753
8341
3743
1394
9922
7513
773
8114
5246
2338
9513
8789
2354
3929
2542
9259
8777
4896
3787
8387
7070
6214
1599
1271
5594
7648
958
823
5804
8685
3607
8041
2529
5140
5015
1781
384
3365
1004
3515
7214
403
5773
8294
9313
7844
8236
2597
9195
7520
8308
6757
7081
6578
8082
8334
8343
8608
5636
5754
4292
1947
9726
6714
5817
4354
4485
8559
3237
5897
1423
3227
5133
6292
3981
8983
3133
7052
5579
5198
6153
5658
8988
5512
8279
452
5570
4007
554
592
9358
2138
6216
9168
5345
1899
9706
3730
5749
1300
9133
2381
89
7242
6887
3768
3275
9100
7947
3502
5080
7361
2177
6218
161
1252
6191
9949
2487
7073
590
7131
9191
5674
2722
6450
6170
7041
8474
7600
7109
9640
2757
3140
8298
7584
2423
7649
3503
1887
8345
1638
6788
203
3915
3685
7104
354
163
4912
5765
4550
547
2618
9481
9451
8852
6653
9080
6533
6851
1883
9404
8150
1708
7360
6731
644
6048
6429
8465
8916
3188
476
2620
2622
5874
4461
7641
4875
1569
4584
3681
7256
1989
5798
1207
1606
8868
845
7749
8637
3805
661
9730
3351
8964
6807
2082
9839
6120
2494
2674
4725
655
6128
40
4633
5236
4221
4827
5736
7928
1098
1733
9848
9276
7548
184
2517
3013
1040
6044
2269
2430
135
5548
1339
9049
5312
4696
1751
9840
7784
8588
3405
6013
6966
7640
1187
2330
2906
1957
9042
3546
5296
2663
9368
1927
9993
6104
6615
2475
1247
7368
1870
185
5157
8096
3319
8378
2198
9070
5951
6092
680
8843
7094
3708
6531
2306
6520
217
729
7409
6294
1978
1390
3569
3186
2831
1554
2968
4080
4534
1527
5988
2408
5483
580
9474
2983
815
1126
140
3006
4526
8630
1831
2778
1956
1158
8747
5728
5295
4647
8890
4800
6928
6342
8641
6808
9163
6694
8978
2254
4598
1469
8806
1738
1644
8227
1239
7316
4668
5482
7033
2700
7446
4880
4068
1873
2302
9592
600
8619
9419
852
5153
1051
691
6303
8348
152
1946
4156
622
8125
4261
8953
4922
9386
8663
6136
7882
8411
1622
7798
1845
899
4833
4301
4395
8477
2414
204
5024
4755
6909
7148
5990
5507
7461
3022
7594
7199
7026
7319
5617
8753
1410
1802
5395
2486
549
9893
3775
7439
5470
3687
4369
3561
5324
5960
806
2274
5894
2347
566
5281
6988
290
7684
3656
9929
6513
2053
3021
5809
9770
606
4322
6728
8197
4693
4400
3961
3098
7668
979
9085
7525
6228
849
2076
6135
5701
4785
4738
5904
3736
2873
6238
2515
7854
2436
466
3733
9235
2022
8335
1743
9092
4475
5520
6447
769
5450
1047
9006
6663
1192
491
5240
6031
3745
167
9228
1369
1281
2720
8947
5720
2427
666
1054
7874
3718
9611
4864
5685
8143
772
559
1208
7604
861
1840
8596
3793
9553
4061
2359
2900
8678
1574
6986
50
6796
8146
7147
718
2114
3909
6319
9680
8486
7922
4882
8320
867
4906
3096
2766
2484
3325
8516
8909
3060
1117
2014
9942
3575
4118
6782
3279
2309
2037
4257
8646
4636
8322
7034
2879
5072
2973
9147
4778
3992
9710
8807
5764
9549
9401
230
7516
528
5846
868
3093
2995
4164
2462
7837
7993
4908
6885
3172
3479
6913
3369
3703
1705
7579
3025
2951
7963
1900
4450
575
6809
5527
3495
3559
382
3280
7230
3446
7312
3223
241
3857
8860
1714
9197
8973
2981
5941
2665
4289
9960
3037
5215
1287
4954
4704
6409
5409
2166
6246
5263
9956
232
3506
2682
822
4557
6874
8231
7870
8732
7877
877
1292
4046
1617
3404
7078
747
9430
4167
6813
4200
6686
5230
6209
4796
166
3790
1340
1089
23
6433
2599
1193
3380
7013
8420
9083
5009
949
9595
989
4522
8290
717
2601
5783
7523
4733
4520
8435
6537
2929
7803
1808
4219
7908
2442
4645
2712
9905
593
6598
430
2672
5285
6742
3615
8901
2780
2552
5668
3582
5558
8239
1424
1426
3494
3104
7343
1938
4569
7496
5891
3049
9055
37
1048
5188
3220
9829
3491
9962
2702
1491
9248
2216
7507
3024
3254
7001
6445
6380
1542
916
239
3460
7673
7414
8067
5011
7858
6908
8045
3155
288
4885
7128
9087
9844
1463
5261
7180
4507
4274
2091
706
5407
5086
9475
7118
5076
4306
9782
3547
7722
1108
8466
6672
6681
2465
1436
6778
2740
9429
9370
8360
906
1444
5612
8602
8430
7730
391
1742
7527
1489
4214
2558
669
6194
8203
1676
7872
1955
4309
3028
2964
8987
2829
6859
9324
568
4235
6752
8253
4272
9803
8104
9546
1745
21
5737
2212
5662
6890
5563
6969
2401
4670
8449
2794
6932
4585
3779
9994
4263
915
5514
9636
8501
6866
5109
8487
5077
1321
7924
4102
9059
5792
6252
8746
2097
8233
6111
2434
6487
458
1071
7202
2961
5665
4304
3201
7949
7036
1146
3169
1087
2670
5849
4227
3604
8447
5059
6431
8424
2360
9801
3650
2089
259
8841
6794
3178
9898
9171
929
6591
3926
65
6086
2591
525
3451
8795
2598
8063
3209
2161
5033
1523
9079
7794
9047
9937
3858
1915
2405
2444
6659
8666
9139
8778
3208
224
1293
1202
8491
5561
8945
7918
4564
5930
7550
6340
2569
411
5163
7518
8557
6735
5932
7471
4296
8144
6437
7144
1962
4752
1816
5697
8255
7057
6491
5160
4132
1044
2193
3282
6334
4240
211
3036
3012
7463
7286
4653
1685
2083
6965
6307
7287
9736
3688
7575
18
2375
301
4744
267
2445
7549
2903
104
6332
8175
1461
6950
2583
541
2842
2205
4423
4530
8327
704
5560
8187
2361
4605
4571
5959
6902
6815
347
3639
4940
1613
6561
5661
6021
667
2795
34
6215
2593
334
6831
8317
5975
3124
9533
2826
8476
4182
3767
4619
2245
1589
8485
3075
221
9302
5468
4716
6413
6604
1479
3293
2707
7478
552
9852
6438
3659
7623
9507
7506
2217
8195
9704
377
3226
9683
25
1607
3951
1922
4251
6814
4458
3476
6256
4137
9912
8544
5420
3518
6518
2655
2466
8550
3508
831
1838
1828
3170
8690
2498
5987
3339
7577
5863
6692
8960
6764
74
4430
7983
4985
978
9913
557
1546
3676
9817
1485
5750
8926
95
5618
2636
9422
7189
9021
807
4047
2340
9487
7223
9649
9778
6465
3465
8442
7234
1794
1199
9151
7960
5328
5901
5320
207
8037
8854
6349
6176
3387
15
2721
1083
7544
6701
7358
7953
5655
2926
9868
3448
7197
5948
3066
4905
7729
7221
5107
924
3748
1991
2264
4340
7871
5371
4404
3357
2947
913
5168
234
3219
7430
8094
6094
2881
3568
9763
9978
4495
3370
6508
9921
1081
8682
813
2512
1859
9792
1512
346
514
3924
1587
9236
6037
35
5650
3500
2846
4270
9109
8247
3241
2440
4981
8311
4077
8679
4808
5273
5825
4298
29
3693
4376
8062
4539
5761
6010
493
738
753
8892
2553
6849
2892
9000
1375
7542
4748
6579
1392
7037
8399
8429
5403
6254
6100
1992
4980
3886
583
1894
437
1314
6592
9681
1929
1699
3982
2080
3456
9038
1302
2416
2790
7629
408
7763
8282
896
5691
754
2816
7220
9050
7635
2503
2801
6359
3306
9719
16
4344
3895
2357
8616
6499
7909
5578
2303
4217
6544
9729
8003
19
9321
1615
4629
2508
332
1902
4453
2535
6828
8362
3377
9242
6940
3643
1949
8741
3861
3551
846
3477
7875
4777
4318
2101
8727
6840
3954
3964
4901
5210
6267
6878
7381
7035
4028
4379
4431
9218
7448
3318
5216
5056
3210
7665
1184
3087
2214
4185
4623
5855
9810
5928
7797
6263
8129
1045
4168
7514
188
5327
6860
8502
6845
1996
9615
2094
4288
9555
1439
176
2241
8268
6753
1262
4913
996
5878
3221
6155
6953
1338
2658
5729
1134
6811
9666
702
7848
5266
8762
4356
4660
7562
988
8847
2737
7654
8797
9725
2192
5488
3904
7857
1824
7754
8064
3824
7927
8381
9658
9284
6917
4497
6614
9987
7207
3624
5062
2765
3044
8984
2203
2931
6791
546
9221
3591
9850
6621
531
6545
6122
4284
2840
5028
2314
6143
6639
1209
4838
7943
3423
2779
1244
7095
357
6045
4239
7416
8750
1865
187
1698
6823
2179
480
9686
9116
4366
2146
8739
1161
4037
4630
2148
3097
6137
1727
8206
3949
3252
3946
5830
3828
8628
1799
6649
9390
4533
8148
1696
254
3871
2477
6046
112
904
1598
4055
5630
5786
7281
5151
7704
3901
5998
7072
3488
4021
6803
3156
329
8864
8479
9982
5822
684
9156
3564
9421
5981
2521
5026
4857
9930
6699
2064
175
737
5343
8791
3016
8017
2441
8135
9578
9594
5596
677
5319
5221
9325
8237
8400
4947
9432
3481
5347
5590
6918
947
8730
9188
760
8103
9711
7656
9557
9283
6543
6934
5465
8132
2152
2429
4294
6891
7841
4076
9886
1854
6074
8669
1067
1537
8042
4545
6665
9076
2724
299
5001
319
1516
1467
2096
3535
9081
1518
5172
3200
3203
6206
9775
1495
652
6251
1967
7323
1405
5179
8092
2949
1510
3187
4371
6232
7440
5496
9106
5767
7694
1800
2875
1692
9975
2341
2735
7484
2891
1618
3211
9337
9484
3627
1563
6121
8792
3952
2230
8036
9226
1005
3933
3431
6658
2691
1334
355
9127
9414
6633
5954
2136
5231
6395
6185
4907
8672
9502
6079
5436
3118
9959
8598
4469
487
5952
2242
1165
2996
378
8519
2509
6371
4347
955
3070
4899
8240
7152
7392
144
8650
9695
6473
7334
7984
7344
7048
2162
3026
5731
9917
5223
7272
5532
8856
5137
9022
779
6717
8281
797
5640
3132
9028
9498
9845
8629
2144
6974
5209
8453
2800
1709
9804
3314
9830
3498
832
1016
8032
4532
9669
5980
4437
3055
5235
1403
5550
2573
9690
6991
304
5282
8649
4595
7265
3231
8051
9479
6424
6222
8198
3065
9426
460
9537
4897
9492
6590
7181
1961
6926
1874
6289
5258
9523
3253
9607
8145
2759
196
8291
7443
715
5178
3574
910
5344
5203
8805
8774
9501
8448
8721
1591
5050
5132
9808
535
8456
2169
4254
3600
6783
9380
30
7445
4444
7318
8010
6770
38
8740
974
1561
838
5706
8433
4856
8339
3166
5252
879
4023
9389
9984
6352
4360
620
8006
5945
2106
3510
6670
9668
8495
7247
6132
3230
9841
1832
5100
7836
862
6883
2260
222
1687
8836
6857
6301
3916
417
4426
682
6422
2684
1365
4331
148
1352
2828
4260
9192
8584
1818
4891
64
103
2200
4949
1242
385
8716
9169
5363
3543
2997
5627
7025
4868
1196
8059
9779
8337
9972
5458
9564
1316
7849
6204
3248
9241
6989
1552
5555
1994
1829
7957
124
8881
421
7986
6430
731
5995
5911
138
2693
8631
4300
2726
2697
1077
5868
5052
810
3426
5575
8696
8384
2397
4690
1628
9399
798
5169
2238
8535
1620
2930
6793
696
5841
2719
2992
9877
5170
3753
2009
5
4312
8285
6197
312
7737
6291
6389
5717
657
2460
7589
1308
7
8967
1522
3471
1706
278
5730
2256
5574
2036
814
7209
6925
2796
6006
5571
1058
3777
478
7889
2026
8507
