873
91
844
921
1986
1842
1001
1726
322
1100
548
1647
597
13
445
838
1561
657
1061
253
1899
1419
1206
824
1940
1859
497
1437
316
1911
760
52
1646
1960
196
111
595
1136
1672
1622
336
1478
4
994
884
22
1223
1731
912
631
1373
768
1123
353
1867
95
924
705
1286
1868
546
341
651
829
774
682
1370
891
1144
1307
1047
1831
766
375
24
1315
1327
97
781
1111
519
1262
428
1216
438
915
1088
1954
39
988
1737
1642
1089
300
558
215
483
642
1458
1635
1344
716
478
640
1444
1108
1620
241
623
1321
861
1082
776
1003
665
1462
1151
1367
43
275
1536
1845
1735
481
1865
1465
248
1336
960
996
1095
959
237
1694
881
1709
1727
775
539
1998
530
218
690
1617
1723
1118
798
181
1863
1740
1449
1779
933
187
876
1374
740
997
892
907
150
628
273
1039
710
246
239
1138
53
166
872
1012
1850
1069
255
1946
1054
146
117
359
342
1615
1189
1912
587
1525
1387
1429
1185
1906
1744
1288
1692
516
1005
265
1874
813
226
1606
1091
1616
1730
334
1211
1238
1566
1524
1947
1720
1563
1064
1678
1261
85
364
1969
40
1060
1765
1352
446
1629
344
508
1343
1195
696
567
806
1627
1623
370
578
63
0
953
545
724
866
213
1094
1417
459
1510
875
871
689
73
145
345
1894
8
464
732
110
1273
1102
439
272
377
1067
673
1573
752
904
36
1392
1643
167
1937
1497
746
855
303
3
1905
1721
1880
1224
638
1363
171
487
128
1570
1900
429
1941
1201
540
534
1375
820
817
566
1337
898
1251
1630
1475
568
869
490
1070
928
1501
1281
1662
189
32
1459
1395
321
1268
652
596
1236
563
176
451
1975
1265
57
1958
225
279
307
590
65
649
1292
450
878
329
1562
1320
711
1961
1596
749
87
44
1147
1923
1716
1823
224
827
1761
1557
262
1121
280
1535
510
435
1133
1625
1657
472
939
238
1991
1813
1649
208
840
1354
1601
1962
1400
1848
670
905
1479
1396
1172
1254
1322
1351
735
600
883
1319
1853
1564
1641
860
1073
1890
674
1469
1883
1506
1829
609
1015
1704
1794
1575
1043
1787
1864
1959
675
941
1040
782
1931
1785
178
1215
1334
691
837
698
308
852
1810
1802
365
1590
1990
352
1698
943
1357
1409
1712
1665
92
5
172
1450
719
1220
442
1582
1871
1529
1766
1640
793
1302
1500
46
656
1140
1645
133
750
1283
536
1760
1097
1232
391
909
643
911
1955
784
1031
551
1917
797
1016
1323
1873
1778
1673
1412
1743
299
362
533
1086
608
1745
731
1963
954
163
1246
1554
1362
89
421
1188
1611
685
489
632
1980
1553
423
648
987
1916
897
1846
1926
1483
1988
1508
1928
282
624
681
1329
1633
1242
361
966
444
229
127
1729
1736
1249
333
194
27
193
659
518
1503
955
661
779
1314
1950
949
136
1301
916
1682
1120
1451
30
1461
164
812
325
799
1480
712
1789
151
78
1446
1572
1920
1897
474
821
810
1179
1284
1131
1471
397
1381
56
920
1464
1834
584
1445
1539
981
405
1448
12
1411
1142
547
1655
1332
1135
1152
879
1733
1537
1528
1835
1754
1552
98
1493
978
1285
159
372
647
1621
730
436
302
1793
1233
1877
1661
1915
976
494
1904
929
1341
108
1421
1918
1886
1798
755
1175
1024
290
501
1717
1018
1119
522
1305
1898
932
496
1879
1440
1068
529
1000
1670
1259
1129
1970
270
491
58
16
1987
1952
1701
1583
1244
1664
1494
1330
1084
1711
1267
1519
1406
1512
1430
613
205
841
1263
1799
809
778
503
1839
296
1169
1560
887
704
1297
1602
630
695
1114
713
561
1394
532
1626
1607
1198
1887
1748
250
1128
1081
968
1600
832
264
9
419
726
415
1732
655
1770
269
1328
103
1085
34
390
411
865
1578
6
1942
83
1703
1514
168
1849
434
835
1854
1453
1037
1279
1587
709
1613
120
1718
1492
807
1516
926
144
1110
591
985
1079
986
720
1296
283
763
1786
1065
991
407
1659
701
1432
757
1369
1485
1825
443
1235
1599
45
1325
1637
1356
901
1876
1099
1767
293
950
476
1299
228
363
192
1771
251
893
574
1742
669
1338
456
107
432
492
1473
81
544
317
1007
1438
1159
1608
1702
859
183
1687
327
165
301
1801
1124
1588
1973
1927
1217
37
139
1814
1738
629
281
634
747
513
570
1486
1936
1972
906
602
1593
1333
1971
1597
1170
1308
564
1053
748
339
990
1424
1422
257
1938
850
465
1372
392
972
1340
1576
143
1231
480
331
1434
900
1036
588
989
1526
1569
356
137
1245
549
203
982
598
787
777
738
890
135
1350
1117
499
1484
699
1326
729
259
170
1747
1777
1280
1981
1828
961
1313
447
506
767
1746
1378
469
1922
1014
833
1933
131
1190
1155
1907
1843
284
266
74
1463
437
114
1758
1192
1027
119
343
1795
1225
796
1540
977
1875
1708
88
1884
360
1423
1671
1385
733
918
350
1041
788
1803
1274
72
285
1104
1636
113
919
1049
971
964
745
863
406
173
1693
1042
1862
1393
1589
1830
149
169
1181
125
1895
1728
1056
984
105
1477
338
1420
1774
1945
1808
823
839
923
794
550
7
938
594
1331
234
1688
471
1734
1371
1999
1782
1009
1949
221
1034
818
235
1592
1521
1415
10
612
84
1143
1282
112
387
1366
15
1784
1762
1048
313
615
86
945
1264
41
493
