886
388
880
1707
1067
1142
1774
1987
817
1636
1521
700
1996
1207
304
888
1331
1059
431
595
580
1461
753
1575
519
1495
1894
934
988
1886
938
799
675
745
1259
1086
399
987
1649
1716
1176
104
1454
207
149
1315
56
386
1711
91
173
482
73
1342
495
238
557
748
1427
1022
584
420
165
325
1809
1511
204
605
596
735
36
421
1073
1304
321
1307
1136
132
922
1855
1444
1983
1964
1854
1690
1199
35
602
98
637
832
183
816
1054
1714
515
1319
380
1471
572
364
1310
887
1819
1273
428
119
1617
1343
696
621
1334
58
1790
1838
746
1840
1175
1860
630
956
879
1395
318
1173
1467
704
1904
79
760
1671
1703
465
1232
837
884
1897
891
1680
717
131
945
835
1930
285
177
840
755
1758
1333
791
1862
827
1346
1880
1797
1492
920
1864
275
42
1644
1378
1632
992
102
31
780
859
1726
496
1881
1872
1611
1415
1866
828
1552
758
1526
927
212
460
578
1570
943
577
383
1654
361
1357
323
254
1944
440
590
311
619
1051
640
1782
128
1535
744
1137
1493
1863
1914
736
436
528
523
1394
1010
933
1477
862
215
1791
1529
1244
1600
1659
790
996
14
1925
55
1068
328
598
1982
1937
349
919
1763
1035
709
930
1466
1508
942
1621
100
1004
1693
1962
1424
693
1179
171
1069
1414
874
1093
353
935
911
335
231
1150
146
551
1497
88
752
1561
154
1276
603
1085
1057
1441
1547
503
743
419
982
308
1922
96
989
929
1848
513
1283
120
1542
1056
1956
876
1123
82
1938
257
1682
1208
978
1604
352
1375
769
1517
541
1139
1008
1903
316
1732
1605
1538
520
313
110
1272
378
1704
9
1710
1525
191
537
1243
1725
350
1144
1921
802
290
1839
842
1065
653
708
51
1584
993
1006
462
180
885
368
1341
1613
1874
481
182
1861
1368
1367
716
391
1595
1392
326
1247
1200
1171
1040
1777
1785
1771
1612
8
30
48
491
62
881
1017
1317
1096
405
1076
365
1933
906
687
1971
1234
1808
971
706
1229
296
624
424
723
294
124
561
521
1919
1081
1127
702
1337
371
1230
875
94
1430
1553
1878
508
761
415
853
931
1596
1345
1279
1419
544
344
1902
1083
1440
1684
1037
1804
309
423
374
1190
355
156
793
1779
525
1672
84
1417
1946
1555
1435
468
1233
599
574
1593
490
1481
141
538
1464
1637
1976
895
788
897
1582
1701
458
1730
7
749
1322
1238
1887
1306
825
1264
278
742
1349
1064
218
1532
1457
1281
1689
914
1899
159
1705
796
1662
37
1348
26
1868
1292
1717
184
805
699
1643
1587
101
668
345
1170
1389
554
292
404
168
1528
387
