149
1989
1229
1329
29
63
1860
1076
1875
97
1396
840
969
1700
348
1674
1658
675
1279
1242
9
1056
1061
1939
1216
188
709
1970
1550
1197
1255
426
900
1810
1336
1848
375
485
540
1747
1176
1872
803
869
891
430
1994
635
1257
1907
1419
1105
1308
1258
522
1859
860
239
1497
295
563
176
1070
1754
1318
1302
1122
107
1332
671
1371
1547
654
550
938
785
180
81
1914
1420
1120
882
1238
809
1346
1231
1694
1170
1593
878
1043
1184
224
475
1157
1730
696
226
1746
1895
1378
1117
1240
1225
1968
390
434
963
837
99
1303
605
1480
1828
951
1343
1805
1665
1297
1580
286
1540
700
1868
172
1767
1722
1305
418
1803
988
1376
1165
1143
237
1024
503
364
253
3
1714
906
1447
657
1385
905
203
71
1953
152
1206
1529
1085
1662
202
818
968
1841
467
1039
1223
1934
614
1220
544
480
1466
1389
1137
529
47
1682
37
1252
1470
370
570
1909
1689
1198
366
1284
1928
6
880
1997
233
948
302
1698
1705
1575
856
1809
1816
1821
1673
578
1680
494
92
1482
130
1686
1910
931
1824
1191
417
862
1266
28
285
873
1114
718
1984
1528
1551
600
1858
772
813
1091
678
620
1203
1711
932
782
1991
628
1032
982
1099
1202
659
1423
1785
438
1294
1006
1028
752
1083
1999
816
847
1781
1566
86
284
1568
1883
161
52
1608
910
1835
1904
379
1181
1573
1856
640
1217
1587
1492
481
957
575
1733
1958
1262
1022
1795
1503
1290
1502
217
670
1316
1922
1942
1205
1776
1167
1395
1850
831
1264
212
1108
1386
539
637
1930
1925
380
1310
1269
19
21
981
1451
340
947
706
1799
780
1773
1287
1527
245
865
945
1899
403
1092
546
1177
929
1125
1479
1357
1536
1560
166
543
735
1401
335
804
1364
1840
187
1136
1618
1444
1452
1442
275
1790
579
404
372
369
926
267
1625
252
1897
413
773
811
136
69
1842
1635
949
87
1488
460
1508
961
1074
1101
1867
1473
1149
918
1321
168
1589
515
695
230
132
1569
1583
292
651
1361
1366
1322
1118
179
1641
1908
1009
1797
1973
242
1753
1072
1311
150
433
1937
1362
484
1676
313
1131
1075
1522
1133
1626
1441
1063
1849
1806
258
985
1082
343
1408
1200
1659
1749
1228
23
466
1967
454
1630
1770
1709
450
712
960
487
1154
96
1745
1457
937
608
1637
823
680
33
1772
593
995
1712
1304
1079
787
1281
1069
175
776
1628
1189
1354
67
76
1337
1685
532
1003
256
1774
1055
711
1208
1215
439
105
1660
336
1668
1010
633
492
1112
1640
218
1974
1491
1469
1210
639
701
939
1597
1701
1299
109
582
324
38
1380
708
45
755
260
1988
1861
