604
1646
488
281
406
741
1907
1803
1023
1325
1457
1089
1627
88
172
889
519
211
1597
1233
1107
1501
862
1460
306
76
479
1830
983
1581
1728
994
1378
1628
64
725
450
910
40
1571
1347
690
167
1997
493
497
1314
1797
646
953
1984
495
424
220
23
1046
802
57
631
1698
740
352
1743
384
548
1673
671
354
1271
131
1106
1390
1308
1559
419
1447
254
1372
847
275
788
271
573
766
407
32
722
1100
575
538
1616
1045
879
1441
774
1985
1060
1592
5
180
1502
52
262
685
105
540
1977
1340
902
1843
1514
1537
689
226
977
1817
1287
1916
545
1660
439
93
1777
1350
261
899
1229
364
72
541
1682
967
787
516
1149
1123
1282
1802
708
1846
701
777
210
1275
369
546
1187
1302
1714
1911
1881
315
1212
1133
617
1204
218
1503
1612
507
290
621
1607
1
1303
1291
1464
73
1585
445
1910
24
1854
1981
327
438
244
318
154
136
1097
1037
1152
44
48
1554
378
1506
1257
188
204
139
605
500
1712
365
114
1994
804
1713
743
1208
1512
184
230
35
127
1241
1022
1086
630
1541
588
366
1125
765
1878
595
523
1912
1955
1505
1300
1855
1002
289
782
1579
593
552
666
1573
8
1551
153
1175
319
620
957
183
1838
858
1742
1576
92
592
1695
1272
1411
1418
1917
447
1352
569
1637
168
840
723
1192
1494
1255
1550
420
1127
628
1050
181
1238
1456
1829
1051
1285
1867
1630
677
1536
726
1180
564
1379
1655
1260
805
878
1092
70
1489
1256
1947
1031
1718
738
1027
1681
1708
1073
1281
1470
1077
610
111
1109
1644
360
390
529
1331
1071
295
1905
785
451
1386
448
718
999
242
150
1788
1948
1936
853
1727
1938
1979
1368
1461
1389
169
720
107
846
705
959
951
446
278
761
1367
80
85
461
156
1224
1309
434
1515
627
1703
482
1190
1744
1426
1124
748
1705
532
1200
1059
657
103
1088
1195
1895
1370
1220
850
1942
568
157
1588
1179
4
1529
1135
1254
810
816
1129
1526
1556
1396
875
1957
1400
892
824
1849
123
1082
1387
1232
1385
634
1146
1707
942
1055
950
1369
1736
473
47
1322
280
995
284
1931
1253
221
1452
1297
1216
949
1025
477
1542
988
817
1012
166
1304
1155
1479
586
918
664
1653
877
418
1649
799
1642
1953
1150
1690
469
1734
77
1473
1837
1594
1074
328
256
1699
241
736
1566
478
1696
728
0
1584
1219
229
1810
1509
1603
499
670
1096
688
1839
547
1177
121
1296
1621
1568
1886
1815
39
1608
639
1471
1463
1572
503
252
1301
1033
1198
1035
1765
1626
1887
394
277
1552
956
1763
1451
1893
1831
1874
1342
1525
1024
1020
