419
371
905
832
1271
113
846
1532
728
161
647
168
1233
1719
1843
152
1642
1338
223
648
268
1215
65
1066
452
1809
1711
853
1040
1264
1397
902
1520
238
325
1205
1104
606
943
1246
1459
1590
1460
243
713
1197
1030
1800
893
437
1045
1772
1311
611
1928
589
838
1083
1041
1717
100
486
1672
965
40
1070
1778
1300
1239
633
1605
339
355
1078
435
1169
1472
103
1714
1875
1463
970
1238
1700
1967
852
1130
82
1759
1901
1808
334
527
1551
1498
871
626
1360
751
1992
1524
1114
932
178
1861
1814
136
1931
622
674
1362
1012
989
865
1811
276
1218
1329
636
1125
1924
1819
30
1627
175
423
654
823
1229
687
1503
163
800
1240
1566
459
1442
405
1511
44
912
906
451
504
234
1495
189
1136
1291
1938
744
1781
920
551
232
544
1181
899
628
1756
1203
438
1872
1364
1001
359
1868
835
176
1494
281
609
1822
1350
263
222
180
45
1222
1055
1745
1318
1604
12
1440
416
228
1006
15
1762
468
1357
1254
814
1874
128
788
1308
1056
85
931
1063
1031
1321
1016
630
1195
445
400
1456
165
174
806
342
1353
686
318
290
878
1193
1657
1675
522
803
890
1545
1185
1099
1923
1417
1059
1506
153
1528
1003
1747
771
948
1970
1390
953
677
876
91
1600
1761
1661
473
569
149
650
597
1383
616
360
1782
64
192
1787
1217
528
1862
179
477
1090
95
1592
376
1352
380
1502
1877
309
1492
839
804
1394
714
337
1278
604
1008
683
700
38
727
141
784
1047
520
202
1243
1937
1758
10
1270
1563
1527
1102
957
170
697
599
1982
1046
737
592
1176
1235
1378
28
81
282
940
1484
542
183
1662
1803
73
99
1251
1292
1636
813
1921
1044
351
399
883
1682
863
98
1710
512
1267
717
1742
1885
1466
571
1095
1585
1730
1259
901
627
873
783
1844
1791
1385
1020
497
1706
1173
791
1377
1482
1150
1412
62
1685
1094
198
1784
1075
1722
83
1446
1323
681
501
667
818
548
1911
324
403
398
1112
11
756
208
252
682
1734
754
977
1085
974
884
1846
1127
1576
690
1961
93
1029
1183
1441
1673
1043
1132
171
421
1795
1126
1312
964
1896
1534
1914
167
265
739
1409
447
1867
1062
231
474
577
1356
1894
1209
119
602
1676
204
1454
4
1579
1572
322
1420
166
1746
1856
49
381
655
1214
1227
246
668
1086
749
1845
55
1147
1341
1140
1622
374
1799
1720
162
427
1212
696
1074
942
1451
997
1124
1887
1065
950
999
323
362
33
68
558
1599
417
1194
663
1297
122
1539
607
812
536
239
461
1957
1993
988
1206
1168
490
1855
1895
1208
1134
692
50
777
