208
674
1774
1101
1633
385
392
457
1229
1486
1429
1555
659
957
115
1272
1420
1353
1261
1716
97
1818
836
627
851
1224
907
1924
116
728
1886
1708
1067
1632
1276
1936
1427
1754
1752
1928
593
1703
741
1484
1029
813
1566
708
688
1667
602
848
466
1688
1725
1681
1069
1157
1018
633
216
316
14
110
1709
1124
1398
1650
751
823
1942
1751
1964
302
62
150
1724
536
105
857
1354
40
1819
1127
608
983
1812
1009
1007
780
1247
0
275
1373
238
1263
1396
1016
1655
1008
720
1287
865
1477
826
955
968
371
4
1876
1888
1779
1115
649
1158
1400
1635
902
1156
1291
811
1515
1111
1535
1991
1948
1304
1045
1258
230
102
1900
1631
388
282
1037
665
1445
1956
574
1061
1070
297
1685
1927
884
487
463
544
915
326
1191
1207
792
1699
603
995
1944
778
1163
425
1638
31
1325
412
899
1664
742
977
667
1318
1804
353
993
1769
1839
1841
1294
290
247
1978
430
975
1003
1
1290
39
334
269
1488
707
1987
1729
476
1337
286
501
525
1547
1133
