323
529
864
51
1647
354
641
60
1721
1077
84
303
1879
205
259
1782
1385
1757
1226
874
1729
1623
66
699
1544
794
906
197
1253
1167
1846
1875
124
1570
1186
1308
1111
1093
1901
1659
1910
1613
1338
3
746
1917
1690
1857
1746
814
590
1521
1185
5
83
256
1164
1261
217
777
748
1390
1239
1657
957
249
1444
1123
1359
599
1458
387
1833
116
785
740
1547
625
1796
807
261
1740
1022
1741
72
1269
704
767
1508
1449
87
1542
1057
1004
949
701
795
784
499
1290
398
98
333
457
547
410
730
1890
1931
1486
397
1976
1140
1985
1830
288
1059
1730
1576
455
1194
1397
736
1765
744
1638
734
681
1971
267
1349
190
1428
1146
1907
1162
1266
931
1684
1243
336
470
1791
405
1600
1027
1809
919
1614
1259
1991
1177
1606
1678
802
1087
965
989
487
1088
103
693
231
953
1263
372
1354
206
720
1103
621
761
215
1107
1676
531
1607
1701
627
164
991
843
1402
268
210
1868
1300
260
870
771
578
632
1411
37
1021
1592
188
1455
1935
1705
301
1485
718
1794
184
1768
1633
77
1819
1915
1322
1212
1595
166
1051
339
1160
1024
511
1399
1904
913
1536
227
191
1681
1113
1306
1661
1714
1888
856
1763
230
1062
837
775
1831
715
1144
967
345
990
1414
175
937
15
1006
955
1426
1848
468
1446
1598
356
1762
793
947
633
1408
692
1580
1053
242
1550
276
52
422
1812
1664
1979
1683
406
1618
344
1842
1016
986
897
700
520
1966
887
765
1500
1650
113
636
500
1921
1538
1229
1996
859
1089
440
1166
1776
595
1954
122
370
1371
1054
1292
70
1369
1452
172
1319
1958
1518
1554
878
1736
343
264
1086
766
714
459
624
165
1660
853
1106
763
676
1191
735
1916
441
508
105
484
279
1118
1864
238
1882
177
1199
1180
679
780
1692
1205
137
739
962
533
1950
467
540
1777
328
943
808
709
430
651
972
1621
1178
1312
270
472
1036
575
618
213
1515
408
1276
772
1383
1571
1417
800
1009
1075
158
727
1440
1579
1767
1927
597
1744
553
1387
756
536
1840
11
1982
477
1874
225
1695
1119
1145
1834
1944
1116
144
993
647
1427
1698
1665
1597
277
519
731
1887
1250
1157
195
754
1230
1497
61
903
445
1332
1127
841
171
414
658
1510
132
1528
1811
1994
828
1551
1207
1574
204
266
1362
792
239
848
927
223
1941
1061
978
603
464
983
1003
1435
1067
1483
1720
480
684
677
1798
284
417
1883
483
912
86
1257
900
1109
1759
1527
463
1099
862
340
290
1850
1987
1694
1342
1537
1094
902
1946
1851
378
1068
1223
672
1384
1479
711
1468
831
1858
1562
207
