1586
1933
1899
93
1699
1040
1099
223
937
806
1983
319
457
1309
581
474
1353
1437
710
42
1195
1523
121
627
1271
854
735
442
805
222
1406
699
1242
530
52
1844
1417
1589
1203
426
197
113
1696
1177
1739
669
86
1831
1608
1494
360
1214
918
1470
1680
505
1457
233
1566
206
248
373
1896
1679
264
1579
921
981
1175
1526
630
1810
1922
1727
1813
1776
1797
1951
782
1159
1505
429
364
1443
1676
1821
1424
1884
361
1269
1540
1202
1965
377
1535
1901
841
1005
47
1253
556
947
320
1401
1800
1687
1536
1020
827
1934
626
104
1829
1449
243
1179
336
366
732
628
385
1046
540
1895
120
948
494
1909
1084
1702
1875
1301
701
478
1764
1332
1852
2
106
1038
549
305
1420
410
7
299
593
598
1105
1792
1007
754
915
1306
969
81
182
907
1146
1950
1646
793
740
646
707
604
64
21
245
1190
275
1760
1619
224
111
67
145
1778
254
82
427
1725
1072
1307
1601
1668
1514
562
24
659
995
1444
1508
1075
1220
1088
68
961
1902
1675
71
717
1186
500
1666
927
1513
557
1403
1726
131
1491
187
809
1534
1609
1379
552
230
639
923
151
1468
1116
1935
763
1067
842
1196
176
411
523
766
1490
586
279
790
1881
1170
1639
178
993
1257
13
471
496
49
1473
831
1261
1164
189
1276
1548
629
1865
542
849
794
1208
1658
773
307
1553
580
1938
833
1153
720
343
1252
859
595
141
1640
722
1695
1953
1767
1988
335
1264
1445
610
313
1701
1096
1222
251
1808
703
759
327
1171
1280
1286
247
1867
1995
475
1708
1689
834
788
175
1351
293
103
1903
976
1132
880
1826
1721
1814
1906
1339
1295
1655
1787
1945
955
492
1176
758
589
1653
922
1452
718
1885
1247
1267
898
929
153
43
1198
1529
1783
1499
1503
166
194
1071
1082
208
1980
184
668
1834
292
498
142
424
518
506
1961
641
686
180
88
1615
456
1642
1923
387
297
1044
575
536
1648
1565
1141
892
1464
259
1782
312
1036
1803
1035
204
1314
777
132
1681
443
1228
570
1200
1327
1128
347
1557
1493
1628
1751
1947
1085
644
1240
637
1103
1129
690
1620
726
673
835
464
652
495
298
1703
35
1753
1131
577
985
1550
1878
822
999
731
459
1047
709
537
956
917
447
326
812
1716
1408
1856
1518
558
553
311
1486
663
1081
1377
592
1617
1279
908
893
1450
331
1969
1683
304
1474
1137
1101
221
517
1156
1133
1605
679
90
105
1342
342
497
367
1488
1218
1343
1662
388
1024
30
1367
262
272
213
1439
1434
1545
117
420
1481
1956
1485
490
65
551
441
1706
11
1080
1321
17
158
266
1627
1483
56
567
574
1649
752
1917
897
920
585
502
1385
288
1560
1893
1226
1556
935
58
543
412
953
648
66
325
150
1780
1595
954
1522
1929
1041
1027
997
428
5
1757
1060
631
774
818
714
1977
1363
1998
452
69
1581
1796
952
323
815
861
583
1095
368
112
1148
118
1197
481
1126
727
1073
1104
357
278
1390
934
670
28
358
611
200
139
1387
1014
550
1376
157
1359
8
231
705
968
41
219
1866
1305
359
1709
1215
344
1717
460
1405
1724
681
1051
235
814
527
1233
1559
904
1763
721
1661
1656
318
1827
792
1061
1277
375
636
217
1833
201
1665
613
1322
163
654
451
693
270
599
1297
605
1346
519
1632
688
404
1734
44
1847
885
1320
1221
1167
1986
354
965
316
1766
465
1576
970
1087
1897
1236
823
345
371
92
1996
578
83
513
692
596
1984
1710
936
308
1857
643
1476
1978
1736
614
932
1480
1688
1211
1293
1817
1479
545
1554
1993
708
12
372
1911
1361
1750
959
148
1596
1273
1362
881
838
1654
1460
901
503
723
1034
1837
1012
1225
1057
1563
380
1477
329
1976
1515
1216
1501
568
525
858
651
1908
813
1685
1912
1121
1633
101
1842
943
433
1519
423
314
1015
1290
1730
683
860
59
1300
1600
755
529
1652
416
493
1828
1748
650
1394
772
1238
16
1078
1389
882
1874
591
186
1199
99
1582
55
746
678
57
867
1667
1204
547
751
448
1335
271
1169
241
916
1880
938
1373
1166
909
1943
1626
671
1163
1801
1967
1125
484
454
1744
847
1357
94
962
167
1435
1185
453
1790
1585
967
983
855
1259
1598
1393
1232
89
333
240
54
1575
1830
480
1570
712
1430
236
1018
638
853
851
579
850
1227
1879
338
51
1507
958
749
337
607
1711
508
1482
160
1033
285
1868
1692
1926
122
365
963
260
1543
1413
1910
70
1006
737
417
1372
1165
606
1139
501
979
1145
408
1864
992
817
546
1402
1224
1975
192
725
912
1542
879
165
900
590
1742
684
1118
1614
1517
439
786
864
520
1825
941
1937
1432
1336
810
913
1244
695
126
1569
1872
1737
1982
1029
1957
1645
1093
1022
1670
207
1260
1682
894
1819
276
532
384
1319
1992
1426
1302
1532
476
1979
1013
987
1849
415
1063
128
1869
1130
491
1404
661
261
6
883
1905
472
95
422
149
74
1209
1150
468
421
697
277
1292
1465
1326
1659
1990
229
1291
134
45
939
1544
945
130
1567
931
1037
1882
1428
125
1161
1123
1331
123
77
565
511
826
1461
767
1887
196
957
1942
202
1340
1017
1246
1429
1365
1858
730
1786
966
483
1398
857
1939
1298
1759
687
1561
844
3
