1033
53
1649
912
146
549
1142
1031
768
1927
985
817
1788
1056
1003
1004
839
247
734
685
1870
1202
726
829
1764
1443
207
674
652
1411
1138
1525
1269
1954
964
1955
1855
1960
1487
39
1137
1369
140
1112
1588
1236
1265
1849
983
348
651
1999
161
1217
153
1469
1332
1937
1789
692
571
116
840
836
698
1701
514
536
1502
671
1884
1420
915
702
405
1504
1865
500
57
1686
1848
1797
32
1546
92
1691
1587
1295
1446
1149
861
327
1334
1268
59
530
494
1134
1910
1924
27
804
360
1379
1393
1307
1959
159
37
1820
1798
1718
1444
1370
1248
1693
1406
1193
1209
1291
1863
1676
1390
1353
1638
317
175
1255
1026
1473
1220
196
1841
919
1155
1124
1219
969
1975
1348
96
945
21
1041
452
152
1250
1621
98
1515
562
1945
458
377
1091
895
1818
1629
529
1400
584
147
1108
285
238
1921
1092
1669
1874
779
1539
1459
1471
29
1020
262
1490
464
1063
672
1162
1835
176
587
1713
1119
551
1412
52
1743
1809
1287
786
397
461
973
812
1364
56
342
