1894
1481
1469
408
193
36
1975
1910
179
574
812
1355
256
1162
1157
1631
1610
472
333
1207
1375
684
1013
603
1335
761
533
513
703
1158
1394
1676
482
808
100
1431
369
435
874
783
1492
1370
475
1804
1307
763
1036
409
867
342
1767
1847
242
1272
1333
829
190
27
578
1340
992
454
1567
325
1332
119
1444
672
117
883
1789
1416
1194
790
1349
784
1797
820
9
958
205
1458
1060
1854
609
1035
420
1603
1739
453
1748
664
1855
496
1322
1014
1439
478
1851
169
1118
1478
361
973
858
1625
962
528
1100
426
443
508
991
48
1096
1101
1966
330
618
37
1023
576
804
747
1668
1430
1281
913
1782
1883
1842
866
1831
886
1617
1173
1271
404
1934
560
662
1121
1310
1050
1766
460
1237
1465
641
303
1089
940
898
1998
873
1270
517
1401
86
1908
1302
266
1840
1915
1590
519
1647
1230
1008
743
483
807
1134
1153
1259
248
1947
561
246
997
354
524
123
1887
499
194
144
462
301
1586
797
1187
1671
1041
869
786
1422
1524
841
14
