1260
991
83
698
1815
1114
876
1867
1879
1327
71
989
1498
564
364
830
1243
1052
609
424
793
1627
602
429
679
1522
330
1457
1543
1649
62
982
1747
127
1499
801
886
1613
1187
1933
736
1432
148
720
1184
1642
93
1204
1743
1419
1324
541
180
709
507
1567
708
1804
1504
560
930
627
677
298
887
1576
1029
1720
57
1409
490
1344
597
1945
270
540
971
1752
1087
265
1248
1154
1712
1011
161
247
614
998
10
1723
796
1163
303
59
325
821
578
426
162
626
1487
883
694
978
1441
476
605
537
734
488
1756
571
786
739
416
166
1895
510
318
436
1337
1538
946
1828
33
1738
1072
551
1585
812
1042
13
526
1083
890
1421
1864
832
1493
973
279
1644
789
213
918
1057
1696
852
1555
514
1520
638
1488
1791
593
1938
1230
1811
1570
1686
908
261
350
259
1798
233
1325
1292
1295
1588
1640
702
1159
1334
1638
501
11
1464
1790
231
1530
902
260
1573
498
1078
1385
1995
670
565
313
1911
1796
1383
1179
525
1350
1019
237
1572
439
671
1005
518
1564
1913
451
509
1598
1741
706
1459
1993
987
559
604
277
267
284
888
1617
1249
191
129
592
1969
50
1592
1203
1608
407
188
316
915
696
1610
1630
1631
1557
215
1646
42
1361
1015
618
16
1486
380
18
107
1577
228
1561
1626
756
1858
266
234
869
1568
718
1484
1096
663
650
996
554
278
1505
1600
1973
645
1912
1713
867
1213
515
1509
969
692
1637
1981
1003
264
1748
891
1546
981
365
1266
4
1984
1740
1035
291
1797
462
196
920
1764
1930
1109
475
634
744
170
1868
1622
1761
986
1819
484
1433
1814
621
754
1368
1667
666
1734
21
1306
877
1320
1968
674
339
958
1118
637
1376
1587
917
1157
737
1722
1186
358
815
503
483
713
1007
1733
936
962
1737
202
1755
400
758
1009
760
794
211
1357
900
1367
1028
1532
635
1783
1427
185
1452
1185
1544
601
1200
828
797
848
1707
582
664
1810
765
1258
1149
893
1990
1353
724
1233
1275
1431
957
898
1332
591
144
1495
1719
46
435
1341
842
600
771
58
1418
836
1287
372
868
511
86
1961
1629
733
1746
1689
947
142
1169
1008
596
347
354
929
750
1628
1705
1031
479
870
839
1435
1091
241
1217
351
301
47
106
327
326
32
826
1171
1786
1434
343
542
77
1833
1835
419
140
820
657
200
113
861
1378
1331
136
214
203
1241
1693
534
1702
116
1571
1542
1492
1299
783
1304
352
1216
224
1972
1758
1692
640
263
359
128
662
430
1412
1380
1095
1126
373
19
1437
1894
829
245
399
1090
1030
1269
1983
1173
155
1757
1272
69
118
652
1978
1958
1789
1866
1749
110
977
1807
1314
701
1475
420
1023
937
274
1086
53
767
1994
543
457
1900
167
1349
72
254
1801
17
879
1932
1381
1695
1215
926
320
227
25
1526
841
61
108
406
568
54
598
1991
504
1728
219
1905
1458
60
727
65
1496
172
585
66
1244
777
1784
862
1077
1125
141
1565
37
850
788
1944
1347
1238
30
1832
1377
586
444
216
897
474
1772
855
728
1120
611
570
622
181
383
1040
1343
276
1956
1596
1116
1107
389
1829
437
1255
370
353
1818
725
1401
1935
1298
85
1092
379
209
577
1395
1211
520
1172
392
146
513
67
903
1511
335
1848
391
566
1770
377
378
683
319
1724
390
1160
8
1181
1934
703
80
193
1066
889
1805
131
943
340
1662
1822
1729
1370
349
527
238
1251
1145
1147
901
431
49
1643
1892
1745
1129
1301
289
623
223
656
636
716
1760
759
831
412
1155
822
914
1338
453
575
642
1036
1540
371
222
210
174
89
907
1236
505
1453
1896
984
169
363
1939
493
1027
1392
1817
1454
394
1616
415
445
1463
561
334
1525
1711
1411
1280
667
945
1004
1744
1697
177
300
1199
1816
847
717
1240
1491
1880
533
376
749
1579
1001
699
470
1168
1073
257
964
1333
1194
1364
328
1859
1873
1951
220
1503
806
288
1680
1442
1429
1550
1521
1825
1673
1992
770
357
1949
1891
272
1043
1575
450
940
1846
552
1853
413
3
333
678
1545
1119
1809
1583
922
1416
1373
835
1923
337
463
846
673
496
1472
1310
714
1388
1701
712
126
312
1836
1906
243
1559
1901
1046
1058
1326
175
217
458
738
502
1799
1188
948
608
1330
1937
1612
1084
1936
814
1823
1074
1446
612
784
1060
1205
1606
1311
1152
721
187
1694
1038
294
304
273
792
1681
1197
880
1918
382
624
1227
795
1054
1283
810
230
125
422
1246
1910
1806
321
355
9
1315
1599
1397
82
1698
799
1502
341
680
1231
1739
1615
630
143
51
1461
1671
255
183
970
1053
1773
1870
1857
1398
1563
1321
1877
1928
242
1742
1515
1049
1115
1451
310
256
1430
1178
1111
1012
1045
1439
768
1732
1915
894
1420
522
423
685
1534
1623
1198
516
443
1977
658
409
921
1482
800
1922
1909
808
1375
985
396
75
1221
1871
1668
1261
1020
70
1413
398
94
192
1541
414
79
972
1921
508
248
594
1229
1476
138
1050
494
236
1721
1013
1837
446
778
1986
1104
360
149
1195
751
1372
532
1071
1225
798
1903
112
1516
512
1423
1687
927
97
654
1831
1335
711
122
405
1802
1849
111
960
1470
904
156
1286
1150
1537
979
954
386
1139
1356
881
963
