1012
3
175
156
1433
959
1737
1939
664
764
1928
620
1894
444
1015
232
1580
1318
365
30
1799
861
368
130
1497
803
833
1036
1641
909
1025
360
951
695
289
927
1057
921
1392
524
1316
459
675
560
926
6
901
1563
1831
950
1812
37
1951
801
1456
1256
678
431
582
452
460
666
843
567
724
340
134
1498
109
498
1713
11
1884
1283
798
457
348
1678
601
494
317
1053
215
345
1395
480
1832
1571
170
1452
336
636
1101
492
794
707
550
1310
500
1912
91
1785
86
302
40
840
1120
585
514
1828
341
1087
746
960
770
402
319
606
150
1689
353
1607
1778
1236
1540
981
1617
1335
1758
1043
1610
1752
511
1394
1663
747
1338
544
344
354
1466
247
1775
216
556
179
24
1807
855
822
1124
1300
1805
1024
329
568
802
1125
1495
987
834
523
469
784
1139
751
1840
57
809
1556
455
622
92
952
782
573
973
274
1399
965
488
1696
448
937
1332
436
1865
1166
1218
1489
736
856
1741
700
382
933
1872
1869
371
557
1306
377
116
881
571
1080
195
186
1486
420
1162
1867
910
780
52
1261
1056
903
1282
819
246
1322
1076
509
1126
825
1704
816
1770
1063
688
1
609
946
677
441
1432
262
529
68
1910
1324
1376
253
330
102
518
1149
566
1384
1097
1003
928
1748
1855
1000
773
291
1901
1397
586
847
538
1834
1138
1825
121
1650
1637
655
108
1676
1425
866
408
1252
104
95
1111
1655
1254
1499
1550
331
1099
1521
1957
1900
165
433
1221
1280
66
223
919
657
934
93
1055
326
297
1762
1246
1898
923
663
400
1311
605
651
1235
250
1315
526
1233
34
1795
1530
1501
1620
517
811
160
761
879
772
1959
1413
1813
411
1330
1156
1060
558
374
1130
133
143
282
1802
1023
522
1351
10
237
1997
1616
1210
1305
398
1975
599
915
49
668
1672
1824
897
639
1680
1726
1887
711
1212
749
767
1309
1084
1567
1121
577
757
680
1336
1953
646
890
1171
729
979
410
1724
112
990
1596
1967
220
202
1164
1568
1688
1223
1602
629
390
1668
1313
1050
1255
1074
689
5
1715
392
370
997
1886
184
479
1508
525
1245
1103
76
1958
119
440
1153
885
815
428
1783
845
717
650
1829
1229
15
1105
1693
1808
1342
718
1771
1677
1773
1487
873
1774
27
1453
1854
583
1427
1707
1173
1347
75
924
1584
880
716
1045
1503
1810
703
1750
1882
1969
1827
520
642
321
20
1866
305
1079
541
1293
1458
464
1919
1237
633
1472
521
882
958
884
1485
120
750
1979
513
378
808
337
539
827
140
1599
1524
1543
837
1841
1630
1902
399
1695
610
1803
1658
1113
486
50
598
1968
1942
1321
779
380
1578
1760
487
679
1488
28
1532
1480
1253
648
1289
1140
848
1459
1732
824
645
1038
1350
1122
1294
472
974
257
7
1021
430
416
1117
475
1685
1353
944
1197
1692
505
279
535
644
83
1527
1546
893
1098
1465
1448
1946
619
1281
1793
1086
1365
1100
1651
84
1158
653
1362
77
425
271
1838
810
1143
235
307
470
1297
207
1904
1405
846
417
864
862
836
230
1520
1257
1603
748
1108
1743
1048
8
561
213
1606
1066
1205
1451
135
674
579
1381
456
980
366
490
419
1940
851
618
1391
917
327
930
727
1505
1109
316
712
1648
1244
233
1897
1274
552
790
1960
1800
219
415
1104
641
963
391
634
892
1950
1373
205
908
324
1815
1344
414
1387
132
332
1989
1264
1507
1826
1178
432
1674
762
322
181
1464
1360
1361
355
702
1364
842
1492
1137
627
1686
1755
1144
813
1629
832
587
1592
188
738
1744
1296
1631
624
238
1903
1604
197
358
1955
1861
1935
630
735
1303
298
296
502
1494
1434
310
1981
654
1402
731
1169
1479
1500
309
1816
107
920
839
1445
1583
379
1107
1754
774
182
96
1766
187
1374
733
1938
1860
1984
1728
1589
1864
171
445
1349
1398
565
1536
364
1337
1823
1238
1529
795
1134
1141
1004
854
922
969
53
1213
1694
131
1790
123
887
1183
1698
1731
1396
1857
1196
1742
939
542
1370
867
719
1367
290
883
1635
1591
1622
493
1269
1340
853
989
1633
214
200
1463
1088
1227
752
1504
1231
806
1554
38
240
169
830
1993
1382
1976
1187
652
1191
1660
471
971
70
1230
1653
113
656
422
1369
1627
742
157
1786
1988
206
1621
1341
817
1818
231
212
760
766
303
1593
33
208
1291
1436
966
1421
602
1638
1455
79
137
1022
1513
1798
343
1129
1628
1002
39
1518
621
504
698
147
1407
1908
293
1095
763
196
190
1794
1618
1879
704
1579
1999
715
1537
563
1839
1228
949
739
450
1277
789
1279
1157
292
269
961
356
1065
1385
743
1152
1846
852
476
155
1005
1343
1454
628
1787
44
1525
1691
940
531
1106
1142
301
1192
1679
1240
98
1560
1348
1146
1357
1380
875
1538
138
684
473
201
1110
194
260
13
1909
1184
1010
89
592
387
1905
907
665
357
141
261
515
1070
1705
1880
1177
1161
1851
1944
1920
1410
625
1883
1026
287
1949
536
149
1265
637
1895
148
699
1371
467
591
547
877
1457
1193
1475
1052
756
88
1542
725
1690
1763
1996
242
1722
705
64
1401
611
1481
78
1493
1042
1033
608
1502
643
73
1073
1302
1131
1709
438
977
1198
429
294
1258
1636
1094
640
649
405
