169
600
1472
1556
267
225
206
1439
1139
1850
1119
1051
825
1566
1388
941
1918
27
1244
1226
1693
1958
1817
983
1984
1364
760
994
1502
569
933
1221
1460
1839
1691
1254
327
744
810
982
252
1482
686
829
165
1427
102
1698
706
288
1441
158
1452
349
1848
564
265
1493
995
25
501
785
541
972
1465
1378
1752
110
1316
1151
194
298
1128
1342
380
1488
340
713
947
478
1304
1176
960
1604
1966
920
1193
1416
19
44
1654
1102
1190
138
431
1359
924
204
1096
1479
490
1830
1162
1661
1332
1735
1924
1351
245
1349
337
1949
95
1000
1694
1989
73
1050
1603
704
1933
1992
910
1874
1318
1896
1939
662
1038
1651
879
116
532
1445
68
400
978
1016
1561
886
1814
1270
545
1196
610
1976
1220
904
1175
624
42
1937
1557
711
586
423
1397
74
105
18
965
863
1308
345
1188
1943
1107
835
1971
882
214
661
106
1573
1446
240
1695
529
41
57
1993
712
315
570
765
517
1794
166
1590
1369
99
1516
955
94
1212
958
1671
1592
1136
108
274
449
1258
1898
1008
1300
1871
1991
20
847
1751
1282
43
648
1571
1626
145
1061
1847
1043
30
697
898
1683
494
795
1356
1688
652
1046
1644
579
461
1873
1672
601
1904
669
1796
81
725
855
1648
877
999
136
1572
1519
973
1222
558
1500
757
1040
987
1313
307
831
1872
1064
578
24
1249
14
1019
641
1035
487
1108
913
1624
1495
132
1147
1243
1596
1514
876
1945
971
157
1030
1031
1009
1453
1508
502
31
559
1567
1487
130
1057
568
222
1218
1137
52
457
187
657
1560
1825
511
115
1820
736
1099
360
845
421
150
777
1451
645
1767
1763
553
1862
1238
917
418
248
735
1526
1386
1424
366
1170
1309
1430
1442
1429
1791
954
1092
1396
780
402
1056
1761
1149
1773
259
1089
775
507
47
1541
554
817
272
773
935
430
1029
1206
889
261
1728
281
1824
250
10
1172
1174
268
949
653
1005
162
1348
504
762
970
1709
1252
563
513
1407
841
515
1048
1117
246
1583
1990
1806
1745
1494
1515
500
926
1501
583
741
605
1637
1609
377
676
1655
351
1065
840
1073
1564
129
1955
125
119
87
1965
149
580
1198
1595
1393
401
1062
1294
1622
242
1964
358
1653
979
433
1375
1601
892
53
650
112
767
1146
1084
202
253
1684
609
83
997
333
238
1032
1286
1960
1241
1534
1711
867
1910
1478
959
1354
614
742
1869
868
946
1733
1633
1100
659
803
231
1670
332
774
1690
1906
1505
632
1331
436
1070
1404
485
667
522
1127
1150
577
34
1055
192
1311
589
1588
1721
612
483
1305
651
1098
255
15
1280
212
