107
1122
1557
1821
1978
1964
375
1196
712
701
1251
276
1064
1028
1979
796
979
1425
54
523
1599
1097
133
1581
1412
1293
1152
1988
1460
1248
966
1479
1580
1091
1287
306
137
501
184
961
1011
1401
1088
1508
1781
478
57
84
1477
566
1782
1923
1102
1502
1535
786
698
427
864
308
640
1393
1456
1675
998
118
130
1377
327
680
939
1290
949
176
964
567
2
1021
514
1904
1515
808
1850
1231
1732
1816
642
1726
51
1807
249
1789
1445
1627
488
1677
757
1527
368
1948
1354
1365
1040
620
59
1953
1886
557
53
1975
1002
591
853
1140
367
760
829
422
470
736
1621
1053
18
1
55
329
1385
914
486
404
294
1333
1110
148
177
969
1433
933
704
315
1257
1081
718
342
463
1057
350
1946
837
1327
774
110
472
1870
1482
1765
326
541
890
1405
1044
74
1476
160
462
792
1375
1629
111
207
1855
553
560
1518
409
631
1174
93
1614
479
313
1347
1577
61
815
201
459
1576
359
127
1213
852
1073
1811
643
594
954
1419
13
1729
1139
1131
1447
555
1533
655
44
196
1691
622
278
1803
144
995
349
1180
898
449
944
1942
684
1720
1050
1755
1643
63
1699
377
1646
527
729
208
353
402
1799
746
601
1999
1331
301
667
813
1529
471
1504
1432
1795
1200
245
477
381
1247
254
1123
296
885
1434
267
131
525
834
25
1692
1154
105
414
1827
1579
714
1537
630
1911
142
1119
4
1863
334
1444
1184
340
1297
1066
1238
152
1284
584
877
496
737
1461
1427
1194
1144
1728
1574
1954
1321
739
799
1547
1148
1137
528
37
1236
1753
1326
95
246
511
1283
1358
857
1797
1272
1636
39
310
195
1381
1788
844
1029
232
320
676
876
664
822
1382
744
758
1253
1898
780
223
1501
745
893
1641
610
1324
419
1269
1054
1219
341
1281
1350
420
1457
166
564
1266
1693
1472
713
328
1159
894
1984
1141
355
1982
1493
1934
1680
1317
963
1420
1109
298
1077
417
1092
1027
1707
1583
468
1480
1708
244
47
1868
1391
82
482
1467
694
652
1922
1742
1396
842
1344
559
922
1343
860
438
1538
1170
733
521
932
266
1888
1638
1931
814
1348
1573
339
1619
732
236
374
696
1760
787
662
967
1390
1286
1037
897
321
354
1084
1146
1292
1846
720
1689
500
688
1277
1263
1448
603
1399
978
256
841
569
628
1019
1714
1609
1471
1746
596
1997
475
1907
1905
548
803
161
1539
1009
466
666
1388
225
1927
1512
1681
1682
1303
1103
43
996
1985
1844
1362
337
183
10
1853
1068
1854
848
1474
702
1835
1546
467
1478
416
490
400
1575
1644
965
1536
318
1469
132
999
