1618
353
197
944
48
1290
414
1407
908
1480
1043
715
1249
1604
246
958
1498
1248
388
1581
552
237
816
319
1665
1828
1130
219
1825
1270
1085
444
1809
1894
1996
1907
1174
1861
1427
1511
1509
1467
1277
1057
1912
106
36
272
1430
890
1013
1286
555
1002
1901
1408
13
1943
1194
297
19
252
680
775
1984
321
1294
282
271
423
732
957
260
193
1810
754
814
1007
583
341
1721
1718
812
612
1833
1157
1738
934
876
1001
1106
1669
59
986
1230
1023
784
826
1571
498
776
635
1637
1068
1280
1606
148
1561
55
572
655
1392
1279
1298
828
365
1908
157
989
251
1190
942
1451
717
579
1108
1132
308
867
3
278
125
1084
1342
563
94
756
326
1039
327
374
595
1236
1812
893
1100
480
1757
450
1303
167
620
56
11
585
982
1301
1880
114
1211
311
1207
659
1122
1386
1350
894
14
140
1909
198
132
1752
529
798
1546
968
634
917
836
1821
1881
1262
806
1518
1835
954
240
1151
1671
38
1595
1436
1239
1695
926
245
1913
284
997
1692
815
1047
849
1992
623
358
557
1568
454
1510
750
1520
885
1312
1320
774
223
825
1
421
738
1621
544
854
1457
642
64
984
1376
1090
1502
1539
1201
1026
1025
1697
1559
647
305
1399
866
85
1099
883
525
699
1732
1094
1735
974
1038
610
1589
824
1269
1240
631
446
604
755
460
675
1985
1125
1930
1150
1375
1242
1987
470
1760
505
1975
718
887
1855
111
1310
687
1222
1314
1653
168
418
1838
947
1543
1506
758
222
1815
644
67
1114
975
1523
1266
128
1354
139
677
1948
1804
372
913
277
1225
1284
1968
306
549
972
21
1155
833
1213
1868
1902
1762
630
316
781
135
497
80
204
905
1668
1787
88
499
1232
1438
1128
379
127
1807
936
1818
1283
82
433
606
1874
1226
1858
518
1840
829
150
178
1268
1368
1237
479
622
250
75
1548
1666
1842
1700
283
163
641
1463
633
49
1281
123
673
402
1969
1601
1746
1699
1796
1459
749
8
1178
566
158
1406
1212
1481
1900
154
1672
1563
53
427
1049
640
1916
68
1887
1394
1776
1801
1471
602
399
571
1387
1928
531
1176
16
1398
584
1317
526
211
1158
71
1624
741
434
1789
1088
1247
1937
1027
1615
1566
124
864
703
1954
734
1942
731
1639
482
1245
1675
47
1351
922
834
411
455
1847
611
1452
206
28
720
667
229
596
1167
500
1355
817
791
1728
902
728
1898
86
1688
1378
210
289
1054
449
194
1098
404
1066
1501
783
182
782
496
91
1629
616
1981
1565
1934
1297
457
119
1335
1873
378
1374
225
1395
1756
881
1800
346
1192
1726
1009
1977
1024
570
1751
1322
1333
976
983
392
550
1854
161
514
1638
350
963
577
772
521
1215
910
580
1073
1631
1686
691
513
1456
1623
1365
1416
1795
1870
1741
1552
294
1473
347
1118
1958
493
1962
1745
269
1257
1228
946
1978
769
1103
215
1036
981
218
1003
1583
17
1863
1915
1402
216
1477
1469
1347
1826
1904
740
1349
386
621
1602
1238
171
838
1170
1202
1029
368
1876
844
1577
1883
661
567
1871
697
1783
780
1291
73
1113
689
383
1648
873
1323
1582
1633
502
786
1676
1689
839
941
618
1259
1753
1832
684
707
1736
1117
1755
79
492
1214
1560
1425
1851
1704
1869
1955
851
1411
93
1677
451
1819
338
120
1442
1875
1740
1681
992
1620
1616
70
520
1931
551
1390
1609
385
1852
1454
1464
965
273
1744
1168
1547
1674
820
196
396
721
1816
1111
115
1020
1514
923
1300
1159
1850
1087
1588
410
1319
394
213
1572
104
1725
1233
43
1492
1080
1062
1332
334
234
1022
1404
1698
1805
1145
535
1453
1798
138
1487
169
487
1431
101
1651
617
191
501
1010
767
100
973
701
1905
1777
1925
1994
1337
1532
1400
428
850
648
1507
788
1973
377
903
1180
547
76
1161
1243
39
1919
553
291
1104
1540
190
1412
432
639
483
628
90
558
1505
236
220
914
1033
1991
1774
1127
369
900
1476
221
1141
129
403
1377
281
1424
1061
988
1185
1182
188
605
362
813
1720
494
1993
759
821
766
83
1200
390
955
92
1209
539
685
1584
681
1497
1957
422
1434
1435
256
1843
1426
40
1462
657
1939
105
1045
747
1684
203
762
384
1475
1845
173
897
136
1208
700
1820
44
827
1160
637
1162
1146
469
778
1879
1134
1575
200
1536
960
261
442
1587
287
1611
425
1440
899
1558
1206
1890
1889
57
745
1139
1260
629
504
763
241
1782
658
1882
1004
1649
987
971
1490
1813
116
1304
1933
1052
1872
370
1780
1016
599
1504
654
1105
1917
356
1610
925
1995
1271
931
940
1293
1199
1012
46
1089
343
1107
32
574
1065
978
207
1951
1864
906
243
1794
1784
1778
412
304
1252
930
860
1078
538
541
855
1409
722
31
594
837
760
51
920
1006
339
224
1705
155
878
307
1603
649
1369
690
1133
515
328
1101
1970
962
627
1696
107
1163
389
779
459
1706
189
1860
309
1906
1272
175
258
1767
1235
1989
915
1670
440
61
1764
1997
819
1181
980
366
1856
660
387
608
1450
406
1334
1198
1803
1372
573
24
586
919
1414
1866
569
329
1712
1164
831
1645
1367
1017
536
448
1019
467
380
1331
35
1709
1541
1136
1634
1640
1432
486
1282
1622
1710
1814
1632
928
1683
1526
1862
