41
417
802
60
1371
1465
514
1786
866
1604
136
546
1747
410
504
1558
816
1712
12
1422
1645
1163
1596
1507
828
1541
335
612
674
1385
1345
913
1308
1564
1746
898
1325
1092
1973
600
1386
112
642
774
1917
1256
1475
1874
1668
1920
1416
345
307
1233
366
197
1515
1321
867
710
955
1909
787
175
1794
1952
643
1571
976
1905
1186
1840
1991
613
1223
689
1140
1329
1585
1315
1841
390
1735
620
441
1907
1253
1237
637
1298
1783
611
1210
1818
1088
1154
1397
1426
767
1888
1552
1359
741
299
3
487
58
1884
1348
1413
213
491
355
635
1829
85
836
266
555
1656
1970
457
1556
1980
1460
83
1667
185
1087
1908
1046
1936
1038
160
401
1676
119
924
1033
1520
1198
825
584
1200
1912
1688
1755
1098
1673
1129
1037
1825
1131
599
15
1440
1711
1093
903
1377
440
1214
927
204
1271
975
1659
1342
972
1495
1540
1255
1646
66
1406
1057
1144
779
731
790
368
1179
1267
14
285
51
1167
1578
827
187
1728
1477
597
1452
778
1493
297
304
1380
308
1544
1764
844
1337
326
428
0
1754
1822
1401
1993
1435
499
1076
537
1152
1463
1418
1462
1576
75
884
623
905
1962
1546
448
1986
566
53
525
1449
582
1302
1339
1283
447
190
946
255
1779
439
715
971
282
1804
1219
1621
1258
736
677
493
855
1834
350
191
640
369
149
1660
791
998
1481
374
968
311
1011
1382
1951
1808
1195
1791
567
1953
917
423
67
542
380
1106
1157
1125
1806
465
675
121
254
743
752
237
1882
1249
1539
154
982
238
259
301
961
313
668
116
1411
756
887
155
826
88
1222
1191
271
925
193
748
1933
1294
55
1610
1015
1102
411
1499
565
1181
819
312
669
1396
484
1022
978
952
1062
132
701
219
1018
1614
1567
1240
1875
907
1929
98
1159
1505
151
1765
430
872
897
808
215
232
1724
142
26
618
1079
906
394
1519
1235
1494
988
145
795
746
310
1726
598
1644
1796
18
1231
1211
1648
1029
476
5
357
1752
1437
1586
223
1139
1902
1620
1289
1212
1547
1969
396
1663
38
1549
1795
1896
1714
680
159
1527
1467
340
1839
1998
293
157
1915
59
1190
1318
981
86
1153
1017
162
1850
404
1750
222
1010
1679
1297
904
327
21
518
1301
1619
1469
1836
1501
351
1981
218
100
938
1447
850
287
472
42
549
1164
745
1506
1168
1868
1941
1468
534
996
228
1605
509
1170
1265
1391
1403
894
673
467
1001
638
587
1904
414
1488
1176
799
852
277
1531
501
1545
1599
242
1423
1723
573
1290
1845
1835
648
629
261
708
964
1597
450
937
143
1278
649
552
1014
1041
848
1923
994
1901
245
1473
506
1487
785
470
747
1653
477
485
723
1156
388
997
717
695
206
1199
666
589
1872
82
1721
1709
854
559
1589
859
973
1197
1500
1376
1090
899
914
1054
1511
1224
678
1766
607
1592
164
1161
6
893
1548
1671
1934
1434
1995
273
1852
1685
1185
1696
1065
436
1691
868
561
1169
1977
29
1444
1561
207
1056
705
1193
1492
1044
1165
1173
1509
1815
784
792
835
1457
189
687
1150
383
883
1089
943
1362
403
892
539
1073
11
1784
1189
1032
1516
267
1296
831
1051
711
1490
1438
1285
1116
278
464
1557
1778
258
511
449
442
901
370
1958
523
1398
1900
726
105
1023
179
294
1273
520
246
1553
74
367
1313
1485
692
317
1756
209
97
346
1393
1736
489
1349
1828
596
1383
1891
1390
1166
1678
1636
363
1739
1816
1945
1281
186
1132
1005
1039
809
1203
1003
1798
1720
931
847
1317
1622
1963
1035
25
911
314
1517
378
1326
670
1514
216
1282
1693
483
793
550
1202
980
437
830
418
236
202
1526
1880
1830
1205
609
1361
838
81
1773
241
1366
665
1058
1209
728
214
626
500
1964
1803
1813
918
2
1123
639
813
1274
832
292
1177
349
526
564
1762
679
1417
1307
531
1221
658
1946
1627
165
22
560
1266
1248
967
196
225
1577
1151
344
713
1935
456
950
869
1563
604
469
1355
1353
1247
393
226
1410
1925
759
486
91
936
1581
1045
48
569
1805
1819
1138
480
1538
1532
755
1137
853
601
1439
1767
462
1427
1593
1364
1111
1340
479
131
7
1036
1127
1350
882
1680
407
1068
1600
1470
272
341
1486
177
1263
168
876
325
234
608
30
139
200
322
940
413
291
1588
78
951
806
318
1727
1292
356
762
36
198
953
1930
376
651
184
49
811
1717
1897
990
1512
671
1975
632
153
454
1303
425
1063
1551
1332
133
1785
183
1268
1906
1573
1351
1703
1407
733
697
73
434
543
1118
663
93
427
1692
1877
1618
1178
556
497
1042
768
1421
1130
1021
1050
1790
782
1172
788
694
772
1119
32
249
1802
276
691
575
783
475
1218
1072
1811
1316
1846
70
702
1817
224
1070
220
126
319
1370
208
885
1194
515
807
181
46
1230
89
510
1950
1666
1071
1613
863
690
1580
1270
1555
1827
103
1716
1528
1357
397
1753
37
64
256
1518
1927
1883
862
1701
545
1309
80
1184
337
544
1
1387
338
653
1095
65
409
657
706
1862
1638
364
235
1536
1704
451
1972
1757
1084
1066
1959
1918
1734
926
1429
1533
279
1115
296
1800
171
1848
1126
974
288
1939
137
789
323
521
1542
375
1097
1569
1916
987
605
1967
1565
1861
1983
1335
