505
1970
38
1845
1200
1327
1653
740
1316
1145
177
777
1719
1256
1922
79
1090
331
569
1988
1553
1263
905
14
408
375
1514
1000
986
49
747
1917
649
135
1770
582
1056
1246
1967
1432
1681
1183
184
1387
285
626
749
1368
1503
586
799
564
22
1309
1152
1808
549
1881
12
901
893
1624
687
222
150
1812
1224
917
1666
838
1350
267
1206
1014
1116
1643
1913
389
661
1039
652
1733
1883
117
1055
1398
1452
365
1367
1170
1570
1058
587
1070
855
378
1828
1008
1501
1879
1801
1445
822
424
92
1347
530
1895
134
689
270
1322
1123
872
1765
1672
1728
1542
1345
130
520
1103
1597
1529
883
111
1450
19
1683
861
387
1093
300
1872
342
599
120
1433
1554
1073
1364
881
1037
612
126
1630
670
1669
763
1609
1968
405
272
869
473
34
29
526
1217
579
769
800
1336
1304
1017
1010
1107
442
1856
426
1312
692
1954
1706
1203
474
694
1118
1809
576
666
766
1655
1758
1143
359
1875
1444
178
1389
394
1532
577
1862
345
1144
1407
1924
301
400
