219
978
835
363
700
181
1269
1829
1039
601
1984
182
1222
1111
404
147
651
93
1387
465
298
1617
796
663
510
842
1264
753
1429
939
1518
533
693
516
1994
1636
1420
1349
1896
1109
1740
1871
1809
40
1009
712
982
1113
1006
948
1564
1600
677
136
421
1772
954
1279
528
1388
1827
1753
744
818
434
798
1569
118
738
998
1575
560
1909
657
975
984
1746
1866
676
1082
201
1936
1797
660
972
1166
1828
1154
293
526
944
558
571
1689
1014
929
338
90
525
1354
688
1351
1120
235
1528
97
630
951
993
48
1051
1710
416
1190
1015
461
664
1022
274
19
1477
1536
1511
989
1995
792
1956
868
637
585
1197
1476
1610
1531
1234
1864
360
715
1317
175
602
644
24
1594
380
1362
452
1849
158
1427
1035
1160
857
1011
1465
1381
1138
143
1929
1067
197
1421
1681
1650
1979
1377
508
1010
86
1876
1705
498
126
1373
1293
1742
485
295
1098
1773
1950
1148
425
578
1394
1626
376
1684
790
777
1679
1063
1201
977
45
1089
1776
584
1132
1798
