445
56
602
684
767
1470
1228
206
22
1360
1924
539
868
1074
1329
851
1147
491
1599
1334
654
310
1949
185
948
406
1610
716
16
1316
1605
1341
1775
57
670
813
72
1785
1846
1770
988
687
1186
1807
1373
499
981
1856
925
459
1488
1216
1944
1178
1774
1477
31
987
1760
146
1778
38
13
60
1524
476
383
376
754
5
438
1002
26
1541
952
1865
432
710
1554
1544
1123
1144
1233
241
1416
10
622
1721
1176
1714
401
271
400
637
1465
1235
839
608
1139
965
760
1463
477
1697
1575
620
1982
1405
517
1142
233
945
317
1503
816
643
303
1128
1478
1978
1124
1075
683
114
1888
1301
347
1294
1579
116
1394
861
1650
642
1084
335
1285
1030
278
617
1052
1708
251
235
458
1012
446
1926
1259
1280
386
962
692
844
285
171
407
363
454
1479
107
1686
493
593
698
108
1668
689
1150
412
522
837
970
216
928
1270
1288
761
843
395
1091
656
1745
1281
1310
596
186
1786
418
1404
1295
739
883
1013
1134
1177
1897
74
744
968
994
1513
1298
1942
572
1862
1355
1682
1915
1419
735
586
1663
969
1472
1641
1969
1992
297
1500
1573
1103
832
1260
2
1707
1173
1870
554
624
420
1521
1958
1036
508
808
1485
931
1941
1577
1658
1131
1667
1151
1580
567
1791
1825
778
1289
1029
751
536
573
18
1471
854
779
1386
390
707
1871
1095
558
1148
140
464
984
1532
175
600
311
1509
120
86
500
379
1180
1348
215
1241
1717
1066
1266
1792
1249
1529
433
527
21
564
872
222
1240
1725
100
328
1735
541
1881
917
1959
1418
1756
1302
44
888
603
1552
1454
738
1474
1515
1069
1662
1884
460
741
752
1383
882
652
220
1211
1810
1296
47
1000
437
11
257
1606
217
750
59
1154
1956
677
753
571
45
997
1265
301
966
1363
246
1340
1490
1192
561
1670
291
1168
1321
155
1231
1006
864
584
1153
614
920
1646
1370
1162
1647
417
470
817
102
936
505
1378
319
1043
80
934
632
777
1342
1210
1761
1723
944
892
253
771
1427
359
265
1674
700
1279
1718
234
249
1337
860
284
1872
1990
1447
1072
1402
90
1434
342
1064
1587
1008
34
481
1659
238
1393
824
1440
1019
212
55
923
150
768
899
1728
625
949
1145
1102
19
1201
32
887
587
1119
1617
1744
1806
1743
333
1939
1781
826
1528
626
1415
1085
1182
659
53
132
1209
645
1117
1314
1269
1834
295
1121
1594
880
167
1133
1724
1634
1715
1843
926
954
912
557
1852
1089
1088
757
17
1612
1347
1618
354
370
1197
1864
1198
859
519
1988
1927
1243
947
1936
1251
1565
1171
1861
270
691
448
1495
480
1975
1451
511
780
858
1429
1135
118
1460
415
1789
494
1442
1922
1475
1158
1758
1769
1952
1159
1608
1444
1062
15
1925
218
1973
806
261
1905
1520
97
1104
1469
1954
1957
978
1331
163
444
1022
126
810
897
1628
138
1358
1099
941
441
1920
455
1893
1155
1859
39
1951
1371
1977
1028
529
1193
1107
585
1553
1629
1033
1866
612
489
1003
1533
959
543
1874
1385
1639
181
449
802
762
545
229
759
1875
1040
474
703
275
1626
1763
1213
937
818
1236
436
1423
280
1804
635
1007
1436
68
192
94
93
1661
214
329
1953
506
37
855
405
996
991
1680
776
371
809
1307
568
267
841
894
1642
1308
1906
531
530
1379
1879
231
1620
152
1666
1903
834
1516
424
1255
1256
1264
1558
1046
1242
1700
1247
8
435
369
1571
1683
41
504
1868
1362
1063
299
1536
658
1422
1323
247
1083
154
1704
1130
82
203
89
1762
846
1545
1543
873
208
523
725
1858
410
1742
183
1400
919
1574
1502
443
695
783
1024
1291
307
1061
840
1562
1709
442
627
671
1001
169
1207
825
1997
332
1886
20
1452
1501
1981
639
1604
1564
479
785
792
1705
900
1448
255
104
1600
1931
686
763
81
139
1352
1054
1037
346
619
1214
796
12
1441
1098
836
1596
1
1195
1408
1258
389
254
392
1860
611
110
1818
263
980
1076
1803
296
1989
351
745
362
189
1592
973
1943
1499
803
339
1996
1688
428
1679
679
1753
1525
581
1623
1048
1570
1914
1644
1773
1246
1094
1453
699
200
1522
1087
1712
1722
109
1183
1640
1537
164
553
1787
788
1055
933
1517
374
1890
1050
124
153
1820
1292
232
1788
62
1848
1965
1017
528
510
141
1690
1851
955
1257
70
1481
1375
702
916
1839
607
1808
1814
1196
322
1364
1351
1140
730
1374
112
341
1284
534
1876
462
64
669
262
1824
1398
382
964
1713
1913
1531
509
665
1330
344
633
1891
1850
467
1169
1595
1090
574
227
1603
1366
660
782
1346
1652
1902
1827
957
1431
1011
537
728
1910
447
786
1175
78
1268
1304
1816
515
1867
1534
911
161
1227
495
360
1273
922
1821
487
1632
1353
1313
1505
755
1581
402
1044
144
667
1425
143
409
1621
847
1282
121
469
874
142
807
1181
1960
852
560
740
1921
1461
286
66
983
1549
1801
512
1813
490
1665
615
724
88
1933
1092
1407
1660
781
330
1826
907
1945
294
1435
1548
1609
226
875
1675
630
1780
1303
1410
1322
1497
266
598
1539
1767
1489
848
1519
79
250
1795
73
1480
137
1473
1540
1687
1560
1027
496
87
1392
685
1653
1097
289
1538
404
1082
92
1167
1217
1547
1484
431
1172
1486
1496
606
