1855
992
1093
1601
801
855
1039
1307
445
1397
1368
471
1332
183
1234
1541
1316
707
432
1194
120
1377
1471
1479
1334
271
1523
609
110
585
1949
1108
391
821
869
1726
108
1953
1876
1607
584
1023
1818
1960
484
608
346
1964
974
786
928
704
95
49
146
267
394
1206
377
468
1740
654
132
861
787
744
937
1425
816
535
1247
433
697
1163
1190
219
384
301
1751
1612
1104
1703
174
1931
1192
365
232
853
575
1905
1073
867
934
525
1089
427
580
185
1341
387
158
1386
7
1187
1144
1727
636
1254
1707
1922
1841
1957
1010
497
62
1631
1872
613
1834
1345
1555
1605
1180
126
999
169
561
1214
1210
530
1512
1
1292
1879
619
1838
282
1722
1278
1363
462
1525
165
1197
354
135
750
43
680
149
1159
1785
196
713
723
1795
369
558
480
1835
327
1123
911
1185
899
1615
1090
1683
880
1546
1822
879
141
576
1204
1645
1157
915
1433
1358
186
1351
1770
885
1610
1826
12
96
963
1434
447
1491
28
512
831
439
660
1026
959
1959
1762
1509
665
352
1360
596
489
1213
241
1427
979
403
26
425
536
1520
448
738
1514
603
1680
621
1317
901
1373
260
164
2
1392
395
487
1414
760
597
642
1173
1738
1095
889
1403
1451
406
833
667
1208
457
194
324
1850
1637
112
830
856
1522
107
1484
1527
614
1510
785
1080
1242
1291
1474
948
1558
74
160
1009
1884
255
72
1947
686
874
995
307
1592
1706
1346
499
1266
1376
1617
1280
336
1929
780
1490
47
1714
1140
1183
434
1289
77
896
1866
767
677
1661
3
690
1435
998
1532
1258
73
617
1545
946
1079
168
1028
862
1853
775
1980
1873
1339
398
691
1649
1986
421
875
253
1898
1578
1119
1646
221
1326
1158
759
1418
4
308
529
254
790
1504
957
1349
22
277
1567
1910
841
554
1752
574
361
1481
89
1048
233
610
133
870
182
380
350
1225
878
281
333
1586
48
1160
1735
129
673
319
1031
1473
1781
1780
644
1697
755
771
1939
1453
1361
65
106
1416
669
1591
1006
138
1743
1297
1985
996
142
1468
40
1327
734
147
904
1312
472
1534
1775
397
1132
1092
1787
396
355
1956
1851
773
408
124
1764
1677
1199
1325
1682
1925
808
1402
924
1018
815
1858
29
1146
212
1837
1768
1400
1103
341
1156
1375
1963
943
32
1763
197
612
1803
379
268
952
852
1635
1594
11
1097
140
1892
136
228
500
337
1508
883
1174
1689
35
1745
1047
1413
792
1294
358
1054
807
936
1251
399
18
847
1875
411
94
1618
1233
392
1052
54
364
628
1154
720
1630
1998
492
1148
803
1638
1489
601
1888
676
1101
1461
1243
540
742
1228
343
1852
1641
1674
1918
1717
950
1057
37
1539
777
64
817
1865
752
1014
1968
250
866
1672
977
528
1623
1598
573
1894
703
1311
1222
1554
779
778
1805
972
1495
1002
1347
173
599
1081
1877
113
273
739
1987
1216
34
1005
832
1709
430
316
1559
441
351
664
749
1608
1021
1114
103
1445
385
84
1797
1603
264
981
52
781
1932
1485
795
266
809
1765
1566
566
933
1829
161
724
371
1644
1654
1419
510
1897
1624
783
658
16
1094
1202
1769
1836
1863
272
1812
515
1257
347
231
44
1428
1335
1570
325
177
1498
958
279
988
741
27
1467
524
1232
1839
1207
629
473
192
495
615
431
210
1263
1777
1907
86
1695
1169
338
259
1977
797
122
986
634
1431
1889
1744
1924
1372
1690
1152
517
593
114
967
818
1530
868
930
1711
985
275
1807
1971
1449
410
10
1046
1757
1663
1012
1087
543
851
314
1035
1454
646
229
1758
725
285
1056
1665
978
935
56
1823
1815
502
305
331
1171
1455
1920
1502
256
214
640
417
80
1776
1696
1462
921
991
1581
893
583
82
846
335
1277
1452
79
727
1543
215
1404
87
204
1937
1426
531
298
541
1367
794
145
1492
415
733
1085
1288
1774
632
1059
618
1293
1563
1143
670
144
407
1820
224
1867
269
1020
973
93
1273
523
872
1723
1212
444
989
1616
800
470
1582
1205
645
287
1374
1041
507
1862
1429
1482
994
731
236
1337
586
1749
1900
1343
226
1134
1650
1908
549
243
1896
1314
1224
1070
63
184
375
460
1118
970
181
838
1240
1106
461
1270
1310
1831
1955
1642
1952
1476
1590
1652
1596
553
1533
965
666
895
1390
381
578
675
639
1669
1825
1675
687
1940
863
1584
190
1948
389
637
1982
912
1069
1886
1809
718
1724
1102
41
248
478
1730
765
438
1195
1716
349
1274
1856
719
1086
418
436
1230
1934
270
726
366
167
0
1130
836
1713
1022
1096
949
1315
602
1656
842
401
479
1203
1613
85
871
1384
251
1409
1075
300
1016
858
884
1535
1660
559
373
932
969
227
440
1259
1538
1561
522
951
42
616
1732
150
1685
1082
1015
944
679
1990
611
544
1542
156
824
1301
1255
1440
516
121
429
31
498
1364
245
1903
569
1398
1568
328
672
211
1580
1333
909
1387
843
1673
1177
1705
671
823
1181
1138
1572
8
1248
201
1167
746
5
982
810
36
467
1466
463
1549
1149
1958
1100
1137
1344
306
1974
533
564
1511
926
1552
1088
685
747
1966
1076
1619
811
1571
1792
737
176
902
1849
743
1976
570
209
483
1469
839
793
240
975
1573
890
278
320
329
920
