1128
618
1749
345
1469
1658
832
930
867
629
861
1974
578
644
405
1293
1717
1548
740
786
3
1016
1021
1194
1258
1784
1392
234
1605
1224
150
1091
1532
1977
1693
333
1975
1987
488
1721
1288
854
383
741
1686
38
1082
660
1046
201
487
1715
282
128
1888
252
1188
1538
1596
976
1524
531
1556
1175
47
964
16
1836
1356
436
1530
1229
997
1842
562
437
1049
656
288
1960
469
434
667
356
1623
312
530
1027
947
83
1321
769
672
1409
137
152
1154
1757
1979
290
788
1351
642
1629
1822
1357
2
658
1412
162
1774
1620
1130
477
1143
1430
569
1565
243
1160
883
1026
148
532
1871
1341
216
1289
191
1680
315
1682
1854
661
199
1544
1512
1118
422
195
498
8
24
1008
732
1396
1419
626
1161
655
827
1788
847
1670
1000
211
1306
355
540
520
1719
756
1072
1699
737
999
1952
322
311
920
512
1436
1781
1099
1941
749
1587
1078
802
51
1652
1233
1299
1866
1105
1218
261
657
963
153
934
125
1657
728
700
614
669
1767
139
1681
