1742
257
1418
434
1085
1574
1789
1165
1538
247
73
63
729
587
1604
493
1548
1550
1648
421
1736
752
409
322
1086
1131
1181
296
375
366
10
1514
179
927
1300
288
1523
1631
643
1410
1189
1792
637
43
191
821
456
1930
509
352
216
1524
1329
113
879
1008
1756
475
715
528
1660
1873
1462
705
1265
363
1636
1525
23
1381
141
1810
1371
429
1691
1901
1670
1859
1319
442
622
967
1877
787
1568
81
837
1383
1117
958
25
529
793
410
36
1089
1985
1167
1330
1579
1380
921
84
449
1032
353
1422
1934
828
1041
3
1362
974
229
875
1510
1349
586
521
725
1887
548
1103
278
688
1644
1491
41
1048
302
1039
1285
1249
668
226
1594
946
570
1503
813
898
371
1709
42
933
1724
890
1302
79
591
1586
966
769
544
1860
1966
370
277
390
1433
291
1690
687
1735
37
413
1357
313
1108
275
843
1035
555
1443
1786
1093
1231
984
816
1223
1984
996
797
1034
1257
14
1698
1026
1846
1843
1958
1935
1537
1328
1489
201
333
1721
82
1872
311
1952
1270
1905
231
882
361
589
1416
738
1965
153
1737
515
1567
228
754
1512
836
1324
1996
809
577
690
1119
1841
971
316
423
330
488
866
635
1913
1642
1379
1891
1750
401
1070
1413
941
1795
377
1152
1643
1658
1831
699
1794
49
241
1515
1722
51
960
415
630
88
189
1674
1468
1864
244
1385
1090
1376
18
1066
440
178
1099
1145
1521
224
1135
588
1216
287
470
581
1395
1225
1464
1374
1991
404
1194
1258
1997
400
384
194
1785
1994
1442
77
343
158
736
1338
276
713
972
454
108
238
1158
1183
1303
1219
887
601
1384
812
1228
1979
1948
1242
612
208
877
708
270
1327
1740
1137
1460
888
1780
1178
1874
1578
1132
963
218
850
487
1335
636
1351
156
481
1640
50
143
480
1762
212
1424
902
1851
775
1925
727
1434
763
878
16
790
939
1798
1153
1618
1359
169
1531
1825
1694
148
118
1922
1049
1807
1482
1746
593
915
1263
264
1205
181
865
552
1572
33
1657
689
1097
1004
1919
831
306
1203
1824
1480
177
1002
1793
530
1764
1799
731
1184
0
911
1556
907
1430
820
1725
94
1774
900
1160
360
798
550
741
1629
1062
711
1128
274
978
504
1570
1294
975
341
1012
646
709
1299
1127
616
1102
348
22
594
1894
424
463
1990
1899
345
204
1075
4
1610
1917
645
1232
1650
215
1278
1253
655
1210
1960
242
613
1073
1321
968
34
425
1730
486
1229
762
1481
770
1796
611
1587
1623
1535
684
1848
395
1138
989
501
1110
485
1001
1095
1080
1423
359
1453
207
1875
1806
210
326
860
1133
498
