202
1921
503
1161
56
919
1097
835
1813
577
317
85
650
1795
1432
395
941
1523
219
384
88
844
1282
1981
1894
861
1940
217
827
1322
1336
1747
333
1345
701
43
1126
800
1924
1910
1430
1550
1928
616
519
1289
795
909
667
1948
1683
108
690
1444
1509
377
761
1270
555
1077
1274
242
721
178
1562
704
497
1626
450
491
1358
1734
224
1010
1081
549
1797
1631
1071
501
1384
442
1647
1714
193
273
1851
469
1803
1182
1136
1768
1693
1086
1174
866
53
900
538
1307
414
106
714
151
851
1124
798
358
678
1730
928
933
129
271
799
628
403
1429
1204
1413
1335
19
1878
811
1996
1252
91
1240
1056
1764
1696
854
1694
1821
404
1377
1080
37
545
1820
877
839
13
1406
1617
1122
1135
471
1915
81
1152
1681
157
512
901
1805
818
445
1620
185
1181
428
1176
1598
481
476
194
1343
449
1739
1731
488
443
1869
376
296
1482
1900
1922
1494
1837
192
699
1811
1935
576
1283
1846
1667
1726
1578
589
1021
757
696
1961
42
1659
362
1692
1475
575
1089
1500
462
847
33
1393
290
793
1471
1246
1777
270
1480
1901
1998
1963
204
943
1328
1597
1754
12
1979
1257
1956
235
1732
1445
310
4
179
1758
382
1790
110
1009
750
593
158
1497
657
125
316
29
1275
741
489
433
1735
1007
1905
1682
726
1237
232
784
1817
898
1217
880
1209
1019
1876
999
457
967
285
1305
1114
1347
805
1238
225
717
792
1748
715
899
1208
862
1801
1708
1276
674
1788
92
1677
1636
435
681
622
1865
665
1085
1342
269
1703
1860
694
698
1403
1050
556
1686
1534
1752
1437
1230
494
1528
1236
770
1111
1554
1363
509
1018
259
1033
230
1324
1054
1268
649
147
1845
1373
1095
322
1459
166
1389
1386
272
522
1148
243
282
1211
1831
586
1695
330
1490
950
1159
596
1690
952
514
1498
1004
1229
21
1633
1426
788
629
557
1609
1650
102
1183
1142
195
1254
281
907
1199
1452
1457
727
948
349
1911
857
1072
1586
252
453
1198
154
1290
9
889
436
1407
101
1036
1957
198
1510
1715
1130
1863
1574
319
783
199
45
196
1697
36
1477
756
422
925
1253
247
360
703
1818
1427
781
630
625
454
46
1772
1687
314
1558
1026
1660
297
740
223
1653
1104
1577
1052
245
1545
47
1560
662
633
1248
479
1662
905
246
1400
1172
1203
332
1492
126
1707
1024
1862
1641
1594
1002
249
1094
390
588
1958
521
1717
1964
1676
1623
606
1099
2
120
1706
500
309
553
896
953
1759
515
460
1374
886
1897
871
76
118
838
407
233
803
144
412
892
975
869
1472
796
57
426
303
1508
