1487
1719
1863
1389
325
1826
923
898
238
634
1460
1194
1672
1773
491
1325
1337
1808
76
681
30
29
1791
917
1978
499
1139
1635
261
1380
1864
1928
1449
1465
1352
983
566
333
254
1104
1111
104
813
930
1703
833
991
750
902
112
1872
16
298
1972
943
783
1726
416
1264
1086
292
1610
362
192
1323
439
1645
1119
1621
940
1209
121
417
1822
788
1191
1602
496
498
1536
283
1390
1435
553
1874
1299
549
820
694
1670
1157
179
1873
497
775
841
1769
990
1038
944
957
1679
1601
700
50
1885
1254
1061
1057
1996
1563
446
860
745
310
147
1857
1653
677
395
573
1110
67
936
1072
1899
211
1364
914
379
1980
209
103
1355
687
832
4
545
949
276
1491
1198
1478
541
485
100
426
568
454
1289
1489
1841
1731
1682
569
1378
1265
1722
259
906
93
1363
1499
1404
676
1160
479
661
1230
592
293
203
1476
854
1965
1664
826
89
1815
45
473
265
638
1434
1596
1680
1919
948
1629
445
1069
1883
896
184
927
1626
1015
582
1911
163
