548
919
1866
134
1155
1740
1197
1760
934
1717
1265
461
1872
928
982
1482
562
1787
933
1937
977
1545
284
1515
995
764
1833
361
757
575
1642
198
1441
1903
1130
1634
1721
370
1795
853
1439
640
391
1934
1356
1235
714
1639
412
314
1353
681
569
1509
1706
1050
1786
365
1797
1813
132
625
945
872
1031
598
1905
1002
337
467
1811
1059
60
333
1267
345
1145
1745
830
466
1057
735
1920
1950
202
1594
1249
113
1115
802
726
1189
210
302
1919
1564
1853
1320
988
508
320
668
141
930
1377
1194
173
1792
152
275
1729
1904
878
6
181
649
582
1030
1520
1601
523
622
1337
1061
158
1258
463
449
861
249
1385
1597
1727
1802
292
237
1331
1742
667
1667
1143
194
1174
1400
1093
1715
435
351
1181
1558
1560
920
1176
897
519
873
937
131
1242
1724
1542
102
910
843
1109
1644
1843
192
34
1430
761
456
1987
1845
289
1938
1152
1301
1434
149
428
447
1607
15
680
11
86
294
629
514
71
1071
234
715
1487
1852
838
1379
393
1534
259
1485
1569
768
1495
1834
1619
1662
1101
750
25
985
862
1725
1583
1793
941
1165
976
563
471
1750
965
525
496
1228
1521
1870
1748
1959
858
670
1578
423
78
1969
722
475
1703
1283
1772
1958
854
1269
712
536
1412
1574
747
1581
742
526
1874
1598
1335
163
1421
1550
4
1368
1450
409
1106
669
1411
148
601
1892
27
686
766
792
990
410
433
263
1417
1009
818
589
1159
812
638
725
1008
223
926
244
1618
1238
1930
1224
1665
615
1699
841
425
114
1628
1469
1666
808
470
678
1136
258
1561
504
550
1821
1573
572
824
819
1646
1552
1067
421
1876
840
1315
775
338
250
864
1972
1086
1612
682
1633
1461
480
1800
868
1708
1147
847
382
252
174
1873
1688
533
1590
40
98
353
1307
35
29
1791
122
493
1277
1957
334
301
1718
914
1275
1690
245
561
676
727
123
1142
1562
1716
528
1999
1909
373
1709
261
257
935
1010
788
1091
1343
1778
1437
50
1219
1490
41
1652
535
344
1804
91
107
545
637
699
1237
927
1839
437
1546
1019
520
1416
1126
1768
739
81
79
414
1312
763
1983
1119
1640
1371
1838
1182
1360
309
973
1171
1447
133
834
1991
531
1492
921
359
891
1369
28
32
1663
543
1215
1836
765
1021
1616
1986
942
1363
845
17
104
1632
949
291
996
350
1062
809
1765
1705
1555
30
1835
1512
142
593
674
705
1192
1847
1625
1738
69
604
233
991
220
759
917
1674
1823
1444
422
1465
1443
1133
1210
1393
816
392
1762
408
1841
1566
587
1055
1498
1111
527
1491
238
1222
357
1089
