1317
987
909
1047
777
188
166
598
1844
79
1579
270
1447
1010
729
1156
516
1720
869
23
1446
526
1962
328
1648
1197
211
1454
652
324
102
1187
1307
661
1627
1504
361
1813
775
325
381
1492
1039
624
1501
1255
1977
1520
295
1554
168
1822
1088
1109
202
356
732
877
311
1513
58
1240
1444
1220
1169
419
521
1138
1582
1751
1928
57
1990
3
1166
1871
1528
371
228
1313
26
440
301
48
437
1399
274
914
1664
1321
33
764
1012
259
1474
1034
394
20
847
1122
1199
968
1452
677
1298
1118
1389
555
614
1775
1154
541
668
2
463
1111
136
774
1414
1018
1995
1996
1062
1282
578
558
1563
333
926
203
1866
1221
461
1040
1256
1512
979
1570
1601
700
1766
1253
294
1809
597
1976
264
1464
1869
1854
1819
1902
1400
271
718
1792
717
1505
12
401
1234
1550
21
1007
150
497
832
1246
1823
1538
1868
782
627
1636
1106
1540
1820
1245
207
309
767
198
1573
86
1209
805
313
1262
1683
810
905
714
1190
268
1621
181
1797
939
965
1294
1933
1461
1772
277
1151
1121
1980
638
1130
937
1129
123
949
660
457
1911
1158
727
1076
1708
409
1244
135
1592
1194
517
417
776
1218
1889
1056
1102
649
1309
341
1989
1149
454
1196
1032
1422
153
593
223
1186
1586
1265
1230
542
858
383
864
1242
1273
726
964
1035
897
484
642
323
246
612
1276
1740
1814
1358
872
1258
1336
1489
161
1368
1715
969
103
833
953
1193
896
1155
137
816
365
1150
1201
369
1125
196
1509
1858
1274
1702
431
310
756
1352
406
124
106
792
1604
1706
1644
1696
378
139
1181
183
794
1812
1397
1885
1860
1405
1861
959
1521
400
1577
1272
1991
1862
238
748
1729
82
1271
1490
557
107
892
1074
1806
316
912
385
1330
487
650
1045
1791
609
567
808
1650
1678
1494
101
746
84
1839
455
348
644
1782
980
951
80
1945
1418
408
1146
1080
1116
1002
1979
1025
390
1072
1428
1152
1587
688
924
225
618
1103
1874
1542
338
1946
1236
941
636
1357
1795
1985
1171
1173
30
320
1602
867
1930
1491
77
1908
1994
459
1302
759
1597
391
1956
355
568
1440
1518
1359
293
842
1661
1635
1148
194
1182
1351
613
1842
185
804
534
32
252
1164
1009
651
1691
1284
910
473
1590
1392
1458
1022
996
360
906
511
711
1339
1778
120
60
545
1634
617
262
255
841
1328
1653
1529
104
1195
1110
1139
1859
347
1747
1609
307
247
1064
1029
1227
357
674
1565
1833
231
1394
1875
846
866
387
1622
930
1096
230
706
1319
110
47
0
99
1546
1658
1695
429
205
1168
1060
948
1677
197
955
1054
1280
1611
1668
1285
1939
1787
229
331
171
962
591
388
244
754
1810
981
1260
915
530
1737
1278
1831
1390
523
1404
335
587
1726
233
1662
814
1085
1424
1552
1616
1840
821
314
1487
779
1301
1923
647
1900
118
386
1620
1761
1929
1335
1632
1364
1927
917
169
1828
929
1249
1551
1066
1693
434
1788
1614
812
1451
490
464
1926
724
694
1426
1711
730
125
1837
753
681
875
853
1882
1556
269
826
61
1344
983
532
1851
443
1630
418
713
878
563
697
662
1320
1808
413
214
757
778
1304
296
1811
1053
599
1523
1669
1112
1707
1537
1311
1699
209
1143
13
994
554
1843
1460
349
1448
785
253
1774
1943
1941
860
1883
1120
1964
1780
1888
1920
1264
298
1907
321
1924
377
1463
96
749
976
1948
793
1725
1286
934
292
1896
1233
728
1267
844
547
350
721
1547
163
49
836
1947
1901
995
685
1207
1750
1124
590
690
1325
208
1805
993
1987
678
919
592
1488
191
448
1734
260
1596
895
1038
18
615
160
224
825
840
1142
990
1033
332
1535
1346
683
901
237
1020
442
367
1044
460
701
960
1269
813
1934
346
755
1396
1878
1275
1728
263
218
1281
261
15
1566
1646
1680
452
708
36
537
784
1796
1495
62
189
227
735
1042
411
1670
1316
482
192
723
1561
92
1918
1329
873
210
1697
1676
850
957
17
25
8
1983
1836
790
734
851
453
374
1598
1863
1613
495
1214
1730
1893
801
1799
1522
1974
831
1172
1225
466
1340
852
1431
1232
505
524
992
1560
1631
447
970
1756
29
69
1483
1401
370
1508
936
1427
1367
113
1892
822
1099
868
1095
1200
1300
1857
1571
806
128
359
1688
619
966
142
1641
1800
1647
913
710
1341
201
1584
63
1804
1132
739
1576
1628
129
494
1651
1434
667
1906
611
1292
351
24
1417
42
1914
1263
1315
1235
317
512
249
1666
291
1838
1937
646
1360
1672
75
27
1213
572
184
1891
1503
1655
145
1478
476
1229
174
140
1951
1652
1097
375
1898
427
354
379
1089
745
880
458
886
709
839
1830
436
241
404
1476
781
573
1887
1219
1093
1978
167
1178
1544
559
1017
553
337
1362
1493
352
862
1279
1469
423
1629
193
1252
641
232
1318
306
1243
133
28
1251
1657
424
1922
143
610
222
53
1415
1449
1944
1433
195
272
648
1764
744
795
73
1735
1763
1462
1698
81
1379
1123
1499
1001
175
827
1090
1881
522
1223
761
607
834
1403
363
138
288
1310
1086
1700
1241
546
715
1442
426
845
539
771
1982
34
632
999
1212
900
902
1935
595
1174
1910
115
1295
465
373
989
256
940
855
121
68
529
946
670
637
212
