1902
1888
1893
1544
1709
731
799
690
1447
1098
529
1383
197
465
706
479
1273
1179
1837
489
472
66
361
1782
1310
34
1586
854
1968
1261
463
1207
1067
256
1850
252
1578
541
96
869
104
1168
1819
1132
940
368
1340
1044
1689
1144
838
1401
1581
1454
1355
1009
1176
919
357
12
1162
699
1926
1185
299
431
1574
534
1331
1638
1975
214
1081
955
911
1354
601
1109
1213
672
352
524
1844
1702
106
1019
635
515
1410
1217
692
1614
662
1095
141
877
1231
578
1523
1627
1910
1315
849
405
427
1394
647
554
1351
1935
752
1930
741
641
446
1112
1199
116
234
312
1426
61
120
792
772
229
9
1399
767
1720
21
1461
1726
1703
1864
1987
963
434
251
63
1327
969
782
1960
329
1024
325
1003
164
990
832
684
1115
236
1889
1502
1074
1929
1130
1884
324
1491
105
137
892
1736
546
600
1861
992
758
1529
345
829
1682
1438
421
1508
1203
1290
1725
1413
152
1283
544
761
1302
204
1827
205
900
774
1424
605
1335
1800
1489
726
298
389
