1351
976
66
1140
175
698
97
204
992
538
586
1497
1582
1700
1528
652
895
1119
970
216
185
533
683
176
1896
1422
313
459
1795
202
927
432
1634
911
1466
510
1577
1971
1419
1409
1213
925
355
1482
1305
1206
747
781
1231
1453
1326
224
997
1805
1788
330
1818
757
982
1618
731
1669
707
1889
1142
1177
1027
1858
1432
1495
845
1210
829
130
1416
1381
1270
222
1875
914
1785
172
1583
848
1589
1719
495
1196
844
1406
101
198
565
44
1165
386
1074
964
260
1638
1690
881
787
656
1429
10
166
271
23
716
1568
1717
1218
1176
1663
1983
1891
1676
1718
1369
1147
935
775
1650
1144
901
92
1100
1947
967
59
1105
333
146
1938
390
712
810
1687
1826
1420
664
1621
1767
1262
733
621
580
1413
301
1260
1507
1258
1025
1039
714
748
1076
1610
627
125
358
578
1950
410
480
335
1603
908
1418
1920
557
1553
6
1006
364
1546
1775
782
1452
1446
1038
1289
1261
1029
454
945
599
291
900
285
734
1925
329
13
1506
1251
275
1946
1030
385
834
392
913
46
252
5
932
1504
151
497
1656
293
869
1732
665
1874
1779
1457
1991
71
1672
607
753
1502
1814
819
439
755
1358
64
500
95
81
257
1427
1855
1474
604
1484
571
108
375
906
341
1987
1197
477
944
1957
322
1248
1646
710
263
662
45
838
240
1085
555
663
1815
1421
1680
1951
342
1624
697
611
300
574
811
1071
1688
1273
624
515
182
1701
1055
1204
735
1667
1443
861
1481
303
1908
872
1391
1174
1758
1475
1111
1751
871
1912
1842
425
183
883
859
86
835
1238
27
1500
1677
1763
93
548
1299
104
1024
380
1291
1617
563
1093
494
1380
1635
436
1112
1806
535
50
1021
1397
1489
678
1665
220
1726
1958
3
467
1172
230
22
1153
389
110
1998
1560
744
1942
1192
706
1929
1022
1536
1733
1203
1212
1162
1899
1937
21
406
76
1935
1357
107
899
144
1496
941
1840
20
1670
1240
289
1155
1287
889
394
1894
212
1343
1370
1970
641
78
1556
558
551
1974
416
1319
1465
862
180
91
1604
1643
1602
897
711
1781
1704
1498
1169
1738
1784
825
12
1276
407
157
479
391
1741
79
191
1157
893
1612
633
414
1715
1423
814
1653
1126
673
501
440
1872
603
1904
668
52
1043
1359
60
1893
1344
1183
522
1373
597
1217
1822
1036
408
381
681
1354
1547
1349
786
823
1574
1590
1853
949
1977
159
524
135
413
1082
400
600
868
1362
1257
466
830
1366
40
1426
1591
1989
928
1388
1028
121
243
1316
496
1838
950
544
150
1642
1392
1180
1225
896
1648
605
1835
382
612
360
762
818
1992
74
1399
190
1016
1955
1130
119
1867
937
1975
415
1928
1229
281
1787
562
1494
1368
763
1523
1939
1526
1702
1666
1521
756
1113
1441
1065
88
1916
1053
1254
666
1543
985
520
1644
1009
236
1857
1215
774
312
817
1913
527
1552
258
1863
1342
769
1841
1431
1434
1095
1184
1479
1363
1873
616
968
592
717
1041
1760
136
1405
1059
625
267
1045
1328
1573
1352
1400
827
1124
1468
1447
287
1503
228
65
1314
472
1109
1749
1597
857
646
351
1092
655
1246
1259
318
1450
1073
1294
356
594
1903
508
856
1159
1040
488
492
419
999
321
210
1228
905
1129
1593
1691
141
1061
1737
1832
1088
1131
974
1636
294
250
284
1274
1509
1652
309
461
792
569
886
457
842
1310
1410
1627
1988
308
618
1731
718
402
367
1854
1266
749
894
417
286
679
1905
602
1797
316
315
1323
1080
961
430
483
473
1595
839
920
1433
1084
1906
660
840
1510
1584
128
280
960
53
824
1799
1181
1969
475
615
1918
270
388
39
169
1754
885
1194
374
319
357
1371
1161
55
1493
1379
1107
828
77
938
1886
1705
540
16
282
1901
772
1297
1044
1383
1570
1620
644
983
1253
1491
328
1771
843
1848
98
1230
637
1647
1944
503
743
211
254
100
1777
1888
519
1360
1993
815
207
661
1734
51
1516
105
588
1980
723
227
620
1794
773
1569
1802
701
441
989
1234
63
761
1331
1081
140
1804
1744
1878
1819
1923
411
1566
969
471
1187
1540
725
1298
1141
1396
1997
1313
732
1324
1255
1307
504
49
1163
370
766
1966
365
923
672
1953
1062
542
103
1186
323
1879
919
1295
1487
298
1551
1209
1425
219
398
831
634
940
1926
1244
570
331
576
1070
325
1216
1120
870
1880
1713
1881
178
1722
1761
371
387
1264
1900
623
1477
721
1943
1211
112
1851
369
1885
1317
1963
469
1456
1539
684
1198
657
1386
29
1372
1330
1152
1222
84
1658
154
1948
1281
1278
836
186
1193
491
1933
1816
99
560
1086
1996
713
1202
951
1411
490
1821
670
1014
783
1661
521
8
585
590
1739
1829
529
1312
996
805
427
139
1339
545
1860
489
37
1870
455
512
826
493
1809
1976
1876
1473
1728
1629
1654
511
234
947
1735
1931
803
343
517
630
35
1403
181
1558
1087
993
115
887
1356
221
453
915
1049
758
850
1921
1279
584
653
1057
1849
424
444
1199
1800
245
187
1628
813
1982
1952
1068
589
242
739
942
499
593
1000
1315
143
474
1930
1407
659
253
674
1679
401
846
1730
1385
532
1576
1490
1902
295
1549
1247
708
1890
438
1865
1968
619
1334
1002
680
208
1869
704
1508
231
907
750
613
