412
1797
1372
241
1666
330
1121
1141
1000
1637
1322
1941
1800
1055
998
1138
145
651
1486
1693
695
235
648
110
237
1091
1077
399
261
1735
1616
1515
1821
143
33
527
200
1181
1279
1827
860
1882
829
234
781
1854
1684
1422
677
1736
1907
1058
1194
1011
1361
696
694
731
504
948
1855
43
1910
1387
1980
1650
1460
1692
566
1127
1601
236
546
489
1687
368
1129
209
697
400
728
56
1623
1439
917
1909
1996
90
1306
510
1312
950
1185
482
188
618
1508
1030
1140
364
961
983
647
902
1002
882
189
123
1628
60
290
1215
1054
1844
484
493
858
600
94
763
1788
1208
1336
1843
1683
1487
337
1828
1643
69
16
1981
708
511
102
520
1276
1100
1668
698
1037
1604
597
783
1481
591
1830
1210
387
560
989
1816
1252
1986
1379
257
316
603
1102
73
1435
850
425
467
1502
1915
471
342
1608
1038
1554
1257
805
1832
1132
414
1467
1266
1269
1022
66
287
1640
716
1291
823
1642
1718
1443
1712
873
1852
1456
1427
1289
1737
83
267
889
551
1923
1148
535
331
1562
893
601
706
1420
1136
825
574
116
134
307
1519
507
1902
807
1201
321
700
1597
1509
1589
947
916
1083
1772
956
168
506
992
1953
1220
232
975
1096
100
955
901
1437
1731
1863
1531
1231
977
1490
881
213
1285
57
308
1177
1680
106
405
1702
672
796
991
1134
91
1556
1748
1621
1976
1014
71
1850
84
1699
1752
771
743
1471
1290
370
464
1473
325
1204
1380
1300
1012
304
161
954
65
1432
1580
1991
1824
665
1438
1007
1566
381
580
1984
832
1318
734
1749
1798
340
959
1654
1119
1922
1229
1262
1983
918
774
1465
1214
1157
1160
202
879
358
668
1280
89
1225
673
1183
679
1528
810
457
109
984
1641
1807
608
1619
435
1364
1942
132
1920
1594
664
808
1974
865
1489
779
1376
910
1573
1031
1557
925
614
377
635
1924
1250
192
594
547
1655
868
1193
34
1089
292
1656
23
1003
1211
108
1278
1062
1491
291
895
488
1539
1085
176
289
1895
1097
711
296
768
1569
1883
1537
59
1635
772
1173
392
631
1296
216
501
958
1153
723
178
356
1396
1722
1051
1694
886
1261
1568
1512
737
801
1081
644
45
800
1846
721
1646
1355
1834
1911
362
1125
1237
210
6
1544
838
357
35
806
1937
1653
492
1805
1174
1908
1836
1522
1931
1109
439
1286
1587
1506
900
944
1663
443
369
973
1304
197
1572
1496
1598
281
1977
456
265
1273
1546
418
923
1957
1596
1113
285
1549
609
1139
892
302
1419
577
366
554
960
1964
748
820
1527
1563
277
809
319
1461
1525
226
884
245
1408
846
1860
