187
1999
34
1565
144
1880
970
963
1123
1900
662
1412
273
1634
1095
1901
1828
110
532
1546
1039
1251
129
497
1814
1547
1281
1762
299
1623
746
439
40
363
1569
969
1075
1637
1052
1929
1661
1998
1407
941
1855
838
351
449
1430
621
1832
235
1462
676
112
991
51
164
1328
287
1484
1447
1400
1393
181
288
901
962
1782
12
686
1324
1120
987
1790
1893
1971
1483
277
1921
1980
1975
448
378
408
1803
1342
1590
118
347
554
575
1642
1633
1250
124
373
1165
1069
929
1709
869
1808
224
1687
855
761
841
1485
1290
546
1729
338
812
788
495
123
1743
1982
1640
650
569
1603
1106
376
375
542
1143
1811
785
877
1330
1188
236
743
1136
120
1003
1313
18
1962
865
1695
161
484
1616
1214
446
243
1914
1887
1223
165
38
1196
207
1304
91
475
1098
1195
1203
432
1340
1891
715
845
1033
1712
909
141
1144
1535
705
787
615
1830
1301
641
1821
594
833
1924
1124
352
241
318
1941
1690
1366
741
1990
1026
416
631
1133
173
656
745
115
195
1287
955
859
1665
450
1418
555
168
1487
911
1705
342
1398
247
989
772
307
507
561
1235
627
939
1996
442
1750
519
1716
122
806
344
1314
1981
400
1289
1048
1446
980
229
309
261
1778
1178
1169
1073
463
624
1001
1158
1966
830
790
191
846
452
292
1222
55
1351
1152
26
1748
1263
1587
1009
1105
458
1772
1088
242
1817
108
238
1018
1680
577
325
1599
1684
182
42
817
404
1312
1440
464
1186
160
769
83
1678
587
946
183
982
1036
1676
23
1125
611
77
1107
1573
389
526
1306
1734
521
1341
367
581
760
1364
177
1558
1960
1613
422
636
829
1436
1575
952
1420
1663
140
1794
1115
1786
1376
675
134
1303
505
883
479
928
237
840
492
1524
1647
263
1166
685
1005
1140
7
1562
797
151
1190
1360
200
1673
825
339
1659
1325
1478
246
1016
1309
90
1805
131
864
981
1533
1638
438
145
1149
175
267
1788
756
17
1194
218
1877
1038
1339
1270
357
640
1885
1679
1519
1024
180
53
1839
1413
24
1585
912
1454
821
996
1074
1028
1242
1013
1689
753
88
805
1579
622
902
1182
934
1469
657
759
407
1494
1157
1584
1858
1025
1284
1556
1109
796
1969
1726
1252
681
1957
726
1435
822
781
1424
557
1779
1231
1932
1699
326
107
80
1273
460
269
483
1994
1488
1391
350
767
1153
305
1965
69
1860
1732
1174
1549
96
1919
1096
1348
1883
1905
1718
943
1266
1189
1226
113
1456
206
898
663
75
1225
419
1265
819
976
1935
208
1615
1552
340
595
523
861
1163
294
1717
146
1043
844
1384
1021
1061
1359
1383
1283
1588
1548
1527
1528
1944
423
522
871
1844
1215
1099
1212
670
613
1380
1104
178
1543
645
190
392
1714
193
1620
1628
786
1572
1988
128
1834
1127
158
366
255
917
156
1512
538
1812
1948
1940
719
735
1453
1530
1866
588
773
1852
623
1670
591
1731
139
678
1006
1066
567
551
1820
1019
1567
1702
1920
1227
1956
1561
524
900
1724
1537
147
8
880
1708
1151
988
1947
619
1208
1583
558
257
1302
429
379
348
905
1335
1506
755
1017
1799
754
1204
170
290
937
729
1472
514
851
816
1461
1132
1879
1187
548
1698
906
1721
1767
527
189
798
1983
1256
385
1769
304
651
415
539
1545
1826
212
436
1720
353
843
103
1326
1268
848
397
1534
958
1247
1170
1045
500
1607
306
421
1437
94
1080
566
738
618
171
1639
899
210
875
503
1923
1193
1358
1964
143
1444
251
445
1445
1765
272
801
889
780
1841
1319
1514
21
1895
1409
1596
1560
1978
1774
1635
573
1881
1770
674
1089
127
1662
648
599
1466
1371
1922
1621
1800
908
281
659
1496
1389
5
1810
1495
1931
1838
737
172
501
1986
704
1606
800
324
510
202
607
470
1264
1417
1274
1804
1595
922
311
1671
807
1570
1422
799
1737
571
699
1608
401
93
1081
1282
356
671
1405
978
590
1029
530
1467
1399
665
872
811
213
1955
1201
858
1789
1875
411
476
1631
572
184
1701
56
1713
1736
1103
245
1646
1387
731
474
589
384
919
1831
610
63
1141
1199
1154
233
1696
836
1766
1979
1279
296
1198
390
903
878
1753
897
1648
1938
1520
1394
1015
1813
1322
1581
949
766
920
1425
240
630
1288
1037
289
1480
578
710
1593
276
1000
84
857
520
211
783
488
1806
1082
856
472
1118
925
262
894
1505
692
142
703
727
1197
1958
642
1113
606
1044
482
358
1840
319
1862
966
1329
1939
1047
406
995
1008
365
331
1544
1429
431
275
1097
529
849
1093
702
979
850
1102
1470
868
1375
354
1027
1568
1291
1414
1501
950
1300
414
1555
1410
999
1589
1759
1280
1733
953
1815
1697
1757
374
426
1917
1110
1916
714
321
15
1611
1269
1954
914
166
1660
1674
706
1012
462
784
1244
717
942
1087
1452
1509
1827
597
428
386
916
580
1286
1652
972
725
1913
1515
1973
157
1356
100
687
1438
1433
1872
349
1945
951
359
666
1070
947
1323
1723
518
1751
284
1031
1682
774
757
511
944
612
1755
959
608
39
1742
1054
1392
97
1220
1168
1776
1775
231
455
477
1307
489
334
1959
162
114
1415
1192
1181
1101
1396
1531
1253
1722
226
271
1540
44
957
870
1040
1344
1164
86
504
1427
301
1630
25
