1344
305
519
93
1639
1446
1587
108
183
727
856
1929
1488
1901
887
1704
1384
1074
1851
1367
1945
951
1949
1393
212
275
1698
1236
272
445
793
1291
1816
77
1774
996
1560
1600
1337
821
1315
1637
1297
623
1623
81
1149
664
1786
1496
827
925
271
1866
587
735
248
300
1820
605
968
1839
971
348
1700
577
780
1696
849
122
132
352
1561
1474
444
897
1137
1364
815
998
513
242
1152
277
310
1588
1134
1239
1477
588
693
1585
1651
877
387
713
1860
115
1416
1622
1444
80
1267
955
1894
819
1398
370
294
733
1355
318
1143
559
806
1913
1813
739
92
1768
1917
477
1254
1077
1843
1577
1557
424
1685
1457
1796
737
280
1195
913
264
288
560
156
1803
558
1998
376
289
1155
1080
532
986
476
1709
964
508
924
197
740
1689
599
298
393
1410
412
578
377
1992
749
79
528
725
1061
1658
824
1986
33
1426
1374
1755
765
1629
1983
1941
1227
639
1531
1358
1871
1101
1864
1479
14
568
1375
1447
808
1973
669
1287
6
1466
1761
389
