1801
1506
560
1935
1326
1493
339
952
1853
1718
1545
290
1651
598
780
1269
98
1090
397
1235
828
347
34
1878
1342
1391
1303
257
984
1630
342
1315
1722
202
1719
765
864
1993
1494
441
217
316
1885
343
1140
1520
122
1562
842
596
1294
1911
1221
341
1308
526
1604
1125
923
1990
1267
1395
773
1316
1077
1096
968
568
1285
1969
1572
1113
1644
385
672
1200
309
498
760
619
634
295
1048
1689
537
106
57
1054
884
484
939
200
1194
1307
1946
551
1325
12
1074
1336
402
624
873
866
1010
1412
1830
722
471
1602
143
534
1483
1629
617
1725
1479
1400
1489
1420
433
1422
1175
281
1394
253
1030
1433
1970
458
454
888
772
1353
1313
1469
1837
223
296
838
739
740
283
431
1014
581
894
211
701
580
1043
1788
1671
1740
1139
972
45
1686
86
741
1259
720
1305
1847
195
1356
405
656
1006
1793
1118
1302
327
728
1388
1070
1219
1980
4
781
1220
90
1179
1777
28
1446
1910
959
1271
603
1215
1295
1499
173
49
1180
652
265
1825
2
813
865
1193
1758
463
1368
428
585
7
1266
137
622
505
1549
1538
1656
248
872
1217
1456
522
320
464
595
850
203
1023
185
891
114
1907
935
1484
1870
1401
924
679
693
1413
1513
1272
192
827
235
1690
752
1214
371
226
606
1250
447
991
1115
1262
789
171
1183
899
1477
870
766
1974
1369
885
794
703
1416
844
102
1256
1301
969
1254
1273
1415
1826
1404
284
401
1376
660
259
1143
1314
1318
1050
1526
486
787
1864
503
280
1137
730
718
1110
1306
1849
1695
493
542
516
1583
1834
1955
706
1868
895
1713
514
417
1785
1650
1540
1841
3
361
19
1807
1822
876
1380
1614
438
300
879
1332
747
449
951
1392
1893
822
1104
1723
1299
664
1496
288
1576
1189
193
750
1228
1398
1620
324
771
293
1828
579
1026
855
1091
1
859
1854
1451
871
196
1749
1543
662
921
1188
157
63
1964
14
1648
44
1842
1738
391
1518
130
350
1649
1592
1812
382
1344
301
189
1032
111
1879
1167
729
754
1135
1440
151
1119
399
1642
1184
85
1225
1528
239
1773
1044
1035
1694
215
814
709
1710
958
1298
1537
786
1808
118
593
861
811
908
93
1067
1041
742
700
989
1821
1860
22
1703
376
480
1173
1997
1956
931
685
878
714
1034
511
1482
1025
880
1253
218
1819
559
785
860
817
1257
857
890
869
1203
451
628
867
410
1088
994
1127
974
1076
1372
1927
1774
1746
1397
1896
238
1089
846
170
1503
380
1049
1948
1872
928
1144
1163
1831
141
816
1855
914
1148
240
142
518
1884
353
1150
1471
782
1900
1752
1199
