1372
1929
370
660
1811
1784
1771
1939
1876
1230
1650
435
1796
1957
329
1609
1602
827
552
751
695
1224
1717
109
1886
1793
790
1303
1226
1097
1611
1299
774
730
1189
110
55
17
199
1013
298
1335
1727
1364
1065
1043
449
1076
622
160
607
1843
269
574
153
786
506
1913
602
1362
1274
712
1804
1689
996
843
32
343
1710
545
74
579
875
1878
576
632
900
1658
541
1874
1216
450
1145
268
596
633
521
361
1250
1563
69
1586
1160
409
1739
482
1277
1657
508
254
129
767
111
21
820
847
114
1297
577
333
1927
1468
872
1560
1384
1601
455
962
283
1604
1512
1091
1287
799
1745
1844
397
517
1073
1478
815
725
989
242
1552
1665
839
131
759
375
81
186
594
224
72
1737
1382
684
1116
1531
505
1524
654
1790
562
1979
1465
314
1833
1978
1479
1648
1872
1253
26
116
1251
1582
588
57
1644
1997
785
248
1057
1368
1218
1169
1729
591
1738
1429
303
67
175
60
532
8
1352
704
816
1427
155
214
431
858
852
1705
595
1912
539
307
1448
398
207
1397
667
413
1148
1654
320
477
1959
1437
371
1834
1232
96
310
934
382
1417
1419
452
1124
156
939
1211
23
430
1074
1182
665
1640
1282
497
104
810
587
1138
678
164
191
1315
1813
374
1662
902
912
748
331
1092
889
1742
778
1923
892
948
1676
821
736
1613
345
1827
1731
808
592
1024
1036
1288
470
1752
350
530
483
1540
1486
1706
1730
1504
1630
1877
1522
1627
1106
1928
1933
904
880
1473
1674
480
1956
1548
1860
1894
103
1261
141
403
605
1075
1766
492
1003
1670
1301
554
1628
1951
507
1588
899
1294
1583
749
1938
1423
1125
723
1686
741
127
682
1363
1724
1214
183
1273
1953
180
560
1193
1183
1286
755
1302
504
618
1042
1513
732
1900
94
1589
960
531
1980
211
336
461
1059
334
550
61
326
738
63
859
230
991
1996
1188
1973
1743
679
147
1196
1859
1083
1233
1096
1545
231
589
864
1178
1879
781
294
1424
1014
499
927
1460
817
690
623
1720
1907
905
798
1787
101
1820
1152
1197
385
46
538
35
745
1502
700
1866
1361
1922
1684
1632
240
426
1825
1985
1631
1525
1475
1529
1204
1163
1629
1591
743
522
688
719
137
1235
1295
1005
36
762
641
1963
1863
485
1040
1454
1932
1298
1133
290
1584
873
515
1068
1646
404
1159
980
99
1673
148
1220
1890
1636
1358
454
1556
319
423
661
1304
914
1394
1770
765
1622
526
14
1786
1800
1410
1812
165
1782
1310
1499
1971
378
313
1272
212
355
805
259
274
330
1666
857
970
352
609
1215
883
411
1022
941
312
68
349
