191
1518
1526
321
1700
1115
26
1467
366
1364
1341
1422
457
33
1462
333
46
1580
1512
392
194
138
762
1509
1779
1214
63
623
1506
108
509
1359
1812
1788
1427
718
681
1384
1659
712
1838
22
985
798
1474
1962
1360
607
1575
1635
417
967
1330
75
1175
729
80
640
510
1025
1629
1940
1134
308
1594
891
1347
1358
407
1979
1124
1732
843
405
1545
165
357
1780
1658
1453
1664
1703
105
1162
745
980
1719
161
1388
481
986
495
547
245
1243
41
311
1934
49
254
221
715
1164
386
1645
1849
829
1646
50
870
1568
1111
1180
111
1569
1339
1208
275
370
1340
651
581
1047
47
1141
1550
397
169
1200
1520
1528
156
1488
1094
66
1885
1390
1738
1371
1829
78
1539
399
1438
535
1733
1695
282
555
679
890
235
546
687
1163
1623
1443
477
597
121
978
239
1199
1186
1327
1946
1197
1759
748
1511
782
1910
590
618
1546
1476
464
1894
1680
408
1596
303
381
58
345
1874
887
159
853
1114
258
1041
347
548
1369
742
1508
540
1440
1637
1278
737
1857
11
842
974
1216
1737
1810
1183
1606
283
1881
224
1814
1630
1882
236
760
1805
43
1
1239
1505
1590
1866
1074
1178
1907
1663
768
219
928
432
1660
901
453
1320
369
779
1571
355
765
562
596
1267
62
1872
452
210
1919
1861
144
146
1702
90
1699
1888
1634
1447
606
1892
1860
706
372
1844
553
1367
1800
830
1052
142
1744
639
678
516
1615
725
1093
99
1260
1692
1835
582
14
7
1497
1150
147
940
1379
91
1856
1010
1709
445
908
736
272
884
991
806
1610
1258
1633
1641
24
1536
1677
536
356
414
905
882
1009
577
1441
209
993
1953
507
1236
1072
206
775
962
1992
1410
31
1784
1964
378
330
521
1922
1153
973
946
1796
680
1206
1694
1156
1895
1222
573
917
1302
106
48
1147
641
772
968
133
1224
1196
1166
774
1486
38
1049
965
1562
1056
1091
351
1912
1804
502
158
444
1401
1380
650
373
290
659
1484
1726
1283
1990
1676
1771
10
713
1911
1572
1747
1450
1969
1801
84
990
1434
1871
631
942
326
869
60
1845
230
485
656
103
87
1191
766
1831
888
554
1868
380
1100
883
632
633
975
528
628
784
529
1817
873
97
1325
794
589
1556
966
567
717
175
387
1101
56
376
1020
1335
296
328
431
1116
880
648
666
1989
1195
1565
244
1561
876
913
422
442
184
1722
909
314
1318
1491
1190
789
1582
1090
594
1470
796
425
671
1169
786
1584
1286
645
446
1665
198
368
1787
649
246
1976
340
539
1478
435
1194
1282
497
384
1499
938
1504
1601
44
1786
1280
1682
1710
1527
1636
600
927
773
1552
248
1409
1126
61
919
1585
324
32
795
1960
914
40
863
595
580
1001
1834
790
1628
1373
1117
190
284
257
1681
3
1495
611
1535
276
448
945
532
128
1714
646
1119
996
894
1189
1632
1837
1026
1963
1864
1067
1958
685
13
1232
1815
992
977
1439
419
344
180
490
839
1263
605
461
187
35
617
1532
844
1246
1005
1426
484
727
312
240
215
263
867
1392
1855
1103
1466
676
1516
832
67
1228
34
29
923
1351
1560
1863
840
937
329
152
1305
629
433
1994
886
568
64
1016
1146
620
1289
1748
1192
313
1102
487
1106
733
865
1383
1140
531
625
1445
1245
575
304
1951
771
1087
738
1785
707
1251
824
1292
1259
943
1998
1751
322
825
1138
1187
37
1559
94
186
1269
755
404
615
242
5
113
1616
365
921
1298
925
1493
583
1391
669
1048
19
1717
277
1121
944
1473
1211
1479
1931
1065
39
1798
781
1024
950
201
1918
69
896
1739
1498
1456
1725
1023
730
758
1823
423
1715
1329
415
482
1414
661
1952
229
228
1984
1060
30
493
1808
1247
732
1463
130
208
1271
79
1567
791
1579
238
424
826
1799
769
412
466
719
643
447
82
1652
1336
804
132
1275
289
868
1213
335
702
1104
129
173
1270
95
1212
710
1313
1143
1781
1836
1354
1901
1688
1948
624
1767
1446
115
759
1076
1553
1174
519
1649
1294
1130
1006
1613
1754
88
818
1412
1650
1082
1125
1071
125
181
72
1070
6
23
999
1036
783
315
1621
223
462
902
904
135
964
401
441
488
1137
1950
1566
1803
1182
8
1564
1350
413
77
545
124
1514
170
1841
1059
756
698
1501
1704
1032
1419
1448
375
1666
836
358
1382
918
1862
1148
989
557
691
470
1080
1132
752
336
1522
558
1064
1752
1624
1930
552
1073
1201
862
1961
1935
416
972
110
1030
1261
879
1782
1322
955
385
1157
354
164
952
9
1916
196
709
859
841
514
1886
1257
935
1642
763
1172
1729
458
1640
17
18
954
489
1459
1651
1337
850
740
1051
1897
1828
592
93
155
122
1542
1540
1827
1492
1022
1423
1151
1898
1708
1712
220
885
663
1792
822
1890
1543
1342
107
1083
1234
1674
302
1395
1366
1755
1482
1822
112
1055
1850
961
1683
924
1069
1832
1793
176
1513
226
1757
1853
1705
677
81
343
549
1088
451
723
1533
1108
436
1605
1324
1687
1444
1843
253
1574
483
1670
1716
42
893
1139
1469
350
1999
76
953
881
815
145
1956
418
1928
1920
827
574
534
149
4
249
1955
233
1279
612
237
1168
778
551
652
872
98
1721
1974
1675
636
300
1227
714
398
20
1098
