1943
1309
44
1886
1747
592
1032
503
1268
86
602
1727
339
1954
1353
1239
1462
443
1067
1307
1322
833
346
181
1205
664
502
408
1441
352
516
482
1591
33
1224
1354
1824
400
1274
648
1541
560
1031
1290
1379
1625
1608
363
747
116
1753
472
1186
1467
1806
467
1415
1565
1759
256
983
1279
1718
1560
659
1661
1804
1923
166
1163
757
1882
114
1700
1092
1425
1319
1438
1131
726
92
16
1887
1463
1448
545
890
1756
1528
934
309
1663
483
1834
433
1788
1010
1833
1049
331
715
1187
1912
1616
741
1896
930
75
1713
937
693
207
555
1228
1082
532
319
489
1399
452
497
1112
1857
115
568
335
902
293
394
1002
65
1042
1079
644
1592
1819
537
1519
740
465
1141
787
1246
1244
306
1647
1482
543
387
1099
1765
759
463
112
1311
24
1574
151
1028
1195
494
10
1221
31
79
1421
1710
332
619
1735
940
1598
907
350
401
1206
1213
1397
1825
1272
533
72
178
1628
233
1281
1336
1313
899
1772
1821
866
829
906
360
315
37
778
420
1080
1985
1810
381
1897
1503
1613
1590
1388
957
1013
1987
444
403
1656
8
40
999
284
1016
1775
1808
1259
1907
1117
501
1069
239
275
754
1050
828
1328
1293
495
608
923
1436
1406
842
1633
220
93
844
1498
221
1124
30
177
421
1890
762
289
57
584
1295
1118
247
767
1168
708
1398
1083
1355
1898
541
515
29
464
784
1664
1427
1021
1017
1492
893
945
665
525
359
1639
724
896
250
585
1554
1439
990
556
53
1848
269
1901
1434
1382
1580
1903
1595
440
580
763
210
25
1265
1719
1369
803
1030
1860
716
1458
226
1095
942
627
1766
389
993
1561
811
1179
1763
1817
1644
1138
936
677
1642
1233
625
1489
439
1456
591
1807
570
518
273
1880
280
1208
575
1641
1022
1973
1770
150
1070
1526
678
283
613
1986
259
320
435
43
1106
1041
414
901
1761
921
1287
1725
127
448
398
822
604
1139
1583
437
1025
1007
563
798
1780
572
1827
1996
1988
470
869
1910
1584
549
616
1605
1708
1536
1078
1076
187
521
142
706
1317
367
102
1895
805
1704
22
238
877
185
1475
559
1875
1280
588
985
176
680
1412
355
587
390
1952
566
1586
956
504
1928
512
883
971
329
1803
1945
968
1963
194
694
1146
1917
59
1444
980
1602
1662
1596
939
1433
723
1250
152
1673
714
1731
738
1326
1110
5
261
362
357
1440
1401
1791
96
1361
407
944
1829
1597
1432
137
9
1652
595
429
1582
1260
406
1627
1837
1455
770
1789
1298
442
538
873
1539
679
158
1552
686
1935
163
1172
1578
1121
395
477
1128
1339
1516
99
