803
935
1041
594
1076
623
592
1959
314
1337
1556
1502
1317
1548
526
954
1126
619
718
434
741
1841
668
1834
541
188
267
589
955
1854
615
1578
185
711
484
1615
1494
1856
173
1725
1377
1531
881
1506
811
794
1629
884
1324
247
1670
858
996
1511
643
55
45
571
617
186
1792
502
487
1367
1624
901
1991
1646
1306
433
1145
1065
1996
1790
1942
618
460
166
733
512
48
1862
74
550
737
568
667
1016
1011
15
1619
572
622
826
198
1232
644
1968
1025
1342
102
214
16
1675
1836
1089
89
1829
609
673
142
563
779
804
649
1915
1844
505
1847
1093
153
707
1482
533
1873
1080
1929
223
1387
709
1054
224
1311
876
189
149
1503
1004
1107
334
1433
1553
1585
1274
678
183
867
1316
391
703
1978
995
1819
815
756
777
1233
127
1269
1046
1275
834
1489
1853
1845
1199
859
259
1941
1083
253
1637
1296
1351
465
412
1445
908
797
965
586
1492
1221
1894
1904
20
1067
148
814
860
1029
1715
97
232
330
1253
1257
1770
1466
1020
749
1523
111
588
1411
117
1982
274
1360
1222
1193
385
1697
133
770
413
7
500
687
1851
559
1175
248
1802
1446
886
1139
155
1383
903
312
635
1951
263
1582
1272
641
1635
1522
1893
963
735
1328
1426
1023
713
1887
1886
230
291
284
1705
716
675
388
337
1831
414
736
621
1229
229
100
258
1800
1451
1090
1932
552
1144
1993
490
439
1709
300
1547
726
1228
72
836
839
1925
740
121
766
1255
1908
10
925
882
1381
6
1902
140
1605
1248
222
1879
1159
137
1728
558
1318
417
1899
1693
1914
1661
236
800
1555
1429
227
1469
33
151
1152
488
720
390
1948
1212
863
1121
1184
1832
1116
1205
1359
1493
285
1786
452
1857
416
1779
561
1812
1606
958
1252
1336
967
1420
1365
873
843
492
1963
1796
1408
1218
1678
200
1213
530
181
1673
1131
1960
921
1095
1014
538
14
813
1906
159
890
844
1949
1444
1920
1811
1740
1441
524
679
329
514
1286
1478
503
1484
1953
114
602
1031
9
1270
1888
1793
1756
1897
985
1163
1150
1358
1176
1669
1070
543
361
394
1260
306
1320
1501
446
1944
154
1027
897
504
1525
977
294
1707
1443
918
1188
1078
282
1827
753
1848
578
1475
1236
1246
910
885
698
358
743
1465
81
889
1867
1496
90
1647
840
669
1395
613
296
389
1540
1005
467
1091
241
1515
1985
1536
1600
1667
1092
510
1625
344
781
583
1299
714
441
22
1488
301
1108
1332
605
43
1636
1483
1513
1079
1922
235
272
880
1334
1335
1055
1140
776
1808
251
82
69
913
1905
0
381
1032
406
73
1778
1876
1658
1998
1589
833
1227
1312
1977
1189
1030
1656
264
1875
1432
899
930
1609
187
778
883
150
66
835
574
1837
1558
1378
1197
1990
1056
428
254
1562
542
1572
283
1487
1425
1075
565
1211
238
1524
194
1440
65
636
1096
1007
1298
1826
1368
478
693
1129
1973
719
1947
632
496
1460
287
593
656
599
1043
1235
353
349
435
1333
1050
823
1399
1362
1402
610
1127
940
562
1047
553
1459
926
24
219
8
1185
1077
1926
168
1798
1061
686
812
1261
1594
1579
276
352
1059
1331
1180
1422
545
119
1833
754
646
1643
1724
1026
957
18
1259
1120
1247
997
1322
1760
993
325
818
1038
1751
132
1147
508
19
536
614
1442
581
1305
1373
1872
1680
95
1086
758
991
480
663
1645
828
938
1794
1151
1750
112
237
761
554
906
1830
1169
1512
372
853
1284
1136
637
1526
1943
1592
1955
1329
430
983
1473
1112
1052
1008
1611
209
60
782
1726
228
1694
21
1859
482
1885
335
1497
1203
1294
942
1903
575
842
1551
57
992
1271
34
1674
788
591
459
861
1200
1330
1972
717
1072
732
1142
551
1561
852
1755
1598
1766
1454
577
576
1302
721
1509
1662
297
1045
1863
1759
499
1530
1346
1576
2
1957
1300
1861
1219
1132
1541
1036
1878
1463
1301
421
92
123
1074
461
1936
1682
162
160
256
1183
1864
1580
511
210
120
468
1671
206
665
1173
1146
327
1742
956
1642
476
364
923
912
1172
313
724
1350
1137
1039
946
874
1273
1064
58
962
854
634
1923
1775
1686
59
273
93
1764
1763
763
1737
981
252
817
1780
1644
1621
1583
47
169
1804
1571
1601
1325
1134
1424
1799
205
727
1326
1477
432
1128
26
608
1563
1733
1468
1685
734
655
147
598
1276
359
1437
171
401
1048
964
757
1721
91
470
1400
557
1765
1388
595
767
1215
1852
442
402
1638
1015
1971
1467
1499
1084
407
846
1719
269
631
747
1937
249
730
332
1003
785
723
1677
1226
1191
138
1688
278
1243
1498
950
862
1626
1622
1913
242
692
1543
849
1138
920
695
904
1704
750
796
579
517
1167
789
246
1198
1810
628
1423
1310
1201
1081
1149
415
1560
1
1106
1869
475
650
879
1620
1001
531
201
134
1042
1390
31
398
1262
375
534
1338
279
1453
1550
953
978
819
658
400
1679
850
624
801
1464
411
1714
52
1214
1034
116
1835
343
404
1277
1617
226
1838
1538
751
1537
1283
357
1918
976
1554
1369
705
1634
651
1901
1639
1994
83
393
1251
1157
202
318
1057
1813
600
139
216
528
1403
539
1839
108
671
113
225
775
752
1404
760
520
790
1123
1323
1223
1097
1988
1773
1912
103
1254
959
