489
162
1168
1907
669
1055
1231
114
213
1106
606
1282
655
1265
1547
1957
1361
1039
1145
945
729
374
397
654
860
363
553
270
599
1390
944
1085
253
1961
1292
435
1561
1763
1146
293
1588
1514
870
487
745
1697
1302
1406
1190
699
1348
1462
1663
504
539
1834
127
578
1411
561
1977
1779
954
1018
84
1591
512
550
555
490
969
1409
141
277
1043
1178
998
1983
444
158
189
1113
1092
1218
736
617
224
255
227
309
563
600
1444
822
1602
522
1603
1576
1910
1695
1156
1712
972
50
1729
368
1817
1765
362
1347
131
847
1505
1464
414
1424
1149
1665
898
498
1201
409
351
1394
970
1420
1100
1388
542
993
1034
1379
1006
1251
1557
1865
1069
1412
1621
1002
1708
473
1120
1963
387
933
833
1535
1676
780
1823
1673
1288
1081
1991
734
1335
1722
218
225
1627
829
292
1139
199
681
1314
1940
308
1570
905
357
21
1317
1030
564
183
180
496
341
623
594
1609
1090
1142
1131
586
1408
1474
73
1986
517
720
1047
1054
1545
1899
335
1857
984
39
1029
65
1192
1606
1084
209
1951
776
851
1122
571
687
1068
1352
1806
403
272
1266
547
377
918
1410
259
965
1195
1356
1666
1171
1366
698
116
1121
95
1618
1507
237
1815
1647
1725
211
236
1161
506
978
1990
811
1442
479
1995
43
1985
266
90
521
784
1894
1175
1438
1326
1518
353
959
369
1984
1624
1822
1293
1466
1632
230
601
767
685
501
977
1816
1217
1594
1757
328
428
1393
1403
1189
1705
1400
1559
641
22
983
1555
1831
1469
1072
155
703
1330
279
1925
1181
1948
1533
415
157
515
1423
94
370
957
632
850
1952
1782
1929
1819
974
863
1079
1486
788
1976
1605
1739
562
1323
1455
877
747
558
1041
634
1660
72
461
54
1404
1567
1515
897
1153
1611
1203
1971
1638
1574
455
334
1581
1117
348
257
966
1987
1652
1572
1357
360
1350
527
1457
1791
610
904
1315
1017
1255
1470
1187
380
1967
241
284
1921
955
1775
294
946
1219
658
1344
1033
1669
1299
126
1881
274
1174
1407
1582
556
1988
1918
1374
1233
879
986
1849
1373
1735
1832
220
1674
1037
968
495
1141
1239
1232
1724
172
1476
832
23
1868
1214
1626
989
584
1979
34
1681
664
769
1367
480
342
1761
912
4
676
1828
1279
1167
1646
1180
1506
845
1648
202
1093
1989
319
121
1962
967
1136
794
1704
1281
1871
997
1620
1112
775
1392
618
407
456
1258
1573
99
356
689
1207
1798
1944
975
532
1906
627
1882
446
1477
1734
1838
1622
66
1841
764
194
1529
1378
7
474
1082
1801
1915
1013
419
1157
1454
1685
648
1452
587
205
77
926
1716
