1441
1273
1743
1075
631
1896
637
274
248
121
1595
440
348
1274
528
948
529
644
1978
1653
341
1112
1602
1414
82
74
1364
622
575
1242
1082
99
1432
235
1753
1248
1340
626
893
1184
577
432
1886
566
1402
1557
1979
592
87
717
1605
280
78
1840
732
877
1021
1277
1134
109
1893
816
358
421
679
351
1983
1032
782
1388
802
1904
1646
201
1903
504
1734
452
487
1744
473
927
633
830
151
437
1208
1522
1940
1087
822
32
209
193
1400
929
197
1055
1309
1225
1998
701
48
501
1845
1438
460
1785
967
619
1584
1467
255
357
313
353
1469
809
1190
1284
1558
1167
659
1124
105
1457
1479
1356
1106
257
924
6
423
547
1084
744
1680
305
1866
1419
174
101
580
1713
859
1070
1741
19
56
610
1501
161
1429
104
429
1677
1539
1594
1486
810
586
1399
1951
1054
1466
695
654
1580
841
947
1795
595
1090
1819
660
1577
1019
646
875
1638
314
840
1590
1636
1452
1243
629
1714
1832
1323
499
11
579
1052
75
1930
1403
1540
271
1825
