195
778
1117
910
844
1077
1953
1888
1891
1434
1491
194
1519
580
192
827
756
1653
854
1916
1778
1550
871
362
987
539
232
210
739
239
1156
68
1980
1394
1507
90
1227
607
217
1830
397
436
785
692
514
1945
163
235
1325
1129
19
1844
1918
1136
913
727
206
1323
1858
1033
1188
740
1313
1669
1348
200
359
1709
485
1557
920
1134
1312
1654
1766
1267
1387
980
559
1666
33
1376
1985
1547
1104
1932
22
350
326
79
1035
30
1503
966
1293
269
1224
1592
1999
1820
44
606
317
1353
683
1146
1215
760
515
684
544
160
1317
91
585
1688
1114
1903
1583
212
156
604
1763
597
679
1020
1926
130
461
1441
1919
1180
245
791
1488
1610
1276
781
1650
1994
1890
1400
1386
1082
1031
1759
1841
821
1897
711
174
1855
1689
208
1229
609
1703
1715
1055
384
627
32
672
1208
1684
1925
186
1791
1821
1273
67
135
43
321
1769
1870
880
1554
345
1321
1254
49
280
1873
1960
415
207
1294
1329
1555
1417
1351
1024
896
1187
1474
1204
1624
1405
1810
52
742
804
202
1318
1940
16
303
926
378
313
1272
5
1860
1360
1823
1716
965
1808
1501
1166
964
1609
70
1469
867
924
1749
1936
1069
154
1068
87
992
236
553
839
137
1635
1710
1615
518
391
617
565
1852
934
508
81
1239
786
948
1186
375
530
1502
450
1063
747
1135
568
1755
457
522
1942
915
1230
86
763
994
1202
1816
1397
1452
823
108
782
1535
1194
1339
24
1673
1956
1047
1022
659
1052
860
410
1382
1492
1349
1457
1177
859
170
473
1727
1116
1741
629
443
1598
446
402
1296
441
97
968
1261
837
1168
220
928
1482
96
758
1124
1355
618
1289
1014
1002
1573
1311
1725
1728
1269
289
1849
787
1687
180
1190
633
1806
831
421
1805
23
1421
780
393
1581
201
1396
753
932
909
329
1326
1103
1499
1319
1285
1214
939
694
834
899
691
233
285
1045
1773
164
1621
101
394
958
1340
946
1165
1509
1834
1947
1308
1426
1988
1279
866
1662
531
121
1245
1802
1883
262
92
1900
853
354
1248
401
157
1451
1944
551
1686
1585
263
268
1320
1169
1922
399
1151
1328
1721
237
342
843
1006
150
133
1826
1602
1459
762
203
907
1331
1989
643
348
1563
1981
458
358
933
681
1636
1456
1601
598
114
431
998
943
700
814
1050
560
1423
513
1520
873
1416
1931
1181
1589
1029
1984
891
55
417
1476
366
630
406
1561
249
947
1508
642
427
1642
1011
1671
1496
865
426
1266
1720
1780
735
1253
1629
1170
465
960
1505
1910
1259
356
752
1217
1366
841
716
1794
1195
961
1522
1109
1746
1064
116
1030
1708
168
536
660
1026
748
1559
902
1097
1246
1399
749
894
796
528
197
325
1226
433
400
323
1430
1280
1478
858
1571
1237
266
1139
2
1143
1427
382
912
724
71
490
416
31
1681
1706
1901
456
1183
1920
582
1391
1460
602
487
298
717
1724
509
469
411
1704
1410
621
812
730
1356
209
320
462
628
1701
199
978
997
229
1973
1123
543
822
876
408
297
634
1680
988
892
35
653
1637
1754
274
1309
118
1958
1330
1484
719
1234
1782
1567
1054
331
575
422
1607
27
1100
1796
1785
306
145
956
1882
1618
523
372
1122
1835
1378
1543
1829
241
495
335
42
1803
1819
784
259
448
599
471
1037
1108
371
1315
1757
666
1368
65
1056
1863
710
1762
512
1719
1695
849
594
1485
520
809
294
744
1419
658
1750
1058
1908
379
1007
1756
663
463
1247
1528
1048
600
179
788
1393
227
1730
874
927
1049
542
283
1436
1879
1060
725
971
1705
911
307
1771
1041
1579
1630
1256
324
276
654
1907
261
1479
574
738
1878
1149
1640
1090
66
953
1000
1495
986
1140
1665
1868
996
308
1647
126
205
579
368
898
534
1010
1955
272
1262
733
1258
1698
886
1236
182
254
603
1299
435
973
286
1616
1209
705
1553
541
1210
1620
676
119
1032
1324
1714
1611
868
1420
537
1760
605
1106
538
1909
1822
1231
1774
275
789
386
1364
875
776
1241
1036
488
1613
1606
72
1120
301
746
772
1974
129
491
955
815
1009
881
1153
1161
1736
1440
751
801
1013
626
970
670
211
1699
1747
1795
162
302
75
432
1506
423
1933
592
1128
701
1424
649
1015
293
813
125
1545
1200
655
1552
258
770
741
1848
1515
12
1131
128
425
1865
1541
640
888
713
1292
290
1740
1359
1831
1094
1700
1921
412
569
1532
1390
1751
1661
486
1148
414
481
1362
1487
143
1928
226
1448
89
1963
1793
1789
671
673
552
641
1569
1781
529
1628
651
1538
1380
790
1731
1072
1646
1092
140
147
377
850
846
1043
833
230
1322
1608
1649
1361
1683
1004
1843
132
1274
385
1295
480
1176
695
1779
63
1112
1449
1898
405
840
872
439
273
1914
832
148
519
1034
1481
58
1938
1929
1513
1943
434
1461
284
109
1268
62
1352
1388
500
1081
667
1672
467
818
993
851
1271
1071
493
155
1132
1660
726
252
820
112
1859
387
1167
1432
1639
357
251
1493
445
1818
1497
64
407
1711
343
983
596
353
1913
794
1809
1811
1327
613
314
1222
1801
107
1530
13
120
1342
1078
1475
484
1137
25
1154
1125
1761
444
935
1243
14
1670
1827
103
1466
483
453
346
1853
288
1962
635
532
1462
1723
1193
360
1930
