1901
1526
579
952
1970
599
252
1428
1402
1759
913
1011
1859
1249
1028
19
1198
1502
669
398
527
1762
758
500
587
1485
106
173
1465
604
1719
734
167
174
473
703
101
1839
1528
1661
1432
686
1522
1722
1210
176
1520
1201
1531
949
1375
1033
846
1757
506
1524
1457
1319
542
978
992
96
885
1055
222
1695
40
1073
1718
1045
589
1603
492
340
1816
564
489
1836
1076
39
1810
198
1450
309
1049
620
679
731
499
765
1474
1872
1909
1981
1479
1663
1891
1368
856
477
907
1883
305
672
741
450
373
1506
510
94
1186
1693
868
904
887
837
619
805
240
308
1740
970
1439
71
516
1500
1568
581
663
1952
144
1856
1206
896
1650
1297
220
1370
592
1926
1795
860
10
990
1616
1819
1260
1286
294
1800
1419
1519
1443
1285
296
1605
1255
1974
1683
1158
1827
622
989
21
30
1774
1237
1440
1183
1857
400
692
204
1360
565
76
363
1047
762
1250
733
1577
102
89
1557
1679
1797
248
1341
842
999
1026
905
864
1781
1786
1636
1772
1159
1962
1559
1416
70
1828
65
1875
371
577
631
1233
1897
1623
1624
1902
98
1111
717
508
1136
1008
1034
1621
1916
1053
730
689
1676
1065
374
1174
1398
193
1335
705
1300
301
1870
443
1932
496
655
1758
538
1654
789
539
251
1417
207
1364
1765
183
335
355
1126
468
1400
1488
299
1230
1071
1131
1495
497
713
249
1570
290
1359
782
1390
1190
1025
939
1582
1307
1585
563
1705
718
322
1424
1803
1783
982
858
1675
948
380
1497
127
1586
1580
665
1187
1639
230
164
1775
1687
1629
778
1435
1425
1855
1248
1038
1347
381
1934
1165
1716
1265
1547
1733
430
1491
644
277
1083
795
306
26
233
1516
825
1660
1128
336
405
863
607
967
1560
273
295
1861
1167
1351
1956
1293
934
1690
1677
962
354
451
327
311
1876
367
1315
671
664
519
518
1037
1840
1363
1558
1980
993
938
1953
540
428
1150
262
1600
1448
813
476
1732
1283
1106
611
784
481
1138
1930
1122
1992
514
1825
543
676
827
284
1115
922
1575
1919
81
932
640
647
636
1869
1020
1752
479
99
1595
1116
1012
1887
597
1922
1503
1303
1236
821
142
1223
1760
1219
614
820
596
1101
20
1837
571
1844
1607
1438
1067
1917
260
310
215
1979
151
1977
316
109
1848
1959
1337
1247
884
1691
360
206
771
1018
1644
616
853
1831
889
238
1153
1384
1350
1270
1081
68
1551
1589
1596
1177
33
1724
558
1422
140
569
1383
1118
1727
43
125
1833
239
537
1452
1549
575
1061
899
839
1231
806
422
1997
652
691
883
1751
561
956
606
187
1121
313
410
384
1437
117
314
15
1064
969
1971
9
716
1588
680
0
1042
1156
699
763
917
553
708
419
421
1886
1863
1739
570
44
756
1507
927
1035
573
285
1729
6
347
742
1802
1850
1342
534
1779
1119
54
1960
774
841
1730
426
1232
1215
769
1610
188
804
393
1530
418
520
873
1266
1056
339
213
1511
1005
996
1380
925
112
165
163
414
1281
375
157
48
341
1951
1476
648
462
124
107
1082
132
1287
1583
279
1277
635
445
777
1387
41
361
918
372
986
453
346
91
1256
1711
976
395
900
1330
1697
1684
1194
876
1983
1637
219
1808
1898
1525
1338
584
397
90
1645
1344
1290
1703
1445
1587
1408
924
854
1328
1725
1994
37
627
743
545
1615
223
1276
1069
702
1104
227
512
1764
1487
1924
1838
1173
551
1299
329
760
633
351
1464
1447
1806
126
1057
1912
488
1935
726
1792
1200
1943
307
1884
408
1931
1163
586
1403
1710
1649
1275
1391
1539
980
1388
353
1847
715
1178
515
120
1514
302
472
1100
797
1389
463
847
364
547
1431
894
1271
293
1023
1176
867
1433
1812
1217
881
282
1314
368
1454
378
1367
1664
1480
1321
1369
568
1712
1692
559
171
751
129
1292
1550
394
788
732
1680
1185
1946
1987
401
460
439
1720
214
1407
723
1254
1868
85
1213
1914
2
137
1954
276
456
461
38
693
902
1576
1015
138
467
1873
1578
1634
1750
432
1655
678
1908
1348
501
326
86
210
1029
1099
1349
668
36
369
1086
1169
1841
1653
943
1738
482
815
1949
25
1801
1366
1793
936
170
1386
1704
1139
1143
945
1925
1556
1089
1880
444
13
507
526
1788
843
1597
131
685
1972
1374
828
1565
1377
350
824
387
1737
119
910
412
87
1818
181
1220
344
1714
184
324
823
1771
1501
1754
1184
1707
749
1736
524
1140
148
1204
134
1423
1137
315
988
1871
1862
1985
245
1642
674
882
235
1027
304
1630
1041
1095
1427
709
1196
1145
480
1415
388
67
1192
738
58
687
1999
661
182
143
808
1894
487
1079
1309
759
780
266
747
1826
440
525
149
517
953
779
1518
983
1965
1846
399
1701
1343
60
1640
338
209
1385
832
1993
657
1326
1268
466
1540
719
486
1773
1278
292
261
1039
1821
442
1681
946
1396
1414
895
744
1472
975
667
1378
1564
446
1694
312
1394
1468
750
888
844
237
994
429
673
1077
1852
1865
1950
159
366
1496
775
871
1108
787
1332
1224
147
265
224
957
158
728
1666
833
320
172
1060
352
1572
1552
803
1939
100
348
136
1890
711
64
156
31
5
630
1393
971
195
1794
826
196
1399
166
1466
849
1566
1900
997
1226
349
1554
903
1770
