1190
1395
24
917
368
1822
671
2
1071
1699
1896
916
1974
329
642
1176
933
1406
95
814
637
1008
1556
699
1534
1496
1200
954
1016
1162
1096
1029
399
1423
705
1090
1621
1647
206
353
1969
980
437
732
561
1541
470
159
1323
39
1476
34
898
306
401
1615
562
152
1675
9
194
769
18
1797
1099
1827
468
1855
1463
1985
541
1069
1411
1709
1014
424
1836
1651
678
1560
1934
1191
379
761
64
1298
212
372
1894
676
281
312
1701
1768
885
743
1296
1629
1396
806
1009
1128
981
1089
1804
127
908
547
1547
1487
1500
499
1491
77
700
986
1347
498
1038
1085
1051
740
1369
707
1037
1374
1230
517
418
349
660
679
487
745
1270
1998
79
1531
1646
755
1919
279
1783
1963
1146
1388
1609
1206
1691
680
947
1377
1214
599
1101
966
779
1503
108
1253
1608
1685
1860
294
117
1816
922
198
364
1734
271
1466
1772
774
1912
204
949
1211
1590
608
1677
1715
1868
105
140
1944
1485
1657
382
233
1684
628
193
102
760
1243
150
1133
1185
471
