1585
1627
1714
1418
1886
1250
1027
598
406
920
780
1622
1033
1950
1312
1489
1162
806
1041
139
476
1889
1024
596
1295
1203
931
1209
602
190
918
68
1604
1555
246
350
206
1809
662
990
1665
807
1534
1970
451
1635
1592
1496
851
1997
1769
489
1876
879
1990
1699
793
647
869
721
772
619
1914
527
244
197
1452
422
1037
1818
892
1023
652
89
1128
98
1872
1693
1981
1895
1397
661
201
1593
1934
468
1552
361
649
186
1110
151
611
902
890
1437
1873
49
1279
1692
1784
728
135
217
499
1631
1227
310
999
1126
42
593
660
1291
1165
82
600
620
735
420
192
1924
805
306
272
344
804
723
424
906
241
715
1996
144
375
663
1539
1405
1015
921
1947
336
1777
1605
423
230
1939
1419
198
697
1796
693
1737
281
514
554
1835
1803
1061
105
1057
1768
1654
927
1464
1569
1736
1786
784
1367
677
85
250
1963
428
352
911
1734
205
292
218
1602
1421
1488
488
1101
1847
1097
1241
939
747
176
133
1904
1434
1282
1668
885
391
358
408
472
1074
1388
977
766
1214
1370
1368
1586
801
1724
207
506
266
1601
924
1917
60
819
821
1190
1082
242
172
719
1908
1653
1958
1441
1848
1005
104
398
650
175
1780
1829
1879
1609
1331
1817
103
843
469
987
1999
1270
1105
107
213
568
1727
1175
785
385
1628
616
61
1863
9
278
1188
947
11
478
1221
339
578
1091
589
1183
1036
1649
790
946
579
694
831
490
812
1806
1840
1482
751
1853
39
500
125
1775
1975
797
354
1399
1172
1310
817
231
1686
452
273
1039
1231
1181
53
771
604
315
567
267
1739
592
912
1550
1772
1262
509
1174
737
1583
1044
1444
1608
741
979
12
937
614
57
43
1407
922
1935
215
1305
495
837
1086
1854
876
1547
1294
811
1083
1196
475
710
1136
718
1995
1536
538
630
73
1515
1276
1208
861
835
748
1054
1108
981
1135
1325
1844
1234
754
1814
900
1146
441
1307
1149
1967
1112
1510
1815
1066
1431
38
20
1587
1977
1652
1542
51
1378
1676
932
798
1896
99
1391
1339
1256
1142
1535
1529
1365
1030
112
534
648
1132
1427
1462
1160
1740
322
357
1920
1948
1514
1493
670
1232
1670
303
959
508
713
374
1648
1532
54
195
1342
1824
373
936
1318
852
386
212
138
1382
654
883
1938
935
1393
1505
1111
1121
1206
563
327
685
15
1117
1644
262
1954
384
492
838
436
974
1002
1651
1581
277
1899
1579
1385
259
894
1968
552
1745
1009
24
371
678
1643
1123
1677
16
1131
1506
10
887
1571
180
1470
1976
1263
348
1265
544
1031
1619
1664
1883
1322
1311
474
1230
1070
