582
1661
1067
1978
276
1498
1397
1533
187
443
1383
1523
1500
1356
990
1828
755
1413
394
709
5
410
1226
950
1421
148
1822
1004
799
818
595
1700
697
1601
1322
905
722
1452
1783
1212
629
136
1802
303
906
842
1514
93
176
500
1949
1542
1606
597
1792
812
233
1670
1764
875
1951
1845
1859
1349
1253
49
1372
98
1118
1234
52
1838
262
1543
505
706
268
1499
827
204
941
662
587
456
1403
619
1239
1222
1453
1823
1471
1143
17
1390
989
241
1422
1035
599
32
747
152
783
1497
484
1492
1389
1286
1594
475
547
117
1193
857
1052
655
497
1090
277
1940
35
1874
430
365
1271
1519
685
1346
507
1418
1857
1444
1391
999
954
1649
237
385
1642
1582
34
699
1561
1132
333
1810
1704
1135
289
528
369
273
1521
1040
1307
11
1343
177
1773
69
1816
414
1164
508
1094
1546
480
66
861
565
1476
191
201
50
711
1269
1314
1005
1888
1538
530
645
1334
297
309
1638
529
1597
651
1836
1839
1318
1071
1730
1230
1679
898
1485
876
286
