1360
1597
340
198
522
1845
1749
1937
1564
1236
917
1501
203
860
1316
1297
1561
1054
1269
923
446
1731
441
528
379
1966
1404
1283
842
1488
598
34
821
42
341
395
289
1206
1783
1391
1333
1004
886
286
50
131
391
594
725
747
412
626
1885
1032
866
733
648
109
1194
1664
140
569
731
213
1999
1288
1583
1909
169
1392
835
623
1588
1268
1520
1825
1415
641
1683
179
1904
936
283
313
254
893
1656
294
1567
1994
300
897
75
1193
583
1807
1684
1208
689
1097
1769
1512
85
1941
495
388
975
703
17
1746
1958
1645
1584
503
76
372
652
420
1857
164
1727
1254
1178
1835
942
1402
1394
192
644
1427
710
38
1881
363
1538
1481
1724
1936
138
1599
208
222
1405
1766
663
1425
1892
59
23
954
1257
1359
611
578
1528
13
1556
791
352
776
134
794
1959
167
1706
68
1389
849
568
1776
5
1828
40
846
1665
984
1367
1939
1154
1349
153
250
584
1211
202
108
278
31
381
135
621
1744
987
699
615
992
891
595
444
454
