570
113
1522
1063
1138
1171
1314
132
1198
947
358
1109
579
543
1625
573
1894
390
1288
438
1921
1539
1410
1563
56
1578
1608
489
1035
987
1556
215
1704
912
1165
602
552
115
77
1594
753
1587
713
695
557
130
1996
1678
1845
677
1486
1868
119
1296
211
320
137
1687
1142
1710
759
1822
1217
1620
1175
1480
806
981
242
451
1284
622
1350
96
1222
36
383
1401
65
164
1440
158
651
1316
1598
1425
1249
807
1847
1313
1327
620
1560
148
965
1232
1765
742
1518
218
993
1759
100
1694
335
1455
1572
27
452
1049
1925
591
1412
15
209
982
1712
1349
1983
1741
1094
571
577
1638
340
302
971
871
9
1400
152
1715
1384
829
1610
563
867
1874
45
585
1129
801
1737
1185
674
994
354
1999
655
365
1091
1494
1750
8
16
825
492
1907
1549
1066
1523
624
162
1911
98
1147
1562
298
925
1779
85
1825
282
466
1099
1078
205
222
556
1291
1855
1234
703
642
842
1082
268
1986
1180
1928
1188
1972
1424
1272
1144
613
931
54
1930
55
1836
1396
1046
1828
1922
1919
57
506
783
399
1643
1278
1022
327
1025
728
1912
1553
732
769
569
1595
149
456
370
347
1411
179
997
309
1468
659
349
901
470
67
1788
663
1357
278
1513
1191
1706
43
1635
862
122
264
547
920
1995
1407
941
1178
998
1727
153
821
498
1981
1487
316
542
1067
362
429
1203
1220
1798
1728
955
101
1064
1281
297
90
1600
76
1994
1337
1811
212
812
894
811
1378
369
1639
109
1501
541
1778
1920
381
1519
355
597
1010
975
1279
1586
740
1318
1113
1956
155
443
1301
1615
886
1114
471
287
419
628
18
938
1993
1913
918
1935
321
124
216
232
1821
1119
1482
1110
730
927
1338
575
1009
583
694
1212
775
915
1970
1820
948
1500
180
553
644
1511
721
1711
554
822
796
607
617
673
843
417
885
1967
58
678
699
827
943
777
93
560
1242
1126
1267
1446
104
833
1038
958
182
797
408
1866
1065
861
1555
1723
1367
1807
853
1485
1739
1770
1432
1202
291
206
1273
1484
1564
1592
1454
350
1358
504
1565
980
637
1878
512
352
159
1374
1980
945
1032
1248
793
1459
1218
835
1293
1310
770
1777
1738
1062
1895
1356
555
1464
169
234
195
1521
716
435
1938
1848
333
1632
185
1072
377
983
1002
1351
330
1383
814
239
1782
1055
1618
679
1266
631
230
1916
1958
1914
151
1081
1362
562
1543
1510
357
1532
743
1395
1850
518
1311
593
1628
126
1732
1892
2
1021
81
904
1353
1386
1331
776
857
1805
404
1206
1508
1368
1969
1849
1457
1079
760
1584
525
440
1020
702
33
