970
484
1022
1291
470
428
1802
142
82
798
1010
237
1139
1190
1440
1120
367
1743
602
995
673
1186
825
646
775
152
139
927
148
199
1272
226
1483
1625
1144
593
248
888
1355
1549
572
524
1386
930
1507
1505
1183
30
1547
1192
635
404
952
1296
1153
1351
211
459
1181
314
182
432
941
1335
1366
130
1162
670
1541
1658
532
392
910
1643
826
1586
46
913
77
1128
180
889
141
1804
1717
1397
805
1991
1429
548
1489
1994
98
1962
528
353
586
1614
1702
43
782
340
887
1758
173
1343
640
1142
1428
1317
487
1633
1270
1689
1023
369
1779
823
1263
707
838
1510
88
1988
1456
587
75
1499
1161
1209
624
370
772
249
1422
1626
1964
976
1309
401
615
857
1574
1954
653
690
1916
310
273
1395
686
847
1013
682
22
1212
1519
1016
1565
234
808
201
1158
1599
170
504
1960
618
1738
364
643
1659
1852
1298
1556
1609
1029
1038
663
1545
96
160
1566
1198
19
451
1378
1783
476
1856
981
781
1019
1848
1292
1100
715
1321
1671
1951
458
1535
501
372
612
1672
1006
627
1350
935
1404
856
154
1553
1049
485
709
1204
1653
1995
1261
519
481
728
858
1265
1950
187
441
1679
1958
380
1110
45
1724
435
208
346
1569
512
777
1987
298
819
1033
743
38
324
702
687
61
945
1307
1902
1336
898
165
1361
1656
1759
1607
1676
1713
1898
1784
729
983
1403
1829
0
1340
3
783
92
1449
240
455
138
613
387
667
320
1115
1528
1730
1555
373
1893
275
660
287
1835
8
926
801
656
1259
1793
818
1651
1143
205
1104
1467
303
746
720
546
1014
1819
735
1311
1007
147
54
59
206
133
922
1384
1346
358
1942
577
840
1709
1498
924
1642
204
929
730
936
1823
784
183
1131
955
975
1818
764
1666
1634
684
1299
648
637
1305
304
281
216
1647
1262
1850
795
176
634
1468
166
881
567
1171
1558
83
149
1554
1542
789
1963
649
232
745
722
179
886
1881
494
242
907
588
1941
521
107
167
1792
1619
861
268
1031
1423
585
1777
1815
457
1086
1040
222
94
1430
1191
1707
266
1225
291
1163
1388
145
573
475
712
1377
1956
1975
246
1252
1949
994
1338
699
1798
1401
516
1837
1688
1913
623
1741
1584
1682
1111
752
1304
1844
1443
461
1998
957
80
917
944
25
252
137
493
954
1588
1008
1072
1416
900
1943
225
1452
1636
42
1531
329
119
1854
175
1539
991
1917
335
1116
1874
1966
1927
1632
911
418
1165
1194
397
731
734
1678
1680
668
1768
1020
1177
52
625
597
1080
1513
704
697
1368
1203
1772
468
32
1220
1849
1488
333
253
1853
1043
1269
765
1216
757
608
1667
449
464
1353
688
1698
1493
1593
427
762
87
1610
1591
1172
1387
853
1832
198
1473
1345
621
13
210
350
1747
1543
1347
342
848
601
951
398
533
827
1526
1495
815
1455
319
146
622
1424
331
839
1889
553
849
535
867
1141
117
1479
1121
168
669
1002
1537
1090
1046
36
1431
360
1222
1715
420
1708
529
1009
1199
676
938
1808
800
862
172
845
1620
177
349
807
1290
1202
1492
1710
1550
1257
1530
1243
1703
1268
251
1534
1405
169
909
1289
1627
1402
1674
1624
1560
890
18
628
1085
1376
325
1504
806
1125
1816
184
1673
1478
1446
1524
377
1629
1119
505
1518
1775
1322
1879
78
247
283
218
1015
1330
1605
1598
726
1809
81
1502
433
308
132
1412
1811
1382
65
109
1538
774
128
50
920
1762
1091
1231
1284
1855
143
1206
511
1133
1974
1622
633
1871
1993
233
1318
1863
1931
452
740
693
804
977
556
1875
1699
1466
1485
1765
97
1771
261
1328
1700
1313
1297
527
321
1742
1745
1083
1092
1282
579
262
6
95
747
919
1644
1235
1301
738
393
1245
41
701
1359
189
1462
1065
650
1996
914
162
1042
1147
631
498
666
1517
1782
338
127
1684
1480
659
739
1788
1695
386
376
661
883
1108
809
1521
1124
72
1415
892
49
908
1546
1021
181
1957
328
575
1925
1360
503
68
1739
10
212
571
1882
1532
1797
1681
607
1421
636
1211
1744
195
1900
1880
792
1920
830
609
563
523
1615
1394
1980
105
1662
250
151
1500
692
778
507
1184
1590
1294
1367
696
814
1219
544
1436
860
1349
1238
24
463
495
53
1511
106
1460
893
1123
1098
837
1735
1434
1490
1501
979
1860
1458
322
583
288
1595
1136
1057
545
330
1576
1491
1393
1872
520
136
1821
832
1919
756
1582
549
802
1947
1448
1140
1648
215
1736
1926
1358
1152
1572
144
1218
1932
1052
863
1026
998
1976
1623
1300
915
93
1017
1985
1398
1831
967
1945
1303
1640
1645
1018
86
259
1285
654
993
1817
1930
672
894
1813
581
1264
1814
1341
710
1327
1973
638
1320
444
534
1838
1923
278
111
12
582
791
422
1475
1800
153
1274
1193
1025
438
1701
1892
1130
1323
1948
1790
1232
1476
526
972
437
1459
732
1718
647
39
1690
326
1635
244
1419
902
1408
1293
305
1418
1939
1551
1903
1331
675
906
155
812
665
779
662
356
159
316
1579
289
1661
1258
1836
1389
1803
1122
1071
1697
1054
31
885
713
655
540
1971
1145
1726
1200
467
749
873
200
1316
619
1239
959
37
56
786
1751
1512
301
678
1989
1841
1256
1413
409
918
1525
270
114
466
1646
1426
343
1608
110
