185
1651
840
370
481
1610
738
1866
153
729
1333
1547
280
429
1953
518
1389
1647
1100
1812
1720
1901
1986
688
1084
46
501
203
1725
1394
1592
823
1948
1918
742
1873
362
406
137
899
869
1712
41
744
1624
1112
1485
1176
175
664
361
1356
256
363
909
1535
1902
714
1533
1271
1147
1544
139
1094
1591
1194
1890
821
679
1243
1518
1594
1167
1794
1995
412
1879
399
1884
1853
299
1666
1644
273
1854
147
1949
36
1896
1149
1257
1752
1223
388
76
1256
1201
1697
737
1848
1327
92
82
1278
54
570
532
119
209
98
207
844
1543
1378
1067
529
561
1103
1061
984
1889
1737
458
1564
1204
1231
1584
1951
1003
1964
1607
888
1357
796
358
1724
351
1249
614
452
1822
1955
722
1837
559
1214
1288
1119
1436
1315
1987
1210
554
1893
769
1536
495
1076
1460
1308
1328
202
1534
605
768
792
543
497
169
1488
442
1529
297
1570
268
759
446
1435
1574
1871
1844
1869
40
326
575
1095
522
1132
1432
1938
491
764
1326
334
444
373
5
641
740
1676
1743
1330
1453
18
1274
1268
504
1657
557
1642
1037
85
597
2
572
1398
328
861
1342
1813
1235
800
1299
183
1878
1985
647
1900
233
1579
1495
457
1341
364
1429
131
1767
39
1967
1069
117
83
1679
1629
1019
1461
1007
9
466
1721
1668
1239
1548
1935
866
1292
1506
1605
1262
350
618
191
347
1463
72
436
1186
1691
392
1865
156
7
937
676
101
146
1484
341
604
287
1641
1027
876
1846
514
327
141
1306
548
1802
1036
496
893
1545
252
1750
672
551
853
343
410
269
1832
970
1740
1904
1221
1141
1635
521
118
1820
1619
1128
910
1558
1565
1209
701
1344
944
10
1170
724
1412
565
1943
962
1956
960
1872
1104
1287
260
213
422
1977
1540
1157
1686
812
1075
1197
635
758
1937
1976
872
655
1421
563
545
1492
856
1719
846
645
1876
398
1994
1217
1672
1224
1200
1656
11
1282
622
208
1218
991
778
1091
1796
1921
219
906
1039
19
1196
1358
1455
588
680
774
1847
626
1860
1465
1585
112
698
348
1628
1818
1276
1682
511
1331
151
1419
1272
1637
632
1645
409
781
1351
1323
1798
161
318
1187
854
476
1769
234
1077
1159
377
1924
204
1175
1118
1698
1120
723
1388
396
1071
1322
259
1913
367
1434
1805
977
540
741
184
1420
1960
394
704
291
1916
1366
593
586
1130
323
1180
1868
49
485
1386
144
214
1759
1085
293
315
1685
1286
1258
1531
369
1035
186
286
181
1425
670
639
1087
798
1971
1024
727
985
512
584
127
125
443
1164
979
1561
468
1060
1512
547
414
1851
838
1250
1336
56
1329
1314
