147
465
1864
510
1006
223
217
1523
1788
1436
295
1122
1508
289
457
1216
749
679
1163
1074
469
1405
1388
1793
1129
894
1314
492
386
897
245
1618
1738
1874
857
644
656
1968
294
1501
590
1280
753
182
542
1694
751
789
1393
1300
1454
160
1565
1557
1252
597
1270
1121
1478
351
47
317
1118
195
436
1935
1579
1423
1773
1539
794
964
872
186
651
1175
828
1607
1036
892
1898
68
1439
1476
1301
122
1937
610
1168
1707
180
1360
675
1091
264
573
1162
1404
1829
153
1927
532
1349
1348
468
566
173
304
643
1847
357
1099
13
23
1540
1625
1312
662
293
908
450
291
1403
1971
194
1248
398
719
1347
22
1883
1188
1622
824
343
438
79
1327
1148
1355
1315
1493
541
1090
1550
1989
1566
1154
1910
1590
120
62
1580
1513
1669
1116
1380
1004
781
44
363
1926
783
230
1048
1103
716
879
1024
635
41
994
1254
843
1826
380
748
1934
1824
1059
261
951
925
799
431
853
453
124
1209
1608
1605
1510
288
1373
1075
1509
159
368
1241
1431
