138
298
805
1902
1873
300
1350
1196
847
899
111
176
1282
497
454
268
344
1821
413
830
368
177
622
437
1653
814
939
1546
142
1809
846
46
259
688
667
429
80
1513
1830
54
614
1039
600
1630
1812
491
53
310
1444
1944
352
1318
76
617
747
1533
1524
570
57
353
868
1619
618
1017
864
223
211
74
1205
1142
997
38
101
981
1882
1492
635
816
1334
914
1894
1837
1850
319
1004
583
1073
1511
750
1281
1947
446
1613
241
122
1049
271
6
324
245
547
793
1643
282
774
1910
1608
1676
790
695
1526
780
1495
798
126
1709
1985
1687
509
247
150
1609
1538
1020
1622
235
1315
1680
179
745
451
843
1215
1211
1988
1820
1182
1671
130
517
754
1502
605
307
1235
836
1355
1191
1095
1289
1278
1872
302
1470
1936
791
1164
1578
1885
318
1745
59
1868
1547
915
1600
1968
1522
893
1867
1364
590
1471
109
862
884
1612
224
680
1651
1991
1587
1125
141
519
945
1175
871
456
1831
1091
14
490
1886
1440
1859
1510
261
944
264
