1319
1511
1840
1554
840
678
1598
213
1307
389
896
1836
727
1442
1038
473
1159
1833
1614
190
1555
1951
1825
1492
1716
1607
959
1409
480
589
795
1886
1780
495
1548
384
54
967
1560
915
413
299
439
35
707
1095
1153
1339
391
981
1719
1234
75
1793
533
174
1065
44
801
148
1068
764
668
697
165
1216
561
465
1112
282
1818
145
793
1446
1872
1237
319
732
1052
1750
206
573
1007
1568
622
322
5
55
1592
1685
663
1838
755
1937
80
121
1229
645
779
1004
1005
1239
1786
1624
543
1639
1190
1433
1676
16
685
923
1041
1633
266
317
371
1169
157
1427
1843
1332
1605
1274
1856
1218
1075
1501
1019
1797
1513
928
688
980
821
1191
1721
808
640
1620
1807
1627
306
15
525
843
338
1437
816
1375
1613
1891
1036
1944
375
316
680
1129
1611
336
503
723
893
1643
979
1591
1030
1243
877
1230
1422
1569
814
1324
705
882
1727
1887
396
1192
846
1517
677
1893
1270
303
1920
658
703
1163
635
854
833
560
1003
482
1090
1781
189
1810
1903
358
1020
1773
806
1572
464
499
1132
1245
718
8
604
45
1561
621
1351
542
1453
1346
1111
1852
1240
31
1026
1387
1674
949
112
399
180
1655
1087
489
1828
1863
968
170
1830
208
1707
1325
1489
1769
699
1394
974
773
1393
1720
845
433
1415
1964
326
1418
876
1732
1262
1918
761
1895
1131
1698
1601
1146
1849
252
4
943
1366
461
1770
1564
880
758
1444
1617
1749
315
997
446
1440
953
754
935
1820
1334
1404
1220
1121
1570
1238
1725
116
674
43
988
330
1699
611
1645
1282
334
639
625
1993
1537
487
686
1565
1901
811
930
1515
602
1691
1392
1127
365
1317
781
969
630
217
683
509
1364
506
1541
1953
111
823
1940
421
1226
1264
826
1754
624
824
1743
1985
1381
1171
1330
598
1841
161
377
603
1077
785
1126
820
1421
458
212
343
501
1460
1086
1311
364
1853
873
1266
455
637
1136
526
22
123
414
1012
918
452
1766
783
1955
431
46
1361
1850
1124
1579
522
64
476
1141
1686
1661
1542
1178
243
1261
558
1586
1477
1507
1551
475
89
417
1535
1584
1697
1779
1543
268
557
177
1182
1700
1267
1208
1948
1910
1549
1040
125
1054
262
636
1858
1751
232
872
1029
1936
1250
1278
88
921
370
144
1879
1227
642
25
1490
982
1177
569
1800
1107
1851
14
867
249
197
817
1093
42
1179
484
1527
129
1043
791
1677
1635
441
1717
1210
382
1096
903
21
328
325
521
964
960
1927
1514
687
1232
1787
710
731
1058
742
107
1205
907
1468
1696
746
1463
1711
1391
1931
993
1039
1011
1355
679
1714
1563
