1088
516
1497
704
686
189
1219
1933
1526
195
1938
1450
65
1332
1797
255
573
1977
364
1664
1579
811
1477
244
83
1472
262
312
233
1500
895
651
1747
1856
1638
494
418
1548
143
1128
1626
416
250
1315
1826
171
1470
137
1968
1704
1740
270
442
1105
1247
670
365
1350
1972
1690
1480
1191
403
1573
414
666
1651
1709
477
130
524
79
1349
731
675
758
1165
1614
1295
676
1399
254
1455
535
1339
501
1962
559
1067
1844
956
402
5
1008
1595
1621
784
867
1564
923
1285
642
1303
40
503
1598
1751
332
57
727
1550
1121
1108
227
464
201
1748
1276
620
1960
1982
293
834
757
640
1752
488
371
1730
1538
1058
1912
466
1164
994
909
125
1126
1231
85
1454
772
384
326
398
1852
1154
1287
1879
1199
532
1205
954
1932
405
1558
1212
1703
1961
337
110
1805
1540
391
1676
1169
35
1891
349
774
1776
468
1589
695
1355
1200
1448
733
713
736
550
783
842
221
1190
434
1127
1930
1037
1382
821
1641
1250
1418
37
835
558
1984
1171
1453
1667
855
350
737
460
1242
1594
0
512
327
438
1161
273
170
745
134
118
305
271
378
1010
1971
1384
1318
1646
1257
1569
572
1738
215
1875
993
1585
900
269
709
972
1620
1457
84
1920
1565
1172
1943
638
720
1915
882
291
1795
173
288
1941
500
1518
1670
276
459
1
1746
1539
1325
1040
1221
523
1673
4
174
896
1967
1513
1239
1833
135
1998
257
1809
1419
1592
715
1385
196
981
908
1061
1383
256
1555
1460
1254
1228
1593
1514
528
1512
1629
148
1459
858
1145
99
1106
441
563
1969
1820
1273
518
836
455
264
1354
206
1545
820
1071
1363
1888
96
411
1114
1101
14
1864
624
1547
1416
1838
352
1659
191
986
1835
521
1408
354
626
282
1217
122
373
925
105
957
1681
1433
1726
898
1643
435
216
1866
1322
593
1156
1602
1326
970
1712
362
611
82
194
647
1122
962
621
1076
722
1026
1462
155
1524
209
1543
1493
1241
117
517
487
219
863
1078
152
330
705
102
929
979
1118
1047
1600
1405
1146
1940
1465
1082
63
1206
1767
7
773
1063
914
1157
594
1983
1361
1134
1801
473
893
1996
64
1370
989
886
1508
876
1990
1498
182
1291
1828
1179
343
1807
1262
561
1803
107
883
1716
119
587
199
140
877
1572
482
1657
960
1816
311
1028
1993
570
1561
1511
295
1948
1505
301
888
164
1988
1057
1099
1557
930
1033
1613
1245
231
1000
1310
977
1775
557
1675
1368
1104
980
1280
600
644
1426
6
645
1148
433
374
978
717
1055
1369
763
1974
1708
1413
339
380
1015
1423
592
1194
1994
754
381
1102
