324
1886
638
1659
803
349
1630
1095
1692
501
1842
1950
839
574
1543
1048
1099
1804
1432
772
1899
1222
756
224
1791
1228
1590
1821
45
1789
1067
753
1982
462
1819
1455
1624
187
868
1106
1654
1021
1729
405
370
1964
1251
1545
1901
1478
914
848
569
1664
1725
1161
802
1169
191
152
1088
707
1959
880
1024
1558
133
425
1217
745
912
1493
1599
247
1786
1554
1298
1017
1242
1902
8
1972
884
1515
1101
1345
213
930
1955
239
822
755
542
80
1796
1526
1868
474
1753
532
335
1926
769
1814
232
1943
1239
530
825
1369
1120
695
1190
590
1094
254
61
817
243
1621
51
934
33
641
1817
871
1366
550
1315
1719
1124
376
875
322
1699
1071
1853
716
1770
272
1811
18
60
1158
1669
198
1516
1758
312
566
1404
1388
995
1020
500
360
363
1181
551
1289
1011
1122
1931
19
866
900
1082
126
725
1632
1293
123
1617
1341
521
1296
808
601
1304
991
727
1350
974
1924
1335
1890
1193
1706
1471
1483
1297
351
1748
85
223
777
1419
843
830
297
319
1023
1779
938
776
1920
865
195
1488
983
1179
189
74
1861
1055
1314
792
850
330
103
965
88
141
214
1152
1933
879
364
1768
1125
161
947
1794
1838
332
138
1603
1373
1979
1482
975
933
1969
1663
886
626
1111
842
864
818
1785
908
34
1916
1888
225
1915
399
1444
575
1318
1189
1209
1511
1705
987
237
1485
1684
1449
571
1566
1732
1002
984
201
1282
809
1132
398
165
656
1501
1925
1223
1763
989
1889
445
1262
1739
122
779
1980
1527
951
1346
1198
567
92
464
246
1219
176
1723
1686
403
873
514
689
522
860
164
794
1775
1039
146
1365
1907
1854
1028
293
277
1312
578
1234
159
1003
1059
279
1896
1096
1593
1070
353
249
732
302
13
683
1428
211
541
1549
897
1891
546
1126
1352
177
1206
1170
378
1207
1879
89
1300
720
748
1308
1912
973
106
1497
1988
1390
1949
392
741
1066
834
416
1015
145
925
539
343
218
1107
1757
1338
593
844
1232
1468
771
519
1186
452
1034
67
449
1820
290
75
1116
183
1615
1046
958
209
623
726
1123
1962
673
490
1701
1280
699
1305
1540
1937
1981
1456
1446
205
506
1812
527
978
961
26
742
295
556
1910
281
990
982
291
400
252
799
977
668
596
1700
931
1271
499
1001
1378
1505
1597
69
1437
204
1953
646
959
1884
339
652
531
1716
962
492
916
1445
1852
679
1194
954
117
752
298
1134
1008
1084
1644
1143
294
770
651
255
1825
1238
676
597
1563
639
1517
347
1301
1734
156
114
1588
1172
31
1113
1606
785
1247
269
1682
166
517
1261
1810
168
735
793
1802
861
1642
1006
208
896
1835
1268
361
348
645
928
1652
44
1342
391
1647
754
511
325
1276
210
444
292
1989
1708
1695
182
1850
394
950
174
408
1138
40
206
1185
245
988
1278
1576
1997
368
256
228
149
893
373
1371
488
414
1156
1524
1227
1740
784
549
498
493
1231
1788
747
230
932
317
1539
1560
1452
1200
1726
1476
560
1387
86
663
1867
1422
1780
1968
229
628
334
1557
820
1457
955
1091
1914
475
812
902
972
1053
127
68
1966
1509
81
580
1204
1480
607
1727
216
1971
1762
657
1746
477
119
1160
352
1862
1745
625
1128
29
898
999
1326
356
190
804
612
1552
586
1885
12
1550
1998
1771
845
1958
797
1397
823
599
774
921
329
497
120
1860
1595
1776
1439
1443
620
1349
787
1585
1538
396
881
841
1640
1063
1681
1667
1299
1267
1220
994
1359
634
234
1450
589
740
964
456
762
885
1954
1290
1754
124
1226
1656
1520
1188
288
647
709
428
662
658
340
1396
196
358
1019
251
553
264
1310
377
946
1653
22
1999
275
362
1013
998
979
627
9
743
1840
1715
1401
1068
1347
132
434
1592
831
1683
1074
1589
1918
455
516
1532
266
1613
544
935
178
1042
655
1523
476
179
801
263
1728
283
1155
1211
1491
130
267
1494
1580
858
788
107
1831
200
1129
409
1795
1196
1431
1264
1089
1546
749
261
1610
1575
1883
1426
1027
1029
1248
1407
773
512
23
1572
1828
172
677
43
1797
433
1564
1637
419
1050
1569
1041
1208
14
270
684
24
533
423
1648
889
1976
1246
1201
1145
1903
610
524
21
1142
1544
619
1614
766
1874
1357
100
1741
1717
855
767
642
1018
618
365
307
765
608
1843
78
669
134
1877
1841
1462
1108
41
1334
1694
426
1818
518
585
1645
985
184
819
1826
153
1900
1673
1936
1845
856
175
167
734
42
131
1602
1356
702
1919
1792
1176
640
905
186
878
1571
384
163
604
95
1321
1641
1859
537
535
715
1730
1392
1072
128
1307
1995
807
305
58
310
181
235
46
1710
1118
1079
1584
273
1098
1182
730
469
1528
1784
1383
72
1159
1709
1464
1270
1463
1766
853
1837
1416
193
1484
609
682
285
1855
674
412
386
79
116
502
904
1923
617
970
644
482
1037
96
1690
1587
1073
1816
1151
1313
101
582
672
595
1360
1173
739
248
1255
948
1303
76
1381
783
203
1102
1469
613
1666
1618
331
1275
1322
1778
336
1081
1105
1993
28
395
1337
1947
561
1421
993
1801
632
1272
1149
6
686
406
1180
1499
903
1774
1492
909
1233
1254
1336
840
262
1680
1273
526
194
38
805
1139
108
1635
