1680
275
320
1898
1069
1644
630
17
1050
247
882
1969
556
1289
290
184
1078
1120
214
669
1206
1172
1520
1489
441
400
1076
1665
1774
1880
257
1162
1687
248
681
387
496
1374
839
278
869
355
1995
447
1859
1666
1264
1593
75
764
1781
719
1539
791
208
1145
1522
1060
1281
702
1354
207
1809
709
1010
1985
44
1068
1193
199
426
652
1596
1543
239
1870
457
1427
953
1618
444
1669
1921
111
131
178
1856
385
221
1676
986
55
1594
938
1444
796
1908
512
1632
322
215
975
89
1029
1316
1372
420
1247
944
890
931
756
1055
1149
982
825
1570
54
1746
1413
236
1447
1744
152
739
1942
541
1813
1909
268
200
1274
1861
1777
560
1130
1924
1317
547
88
1885
530
884
1519
972
1762
610
1998
1786
1187
1622
1075
846
80
1912
82
822
1740
707
565
287
1700
180
1405
910
879
101
1007
352
1263
945
1625
1527
1649
662
87
1307
1342
829
1074
336
60
623
438
416
797
1081
443
894
1118
1261
1333
1932
1647
1443
1314
1352
196
85
905
483
603
1662
948
566
1108
537
1483
522
1059
612
1966
1190
1828
1334
96
1690
1871
1982
799
50
892
142
394
422
1711
130
241
358
468
1686
1830
1323
179
1088
272
481
1657
577
1330
1064
663
16
1838
162
1671
315
1484
716
285
528
636
1451
269
1390
1348
1823
750
506
1425
1375
1945
1140
1364
792
206
484
74
1825
989
1819
672
1233
563
1053
381
705
810
1155
117
1702
1695
1320
585
977
493
1232
218
308
643
238
718
1755
1600
1137
607
376
72
1067
599
384
1941
567
553
1832
1196
1411
1293
634
176
453
1016
79
650
554
1203
363
1227
1158
1976
1876
1331
1959
801
1905
1192
631
1713
151
398
464
1804
125
1525
1751
755
1392
1776
1768
1336
1176
678
589
188
1086
1369
1709
1246
889
301
1171
1848
1065
725
1886
583
815
1419
1526
771
499
24
30
1712
874
231
696
1474
19
1767
33
926
877
1837
104
580
695
778
997
1256
1735
1518
1495
171
594
306
1504
1302
568
1779
888
477
1471
1403
761
210
470
720
1648
1736
1142
1707
1325
204
1303
1070
1146
885
793
575
1807
1651
1847
848
1102
637
1715
1626
998
1656
576
1888
14
693
1156
1485
927
51
471
1742
1818
161
1920
1627
1906
664
1267
933
1
994
1109
1198
67
1501
219
1136
1507
1961
675
354
978
1741
527
1417
144
1020
1699
1953
1015
224
800
187
593
655
1123
641
1763
1018
538
787
649
1587
353
1179
1977
604
410
1569
1178
775
1324
1624
1272
1439
865
608
1743
849
1013
1866
726
127
573
965
1910
375
1733
1730
166
158
136
1048
1223
1305
1784
1416
1148
1645
1583
932
421
951
1769
581
727
508
852
1783
1035
1582
841
198
656
956
86
520
76
365
296
1892
1240
1603
845
1981
532
1913
1611
1249
1599
967
1706
1551
555
632
1290
53
740
784
1201
1881
1585
1801
1972
1940
415
1554
743
458
722
971
962
1122
806
615
356
1792
811
327
842
1948
1674
41
1878
1114
1664
332
887
1271
189
1453
1127
488
191
1144
586
870
513
671
1490
1541
35
676
759
813
42
1642
1132
769
395
428
773
1614
165
1437
1279
156
757
929
401
368
536
694
1728
403
1033
1393
126
730
1789
1868
1265
1376
1115
1424
397
614
1577
46
1093
818
1721
798
440
1717
832
961
1929
990
820
369
1482
1090
391
145
803
1529
1239
1133
494
1404
323
1458
1883
526
1684
281
682
411
883
521
500
392
564
1761
1602
132
935
492
5
1220
858
1500
1398
1926
1677
1181
550
844
65
1296
930
1795
688
319
906
1697
1054
432
1003
2
1242
780
1965
1236
1160
1344
123
1079
751
1049
1043
985
600
246
1765
114
731
1141
518
318
1726
1166
1367
1084
776
741
439
1085
459
1590
1340
1254
1714
1855
1027
1588
1653
1138
1737
823
226
1967
937
752
229
1215
1514
128
914
1163
1098
1923
1442
1704
1928
860
1299
1226
203
223
341
1359
1887
84
1873
699
753
1601
273
1106
1739
469
925
505
462
1896
904
66
1009
105
1177
346
1494
1104
1710
1572
1469
58
7
260
1241
1040
1300
1635
646
642
1184
668
348
1621
1708
539
1370
389
1234
1121
1575
1248
561
1380
837
1395
959
1412
1350
1379
754
1308
862
703
1347
1446
1758
1319
276
1204
0
253
1922
1454
1326
1062
690
766
235
62
1037
436
834
1836
691
1175
399
1992
866
1225
1811
362
386
715
941
1567
1984
843
170
502
980
1605
1607
1357
1508
1366
1089
342
475
1568
915
970
920
627
760
684
515
574
1058
284
116
1030
794
264
310
1869
674
124
876
1080
957
1503
373
379
1361
1935
1879
1463
455
193
1914
143
1683
250
446
592
549
1327
408
899
212
1760
1077
919
487
1407
412
1558
1280
1544
1440
36
1237
423
39
534
146
1131
1441
1534
259
242
402
1096
902
413
1640
1991
1971
1216
1805
1266
995
1980
1802
234
98
1988
120
644
1874
1028
1990
891
552
1796
819
569
3
49
181
587
1798
270
1532
1718
211
1829
388
251
928
1889
916
1658
1800
1831
976
1253
1933
1480
814
307
1292
1259
10
1863
638
658
540
1654
1461
1911
1351
460
339
1199
154
1939
1791
43
1919
1041
1764
1394
169
324
1773
1916
1566
1301
1313
1865
461
523
