509
1518
1060
383
1187
420
1059
330
1255
1592
600
1253
769
1136
53
49
1463
223
1094
1280
1354
1138
319
1696
864
138
99
177
245
1095
1729
1230
804
1107
548
184
1224
1310
969
127
702
1322
874
1472
1667
293
1243
888
798
1816
1524
1467
1128
1122
1945
1436
1723
1244
1290
1460
1087
450
1738
1640
1135
1405
1600
334
513
1882
1566
340
1486
1443
893
237
990
446
577
1685
1474
280
1939
1333
1363
252
741
1588
247
751
13
189
596
1870
1962
1008
160
560
1112
1666
1840
1779
1557
236
725
1714
1236
1567
670
1775
842
1241
591
1706
580
14
1262
1734
493
643
1165
1946
573
1031
220
148
443
957
1662
620
335
685
482
273
1623
240
1371
724
362
588
612
314
1824
309
1897
508
595
1305
1167
688
1175
1478
104
800
422
1207
52
1762
1929
1616
841
1664
594
343
1202
1103
1201
31
1916
747
903
599
900
1837
431
1613
546
1168
402
378
1857
1608
1658
1526
709
180
655
1829
1321
1065
389
1530
69
727
677
586
1730
1380
173
324
1926
1764
1004
1554
627
1944
51
839
1806
1213
1129
1652
1686
1766
658
979
1257
1510
1110
1873
1999
1158
303
1832
590
1469
1778
263
1235
1180
202
1602
1950
1223
1751
703
1373
54
1029
1372
974
1780
1316
992
991
1622
1001
1484
1081
572
5
861
1251
908
1154
121
1974
372
686
895
357
401
218
664
1157
1286
1362
1943
676
1457
1083
951
1996
297
821
554
12
1215
33
1278
1679
875
1969
1142
1914
400
1535
994
152
1271
1335
537
1172
1218
1874
1864
1520
103
310
36
92
629
377
1570
1452
1413
710
428
1915
112
654
1113
1330
1077
1848
1573
62
1823
763
1689
829
1375
550
1957
890
1951
1581
1398
1292
17
395
1699
1854
465
1994
792
367
477
1064
636
1799
261
838
1002
624
524
466
1125
1214
528
326
723
818
1360
1597
1975
300
430
1288
1015
91
913
1366
1041
879
1757
1089
1132
1705
1395
897
519
1471
253
1542
134
24
1536
1910
333
275
674
633
21
1086
1635
1772
1543
38
1754
816
1430
1080
579
1323
1053
953
832
1204
168
26
20
1977
1482
947
1972
115
1598
361
1464
1211
274
981
469
698
1346
1839
462
229
1351
350
1519
608
353
427
23
356
1501
1260
1894
1671
1940
108
478
1488
978
1076
1400
8
298
1585
1788
1014
850
1830
1721
812
830
1149
342
212
1589
868
66
748
844
1843
666
65
556
157
522
794
1426
848
1446
569
1694
1683
1648
1013
916
514
27
267
285
190
536
610
1512
1073
55
439
1552
1614
1248
825
1295
336
1980
1527
1878
238
154
479
813
1630
984
928
1408
1596
817
360
329
241
883
405
630
1307
980
1759
460
1625
1938
231
1267
988
1509
4
1702
1308
429
1209
778
1988
533
613
1935
363
1162
1968
1184
396
662
59
921
1876
639
1890
1617
1448
461
332
171
1569
217
582
1752
881
195
1984
567
201
846
40
507
1749
246
151
1642
1433
898
1036
1252
767
1181
1384
1717
1747
1774
244
161
41
918
1756
1131
788
1364
153
79
93
1875
1983
1383
525
1365
296
1497
109
691
476
299
1921
611
1045
1861
1000
1052
1483
589
828
1183
822
117
504
233
1361
392
878
1159
264
501
1403
1164
1348
410
1096
1047
1982
683
843
932
871
1676
50
1953
1784
403
387
877
1718
904
1719
758
1239
1382
364
44
1498
1800
346
690
1470
1084
228
1003
1240
262
1264
1006
1692
1901
1458
1995
1396
757
1353
889
975
492
882
517
1539
206
808
544
697
1296
1420
1171
863
1020
1822
1332
1548
1325
1626
641
192
498
1919
1070
271
714
1022
1758
1419
1515
256
535
786
1173
1097
9
966
1417
224
213
170
1285
436
1665
1494
35
232
667
1892
1381
1093
1105
811
1341
1872
840
1836
1651
266
1549
1195
1161
1868
1767
1634
621
531
72
1661
1771
384
669
1127
1416
1787
1761
1561
341
1744
458
938
1991
1434
1559
516
1046
831
1793
418
497
1265
1720
1117
1287
1249
1090
289
559
1429
473
1032
1318
1986
1670
1258
737
730
1802
720
1827
1606
1783
1068
290
1537
1012
94
647
1418
1026
1681
97
943
165
82
1234
227
413
1769
1741
1964
1869
648
650
1834
1385
215
694
1044
1695
973
2
807
445
404
136
95
1615
671
1677
371
1841
1763
449
397
188
214
606
1649
16
1304
1473
1867
899
1604
1934
1755
1607
542
1238
689
585
1412
1100
942
555
1282
845
486
276
541
494
315
1504
545
480
810
692
1639
58
622
1428
1842
779
1177
736
102
570
119
910
1038
67
1595
1631
1102
532
1306
700
1560
481
1198
32
549
394
1700
235
1577
1340
1203
1479
48
123
1229
1049
734
619
132
1952
705
359
317
355
1099
1358
1612
255
76
1027
948
1220
1281
773
1300
1675
1118
1404
1838
503
118
208
1284
930
80
96
1376
679
1657
1
1461
603
259
1256
1199
1546
940
178
520
797
1654
1674
1927
815
181
1329
1745
1313
833
1568
1880
860
1551
415
820
365
191
126
1821
1976
805
922
110
607
1456
1078
1442
1638
137
752
1620
417
642
615
1628
1973
327
1355
617
1005
270
1010
1540
1437
1605
761
1534
1170
1415
583
1289
1794
853
704
977
1531
716
1879
1553
1645
29
1748
1432
1338
1862
182
63
1517
1737
6
759
1627
565
338
