982
12
533
76
281
399
1049
1308
965
253
1912
78
809
923
1913
1568
887
995
151
314
814
1115
630
1146
1918
1285
254
950
1673
968
1020
991
1121
1068
1814
619
1637
1956
1892
1813
1937
578
1367
118
1213
1698
490
1862
337
74
239
1131
1718
96
1091
158
414
928
990
1730
1178
267
1883
79
820
428
1418
838
1751
240
362
816
1860
867
1162
1368
59
1423
1880
728
836
1447
280
670
488
629
190
342
1349
1371
1793
478
765
51
893
538
94
466
1444
1291
1010
1625
216
1605
1884
1085
20
178
932
718
155
1985
546
1970
67
1619
1513
1187
60
188
88
1608
1014
1200
1678
457
1309
1787
627
1386
1289
648
817
1590
328
1100
1924
658
834
1527
831
850
313
156
915
455
645
1045
393
806
1821
857
1452
912
989
839
1219
1556
25
492
825
1429
1461
1642
739
1979
1437
898
1596
1555
1873
823
1037
1983
874
797
103
1267
1487
1951
456
1904
1460
830
1561
1439
8
1633
101
574
753
1571
628
858
125
1736
248
1288
410
184
