559
1126
15
1548
529
868
1518
1682
1093
86
634
1823
655
1253
1743
968
1002
842
576
99
1440
1468
1831
1891
1466
1091
360
1959
1372
931
1069
862
485
609
1168
598
1882
667
1903
1019
738
1671
1905
1154
1958
173
606
1161
1985
1578
426
1215
1452
1347
1758
930
1873
1146
600
1916
565
864
1656
794
278
525
742
1610
25
1471
470
582
113
406
813
1285
553
772
1721
1495
847
508
1866
1539
1941
720
472
1746
231
1815
792
107
623
1438
811
1417
1219
557
1411
1924
111
1927
284
115
400
614
1760
234
753
189
1033
1811
1124
1542
844
1018
484
1120
1729
1566
1673
1157
1273
1702
493
1579
1928
258
1770
1243
1035
1287
1230
699
648
51
522
869
1064
534
1698
1650
981
1750
856
1511
503
272
1583
1699
380
853
125
596
1600
1651
312
628
1833
580
10
527
1822
615
500
1497
1728
668
397
1663
61
374
1998
1141
1580
1153
1451
1245
1659
1975
970
1238
466
923
251
1874
1279
85
1574
799
774
604
1739
1726
1199
130
1653
1082
362
512
1692
155
1087
1152
1186
124
1697
103
963
287
1131
1884
1275
909
477
1139
1056
141
64
67
59
1197
1079
726
1221
170
747
1658
537
381
1137
366
1919
1690
822
1517
188
311
1015
210
1589
1712
681
247
1850
1836
1225
1790
1028
1627
1643
690
1054
948
961
555
399
235
590
1761
666
1434
1516
1365
1370
779
1897
877
1062
146
717
1025
1441
907
1599
949
11
741
1892
1644
1809
1425
1145
1607
1378
996
1662
1510
31
913
1305
333
1680
1858
1413
1096
87
1437
528
436
1678
796
829
84
1203
933
1316
552
1734
758
1294
568
1621
299
50
828
1477
116
1930
1488
1446
925
1625
663
583
586
1523
1193
1057
1298
1121
1460
613
367
1113
1813
1620
616
1222
162
1855
755
239
133
858
474
951
1592
403
684
1687
501
5
1647
1006
1040
1674
554
588
1277
464
998
1896
291
989
1590
812
1132
442
1531
1376
498
330
696
1364
351
1727
1848
1631
1890
627
1117
83
420
701
65
546
1550
1980
150
109
574
1765
567
342
419
1439
408
1955
782
550
1031
848
1159
1918
1982
1104
861
1053
1999
1209
404
905
1810
1443
1092
1444
713
714
44
1483
1484
26
1201
751
137
941
348
937
548
739
935
1491
1521
986
694
1853
1568
1795
392
1424
1233
1993
1602
448
191
1050
710
1762
45
936
1756
540
895
1052
1914
817
823
425
413
112
1514
1261
161
211
1262
179
1320
266
1719
1624
964
1783
1174
980
1119
1095
1789
250
35
952
1898
236
541
315
1933
1383
1907
339
1557
467
662
1380
584
1707
807
69
254
592
1166
1676
1979
1361
457
1921
740
1608
129
1605
955
341
1078
1929
771
1202
94
1974
455
42
1214
642
230
757
1001
1748
1534
481
1879
785
914
632
1068
675
1508
1469
744
803
878
854
54
1027
1883
1844
515
259
1077
491
62
603
1696
1270
636
1636
313
172
1297
1751
1250
1549
151
337
618
1787
533
1887
976
672
355
1894
1163
833
1353
1502
1594
810
336
1150
1984
443
797
1340
850
556
147
1856
1623
943
1677
186
1073
1915
1970
1976
1852
486
967
789
24
1419
1373
1377
1072
1136
1862
728
449
1449
787
1753
942
902
965
1791
990
652
1164
1337
182
1536
1860
347
1105
1404
4
1435
1343
1577
982
1475
1876
700
1255
880
549
723
376
1494
932
1493
453
1824
1551
219
1116
1048
890
1080
693
518
1192
1821
1354
307
954
1835
198
217
102
144
1657
1045
212
1266
386
1196
888
1394
1318
1422
678
1723
1576
1074
294
249
1232
324
1286
1949
551
1022
29
653
1252
1738
1995
1149
784
898
56
1183
1044
656
430
944
1834
801
1360
1429
1005
1239
471
1047
1596
1572
1178
640
1128
1538
1994
1334
1869
1946
1042
71
715
1317
395
1256
994
1954
777
1210
356
659
36
1960
70
523
270
959
1526
1778
1098
644
581
1817
370
1366
1522
496
117
63
1107
1861
669
716
984
1375
855
1781
881
1635
285
595
680
1829
1321
637
1967
1683
335
256
1784
764
1837
300
169
456
1609
240
353
1586
1122
1840
1039
1880
756
190
195
391
19
394
1302
1248
816
352
709
940
192
120
762
752
1264
388
292
432
901
1688
718
1779
917
1593
309
1293
1669
1544
1584
280
532
1888
729
707
286
308
1961
1628
988
289
1162
1160
786
1328
1775
1803
962
705
607
722
911
626
836
226
1258
918
34
734
274
281
687
1017
414
1487
1241
41
1496
121
1711
244
1
1520
478
1430
18
96
1341
1207
542
1084
1899
1349
610
708
876
1603
1859
304
1530
385
545
1420
1447
296
1661
1130
915
749
887
242
156
431
1618
1562
1769
81
461
1904
934
1947
1703
1830
1189
682
283
1234
1402
872
140
1771
893
409
1709
761
1615
958
1271
1489
1800
1306
725
363
1187
579
571
163
1847
646
290
490
838
429
412
544
1962
1716
298
1872
763
783
1565
894
1972
820
645
1371
1926
654
798
435
1012
835
625
232
602
1535
357
1923
1695
1004
1148
1013
802
1598
171
148
624
605
480
497
229
1920
350
1140
520
1142
1911
1969
438
612
1464
1714
594
1776
1442
164
938
1173
643
1788
1231
128
487
543
1570
1839
159
22
1474
1281
57
921
703
1352
279
1051
12
91
1393
427
1718
