1899
715
1156
919
448
1934
1003
1341
889
1818
613
1125
693
1169
1051
1711
1085
1679
1056
244
1767
1793
316
56
1406
79
1225
647
1190
1813
538
899
759
730
221
665
1074
421
1473
5
17
484
1591
1699
1870
1938
1572
7
948
43
551
935
1891
476
724
944
327
28
1882
219
705
188
1338
267
1131
368
1314
1672
794
743
1323
1748
1843
650
1168
1388
995
19
653
292
1261
1620
723
1483
1290
350
633
515
1775
1630
1515
2
1188
389
1838
1845
536
1053
1387
988
388
1390
308
254
1137
146
1127
609
1648
47
1623
1453
314
503
1104
1868
1919
1564
1150
1472
731
880
1735
1110
1274
550
1009
584
739
1013
1841
1484
775
1903
637
169
1061
213
887
234
392
1213
827
738
751
1245
790
266
1153
1566
50
1219
1988
1649
39
860
539
908
862
1587
1022
189
621
1776
614
1641
1994
138
1893
1091
498
1766
975
518
1482
1605
1173
1283
1462
384
1537
1081
140
702
1296
1089
615
1812
1321
1890
1267
1768
1402
1275
1043
1557
774
959
523
818
