713
429
1479
1007
1942
1881
943
760
624
357
870
522
1755
1004
353
284
1129
940
1487
485
1273
179
553
1062
11
1696
607
1248
327
1977
1947
551
1842
226
13
1345
175
1040
963
1594
1432
314
30
1559
854
1840
761
1135
1633
657
850
1318
1606
1595
649
560
644
957
505
1308
403
51
461
835
874
723
692
209
1735
82
823
752
602
1212
480
904
1282
598
1200
1634
750
217
773
1839
569
786
1108
146
384
1071
1242
86
273
121
1911
1076
477
1946
958
1794
1119
1269
967
519
888
59
234
749
848
1702
1321
1689
120
935
428
1874
1739
1053
62
1710
1576
1232
770
276
839
1431
1105
1590
1160
529
1410
1229
1060
482
1150
825
1413
956
236
1975
508
618
1618
294
689
405
1494
595
439
1017
620
1898
1675
1637
855
466
231
910
123
1546
662
1699
1745
1815
1458
1722
487
656
814
596
91
641
736
1313
1600
503
1931
1688
1203
1917
1038
1133
808
363
421
180
776
77
501
311
705
1359
1384
427
211
1701
1999
144
792
16
