1194
1849
577
1605
201
931
80
1882
1314
705
1326
390
1773
1759
1116
1822
1953
981
1493
658
120
1267
1093
994
406
1734
1799
511
1923
627
998
768
305
67
1908
1168
105
1808
1879
1617
1520
1587
856
1011
539
727
269
7
950
1526
1142
852
1942
492
184
1861
1415
294
189
1576
1305
1334
1025
1721
178
1894
1303
1684
1371
31
1899
405
1077
249
570
460
1787
1158
1791
1823
397
1130
537
562
1167
1333
971
1043
98
1391
1957
351
300
430
1211
1744
972
302
732
1036
1803
1124
498
1674
1891
1500
144
1177
156
209
1494
1834
868
992
928
731
532
50
1421
1190
806
819
1643
1742
1549
1170
196
566
1430
457
212
1505
161
1667
625
726
9
1827
930
159
1117
1478
1219
1180
1579
668
117
1154
1650
1577
320
902
1409
814
1151
794
648
274
309
1375
1357
873
170
1382
217
957
1395
853
963
1924
1218
13
1748
549
1023
1275
62
335
879
1423
1890
1664
1641
740
1312
851
1647
914
1519
1792
1543
129
462
1946
1604
1581
1904
828
216
311
