291
1751
1966
885
1749
1856
1494
1129
365
1794
123
884
1884
1335
1804
480
75
178
1130
878
1124
1539
926
1049
698
79
1837
549
1295
726
229
271
1417
427
1521
1008
1326
1079
804
278
954
1275
1700
865
107
616
644
900
431
928
1345
330
1623
1425
1657
625
1952
1945
1558
1019
1648
1550
1361
589
478
1146
120
113
1659
996
1561
575
1167
413
670
1704
1370
211
1389
402
348
520
1846
195
1252
642
43
1644
922
1266
155
83
1630
687
504
823
694
1595
428
1880
325
16
940
1529
1349
85
293
1445
465
765
1687
1915
530
1233
810
1673
923
1771
754
435
1073
1010
196
583
964
1155
931
347
790
1036
32
1144
24
1632
1993
1788
1446
1581
370
1307
168
1464
1523
1112
135
734
791
311
1507
1048
714
1428
958
1853
693
359
761
1254
474
1961
1286
1933
1727
1692
109
398
1107
1145
317
974
653
1115
111
1172
1612
780
1409
819
633
1855
1576
1488
1696
709
1504
588
20
1391
238
1433
300
539
93
233
1343
621
127
1226
100
627
